%Time [ms]	Commanded Torque [mNm]	Angular Velocity [RPM]	Actual Current [Amp]	%9/2/20212:09 PM
0.000	0.000	0.000	0.000
20.000	5.000	-5.859	-0.011
30.000	5.000	-5.859	-0.011
40.000	5.000	-9.766	-0.015
50.000	5.000	-9.766	-0.015
60.000	5.000	-9.766	-0.015
70.000	5.000	0.000	-0.022
80.000	5.000	0.000	-0.022
90.000	5.000	0.000	-0.022
100.000	5.000	0.000	-0.025
110.000	5.000	0.000	-0.025
120.000	5.000	0.000	-0.025
130.000	5.000	-7.812	-0.035
140.000	5.000	-7.812	-0.035
150.000	5.000	-7.812	-0.035
160.000	5.000	-29.297	-0.018
170.000	5.000	-29.297	-0.018
180.000	5.000	-29.297	-0.018
190.000	5.000	9.766	-0.026
200.000	5.000	9.766	-0.026
210.000	5.000	9.766	-0.026
220.000	5.000	-23.437	-0.034
230.000	5.000	-23.437	-0.034
240.000	5.000	-23.437	-0.034
250.000	5.000	-33.203	-0.012
260.000	5.000	-33.203	-0.012
270.000	5.000	-33.203	-0.012
280.000	5.000	9.766	-0.017
290.000	5.000	9.766	-0.017
300.000	5.000	9.766	-0.017
310.000	5.000	-13.672	-0.025
320.000	5.000	-13.672	-0.025
330.000	5.000	-13.672	-0.025
340.000	5.000	13.672	-0.019
350.000	5.000	13.672	-0.019
360.000	5.000	13.672	-0.019
370.000	5.000	13.672	-0.033
380.000	5.000	13.672	-0.033
390.000	5.000	13.672	-0.033
400.000	5.000	-23.437	-0.038
410.000	5.000	-23.437	-0.038
420.000	5.000	-23.437	-0.038
430.000	5.000	-9.766	-0.025
440.000	5.000	-9.766	-0.025
450.000	5.000	-9.766	-0.025
460.000	5.000	-25.391	-0.043
470.000	5.000	-25.391	-0.043
480.000	5.000	-25.391	-0.043
490.000	5.000	11.719	-0.035
500.000	5.000	11.719	-0.035
510.000	5.000	11.719	-0.035
520.000	5.000	-25.391	-0.012
530.000	5.000	-25.391	-0.012
540.000	5.000	-25.391	-0.012
550.000	5.000	7.812	-0.026
560.000	5.000	7.812	-0.026
570.000	5.000	7.812	-0.026
580.000	5.000	-21.484	-0.008
590.000	5.000	-21.484	-0.008
600.000	5.000	-21.484	-0.008
610.000	5.000	-5.859	-0.014
620.000	5.000	-5.859	-0.014
630.000	5.000	-5.859	-0.014
640.000	5.000	-27.344	-0.021
650.000	5.000	-27.344	-0.021
660.000	5.000	-27.344	-0.021
670.000	5.000	-17.578	-0.024
680.000	5.000	-17.578	-0.024
690.000	5.000	-17.578	-0.024
700.000	5.000	9.766	-0.041
710.000	5.000	9.766	-0.041
720.000	5.000	9.766	-0.041
730.000	5.000	-19.531	-0.003
740.000	5.000	-19.531	-0.003
750.000	5.000	-19.531	-0.003
760.000	5.000	-29.297	-0.020
770.000	5.000	-29.297	-0.020
780.000	5.000	-29.297	-0.020
790.000	5.000	-9.766	-0.039
800.000	5.000	-9.766	-0.039
810.000	5.000	-9.766	-0.039
820.000	5.000	-15.625	-0.026
830.000	5.000	-15.625	-0.026
840.000	5.000	-15.625	-0.026
850.000	5.000	-15.625	-0.013
860.000	5.000	-15.625	-0.013
870.000	5.000	-15.625	-0.013
880.000	5.000	11.719	-0.021
890.000	5.000	11.719	-0.021
900.000	5.000	11.719	-0.021
910.000	5.000	-17.578	-0.021
920.000	5.000	-17.578	-0.021
930.000	5.000	-17.578	-0.021
940.000	5.000	-44.922	-0.025
950.000	5.000	-44.922	-0.025
960.000	5.000	-44.922	-0.025
970.000	5.000	-9.766	-0.033
980.000	5.000	-9.766	-0.033
990.000	5.000	-9.766	-0.033
1000.000	5.000	-7.812	-0.014
1010.000	5.000	-7.812	-0.014
1020.000	5.000	-7.812	-0.014
1030.000	5.000	-13.672	-0.025
1040.000	5.000	-13.672	-0.025
1050.000	5.000	-13.672	-0.025
1060.000	5.000	17.578	-0.040
1070.000	5.000	17.578	-0.040
1080.000	5.000	17.578	-0.040
1090.000	5.000	-41.016	0.054
1100.000	5.000	-41.016	0.054
1110.000	5.000	-41.016	0.054
1120.000	5.000	-9.766	0.120
1130.000	5.000	-9.766	0.120
1140.000	5.000	-9.766	0.120
1150.000	5.000	9.766	0.121
1160.000	5.000	9.766	0.121
1170.000	5.000	9.766	0.121
1180.000	5.000	-11.719	0.111
1190.000	5.000	-11.719	0.111
1200.000	5.000	-11.719	0.111
1210.000	5.000	-11.719	0.116
1220.000	5.000	-11.719	0.116
1230.000	5.000	-11.719	0.116
1240.000	5.000	27.344	0.138
1250.000	5.000	27.344	0.138
1260.000	5.000	27.344	0.138
1270.000	5.000	21.484	0.143
1280.000	5.000	21.484	0.143
1290.000	5.000	21.484	0.143
1300.000	5.000	48.828	0.134
1310.000	5.000	48.828	0.134
1320.000	5.000	48.828	0.134
1330.000	5.000	33.203	0.155
1340.000	5.000	33.203	0.155
1350.000	5.000	33.203	0.155
1360.000	5.000	46.875	0.150
1370.000	5.000	46.875	0.150
1380.000	5.000	46.875	0.150
1390.000	5.000	44.922	0.139
1400.000	5.000	44.922	0.139
1410.000	5.000	44.922	0.139
1420.000	5.000	58.594	0.154
1430.000	5.000	58.594	0.154
1440.000	5.000	58.594	0.154
1450.000	5.000	78.125	0.146
1460.000	5.000	78.125	0.146
1470.000	5.000	78.125	0.146
1480.000	5.000	107.422	0.127
1490.000	5.000	107.422	0.127
1500.000	5.000	107.422	0.127
1510.000	5.000	111.328	0.134
1520.000	5.000	111.328	0.134
1530.000	5.000	111.328	0.134
1540.000	5.000	109.375	0.157
1550.000	5.000	109.375	0.157
1560.000	5.000	109.375	0.157
1570.000	5.000	101.562	0.137
1580.000	5.000	101.562	0.137
1590.000	5.000	101.562	0.137
1600.000	5.000	142.578	0.123
1610.000	5.000	142.578	0.123
1620.000	5.000	142.578	0.123
1630.000	5.000	111.328	0.154
1640.000	5.000	111.328	0.154
1650.000	5.000	111.328	0.154
1660.000	5.000	109.375	0.158
1670.000	5.000	109.375	0.158
1680.000	5.000	109.375	0.158
1690.000	5.000	132.812	0.144
1700.000	5.000	132.812	0.144
1710.000	5.000	132.812	0.144
1720.000	5.000	162.109	0.127
1730.000	5.000	162.109	0.127
1740.000	5.000	162.109	0.127
1750.000	5.000	175.781	0.132
1760.000	5.000	175.781	0.132
1770.000	5.000	175.781	0.132
1780.000	5.000	164.062	0.147
1790.000	5.000	164.062	0.147
1800.000	5.000	164.062	0.147
1810.000	5.000	205.078	0.149
1820.000	5.000	205.078	0.149
1830.000	5.000	205.078	0.149
1840.000	5.000	205.078	0.129
1850.000	5.000	205.078	0.129
1860.000	5.000	205.078	0.129
1870.000	5.000	185.547	0.121
1880.000	5.000	185.547	0.121
1890.000	5.000	185.547	0.121
1900.000	5.000	216.797	0.144
1910.000	5.000	216.797	0.144
1920.000	5.000	216.797	0.144
1930.000	5.000	232.422	0.123
1940.000	5.000	232.422	0.123
1950.000	5.000	232.422	0.123
1960.000	5.000	226.562	0.137
1970.000	5.000	226.562	0.137
1980.000	5.000	226.562	0.137
1990.000	5.000	218.750	0.160
2000.000	5.000	218.750	0.160
2010.000	5.000	218.750	0.160
2020.000	5.000	255.859	0.121
2030.000	5.000	255.859	0.121
2040.000	5.000	255.859	0.121
2050.000	5.000	216.797	0.128
2060.000	5.000	216.797	0.128
2070.000	5.000	216.797	0.128
2080.000	5.000	214.844	0.146
2090.000	5.000	214.844	0.146
2100.000	5.000	214.844	0.146
2110.000	5.000	216.797	0.149
2120.000	5.000	216.797	0.149
2130.000	5.000	216.797	0.149
2140.000	5.000	250.000	0.128
2150.000	5.000	250.000	0.128
2160.000	5.000	250.000	0.128
2170.000	5.000	261.719	0.128
2180.000	5.000	261.719	0.128
2190.000	5.000	261.719	0.128
2200.000	5.000	257.812	0.146
2210.000	5.000	257.812	0.146
2220.000	5.000	257.812	0.146
2230.000	5.000	261.719	0.154
2240.000	5.000	261.719	0.154
2250.000	5.000	261.719	0.154
2260.000	5.000	269.531	0.149
2270.000	5.000	269.531	0.149
2280.000	5.000	269.531	0.149
2290.000	5.000	273.437	0.152
2300.000	5.000	273.437	0.152
2310.000	5.000	273.437	0.152
2320.000	5.000	265.625	0.145
2330.000	5.000	265.625	0.145
2340.000	5.000	265.625	0.145
2350.000	5.000	324.219	0.154
2360.000	5.000	324.219	0.154
2370.000	5.000	324.219	0.154
2380.000	5.000	335.937	0.134
2390.000	5.000	335.937	0.134
2400.000	5.000	335.937	0.134
2410.000	5.000	332.031	0.118
2420.000	5.000	332.031	0.118
2430.000	5.000	332.031	0.118
2440.000	5.000	320.312	0.135
2450.000	5.000	320.312	0.135
2460.000	5.000	320.312	0.135
2470.000	5.000	328.125	0.143
2480.000	5.000	328.125	0.143
2490.000	5.000	328.125	0.143
2500.000	5.000	355.469	0.121
2510.000	5.000	355.469	0.121
2520.000	5.000	355.469	0.121
2530.000	5.000	353.516	0.138
2540.000	5.000	353.516	0.138
2550.000	5.000	353.516	0.138
2560.000	5.000	341.797	0.133
2570.000	5.000	341.797	0.133
2580.000	5.000	341.797	0.133
2590.000	5.000	375.000	0.117
2600.000	5.000	375.000	0.117
2610.000	5.000	375.000	0.117
2620.000	5.000	367.187	0.135
2630.000	5.000	367.187	0.135
2640.000	5.000	367.187	0.135
2650.000	5.000	390.625	0.119
2660.000	5.000	390.625	0.119
2670.000	5.000	390.625	0.119
2680.000	5.000	380.859	0.144
2690.000	5.000	380.859	0.144
2700.000	5.000	380.859	0.144
2710.000	5.000	404.297	0.116
2720.000	5.000	404.297	0.116
2730.000	5.000	404.297	0.116
2740.000	5.000	359.375	0.146
2750.000	5.000	359.375	0.146
2760.000	5.000	359.375	0.146
2770.000	5.000	359.375	0.154
2780.000	5.000	359.375	0.154
2790.000	5.000	359.375	0.154
2800.000	5.000	404.297	0.132
2810.000	5.000	404.297	0.132
2820.000	5.000	404.297	0.132
2830.000	5.000	425.781	0.127
2840.000	5.000	425.781	0.127
2850.000	5.000	425.781	0.127
2860.000	5.000	423.828	0.139
2870.000	5.000	423.828	0.139
2880.000	5.000	423.828	0.139
2890.000	5.000	431.641	0.157
2900.000	5.000	431.641	0.157
2910.000	5.000	431.641	0.157
2920.000	5.000	406.250	0.142
2930.000	5.000	406.250	0.142
2940.000	5.000	406.250	0.142
2950.000	5.000	437.500	0.131
2960.000	5.000	437.500	0.131
2970.000	5.000	437.500	0.131
2980.000	5.000	421.875	0.134
2990.000	5.000	421.875	0.134
3000.000	5.000	421.875	0.134
3010.000	5.000	458.984	0.127
3020.000	5.000	458.984	0.127
3030.000	5.000	458.984	0.127
3040.000	5.000	451.172	0.161
3050.000	5.000	451.172	0.161
3060.000	5.000	451.172	0.161
3070.000	5.000	445.312	0.145
3080.000	5.000	445.312	0.145
3090.000	5.000	445.312	0.145
3100.000	5.000	480.469	0.119
3110.000	5.000	480.469	0.119
3120.000	5.000	480.469	0.119
3130.000	5.000	496.094	0.118
3140.000	5.000	496.094	0.118
3150.000	5.000	496.094	0.118
3160.000	5.000	496.094	0.145
3170.000	5.000	496.094	0.145
3180.000	5.000	496.094	0.145
3190.000	5.000	482.422	0.149
3200.000	5.000	482.422	0.149
3210.000	5.000	482.422	0.149
3220.000	5.000	503.906	0.127
3230.000	5.000	503.906	0.127
3240.000	5.000	503.906	0.127
3250.000	5.000	501.953	0.149
3260.000	5.000	501.953	0.149
3270.000	5.000	501.953	0.149
3280.000	5.000	492.187	0.135
3290.000	5.000	492.187	0.135
3300.000	5.000	492.187	0.135
3310.000	5.000	488.281	0.160
3320.000	5.000	488.281	0.160
3330.000	5.000	488.281	0.160
3340.000	5.000	511.719	0.136
3350.000	5.000	511.719	0.136
3360.000	5.000	511.719	0.136
3370.000	5.000	511.719	0.133
3380.000	5.000	511.719	0.133
3390.000	5.000	511.719	0.133
3400.000	5.000	531.250	0.154
3410.000	5.000	531.250	0.154
3420.000	5.000	531.250	0.154
3430.000	5.000	513.672	0.128
3440.000	5.000	513.672	0.128
3450.000	5.000	513.672	0.128
3460.000	5.000	500.000	0.146
3470.000	5.000	500.000	0.146
3480.000	5.000	500.000	0.146
3490.000	5.000	519.531	0.143
3500.000	5.000	519.531	0.143
3510.000	5.000	519.531	0.143
3520.000	5.000	535.156	0.150
3530.000	5.000	535.156	0.150
3540.000	5.000	535.156	0.150
3550.000	5.000	546.875	0.135
3560.000	5.000	546.875	0.135
3570.000	5.000	546.875	0.135
3580.000	5.000	556.641	0.138
3590.000	5.000	556.641	0.138
3600.000	5.000	556.641	0.138
3610.000	5.000	585.937	0.143
3620.000	5.000	585.937	0.143
3630.000	5.000	585.937	0.143
3640.000	5.000	558.594	0.123
3650.000	5.000	558.594	0.123
3660.000	5.000	558.594	0.123
3670.000	5.000	564.453	0.149
3680.000	5.000	564.453	0.149
3690.000	5.000	564.453	0.149
3700.000	5.000	583.984	0.135
3710.000	5.000	583.984	0.135
3720.000	5.000	583.984	0.135
3730.000	5.000	589.844	0.151
3740.000	5.000	589.844	0.151
3750.000	5.000	589.844	0.151
3760.000	5.000	607.422	0.150
3770.000	5.000	607.422	0.150
3780.000	5.000	607.422	0.150
3790.000	5.000	613.281	0.134
3800.000	5.000	613.281	0.134
3810.000	5.000	613.281	0.134
3820.000	5.000	609.375	0.129
3830.000	5.000	609.375	0.129
3840.000	5.000	609.375	0.129
3850.000	5.000	591.797	0.131
3860.000	5.000	591.797	0.131
3870.000	5.000	591.797	0.131
3880.000	5.000	617.187	0.135
3890.000	5.000	617.187	0.135
3900.000	5.000	617.187	0.135
3910.000	5.000	605.469	0.154
3920.000	5.000	605.469	0.154
3930.000	5.000	605.469	0.154
3940.000	5.000	587.891	0.145
3950.000	5.000	587.891	0.145
3960.000	5.000	587.891	0.145
3970.000	5.000	646.484	0.130
3980.000	5.000	646.484	0.130
3990.000	5.000	646.484	0.130
4000.000	5.000	626.953	0.155
4010.000	5.000	626.953	0.155
4020.000	5.000	626.953	0.155
4030.000	5.000	646.484	0.123
4040.000	5.000	646.484	0.123
4050.000	5.000	646.484	0.123
4060.000	5.000	636.719	0.125
4070.000	5.000	636.719	0.125
4080.000	5.000	636.719	0.125
4090.000	5.000	642.578	0.137
4100.000	5.000	642.578	0.137
4110.000	5.000	642.578	0.137
4120.000	5.000	654.297	0.137
4130.000	5.000	654.297	0.137
4140.000	5.000	654.297	0.137
4150.000	5.000	667.969	0.158
4160.000	5.000	667.969	0.158
4170.000	5.000	667.969	0.158
4180.000	5.000	669.922	0.159
4190.000	5.000	669.922	0.159
4200.000	5.000	669.922	0.159
4210.000	5.000	679.687	0.154
4220.000	5.000	679.687	0.154
4230.000	5.000	679.687	0.154
4240.000	5.000	708.984	0.145
4250.000	5.000	708.984	0.145
4260.000	5.000	708.984	0.145
4270.000	5.000	667.969	0.144
4280.000	5.000	667.969	0.144
4290.000	5.000	667.969	0.144
4300.000	5.000	697.266	0.138
4310.000	5.000	697.266	0.138
4320.000	5.000	697.266	0.138
4330.000	5.000	718.750	0.146
4340.000	5.000	718.750	0.146
4350.000	5.000	718.750	0.146
4360.000	5.000	701.172	0.129
4370.000	5.000	701.172	0.129
4380.000	5.000	701.172	0.129
4390.000	5.000	714.844	0.120
4400.000	5.000	714.844	0.120
4410.000	5.000	714.844	0.120
4420.000	5.000	714.844	0.142
4430.000	5.000	714.844	0.142
4440.000	5.000	714.844	0.142
4450.000	5.000	710.937	0.140
4460.000	5.000	710.937	0.140
4470.000	5.000	710.937	0.140
4480.000	5.000	726.562	0.117
4490.000	5.000	726.562	0.117
4500.000	5.000	726.562	0.117
4510.000	5.000	730.469	0.139
4520.000	5.000	730.469	0.139
4530.000	5.000	730.469	0.139
4540.000	5.000	746.094	0.163
4550.000	5.000	746.094	0.163
4560.000	5.000	746.094	0.163
4570.000	5.000	728.516	0.137
4580.000	5.000	728.516	0.137
4590.000	5.000	728.516	0.137
4600.000	5.000	742.187	0.138
4610.000	5.000	742.187	0.138
4620.000	5.000	742.187	0.138
4630.000	5.000	720.703	0.151
4640.000	5.000	720.703	0.151
4650.000	5.000	720.703	0.151
4660.000	5.000	767.578	0.131
4670.000	5.000	767.578	0.131
4680.000	5.000	767.578	0.131
4690.000	5.000	781.250	0.133
4700.000	5.000	781.250	0.133
4710.000	5.000	781.250	0.133
4720.000	5.000	794.922	0.141
4730.000	5.000	794.922	0.141
4740.000	5.000	794.922	0.141
4750.000	5.000	757.812	0.158
4760.000	5.000	757.812	0.158
4770.000	5.000	757.812	0.158
4780.000	5.000	794.922	0.132
4790.000	5.000	794.922	0.132
4800.000	5.000	794.922	0.132
4810.000	5.000	794.922	0.140
4820.000	5.000	794.922	0.140
4830.000	5.000	794.922	0.140
4840.000	5.000	771.484	0.142
4850.000	5.000	771.484	0.142
4860.000	5.000	771.484	0.142
4870.000	5.000	781.250	0.123
4880.000	5.000	781.250	0.123
4890.000	5.000	781.250	0.123
4900.000	5.000	824.219	0.126
4910.000	5.000	824.219	0.126
4920.000	5.000	824.219	0.126
4930.000	5.000	818.359	0.153
4940.000	5.000	818.359	0.153
4950.000	5.000	818.359	0.153
4960.000	5.000	835.937	0.134
4970.000	5.000	835.937	0.134
4980.000	5.000	835.937	0.134
4990.000	5.000	794.922	0.147
5000.000	5.000	794.922	0.147
5010.000	5.000	794.922	0.147
5020.000	5.000	828.125	0.133
5030.000	5.000	828.125	0.133
5040.000	5.000	828.125	0.133
5050.000	5.000	789.062	0.150
5060.000	5.000	789.062	0.150
5070.000	5.000	789.062	0.150
5080.000	5.000	839.844	0.154
5090.000	5.000	839.844	0.154
5100.000	5.000	839.844	0.154
5110.000	5.000	822.266	0.147
5120.000	5.000	822.266	0.147
5130.000	5.000	822.266	0.147
5140.000	5.000	818.359	0.146
5150.000	5.000	818.359	0.146
5160.000	5.000	818.359	0.146
5170.000	5.000	845.703	0.148
5180.000	5.000	845.703	0.148
5190.000	5.000	845.703	0.148
5200.000	5.000	841.797	0.155
5210.000	5.000	841.797	0.155
5220.000	5.000	841.797	0.155
5230.000	5.000	876.953	0.143
5240.000	5.000	876.953	0.143
5250.000	5.000	876.953	0.143
5260.000	5.000	839.844	0.148
5270.000	5.000	839.844	0.148
5280.000	5.000	839.844	0.148
5290.000	5.000	865.234	0.140
5300.000	5.000	865.234	0.140
5310.000	5.000	865.234	0.140
5320.000	5.000	896.484	0.143
5330.000	5.000	896.484	0.143
5340.000	5.000	896.484	0.143
5350.000	5.000	898.437	0.150
5360.000	5.000	898.437	0.150
5370.000	5.000	898.437	0.150
5380.000	5.000	853.516	0.145
5390.000	5.000	853.516	0.145
5400.000	5.000	853.516	0.145
5410.000	5.000	904.297	0.146
5420.000	5.000	904.297	0.146
5430.000	5.000	904.297	0.146
5440.000	5.000	898.437	0.140
5450.000	5.000	898.437	0.140
5460.000	5.000	898.437	0.140
5470.000	5.000	929.687	0.137
5480.000	5.000	929.687	0.137
5490.000	5.000	929.687	0.137
5500.000	5.000	896.484	0.119
5510.000	5.000	896.484	0.119
5520.000	5.000	896.484	0.119
5530.000	5.000	929.687	0.129
5540.000	5.000	929.687	0.129
5550.000	5.000	929.687	0.129
5560.000	5.000	900.391	0.160
5570.000	5.000	900.391	0.160
5580.000	5.000	900.391	0.160
5590.000	5.000	904.297	0.137
5600.000	5.000	904.297	0.137
5610.000	5.000	904.297	0.137
5620.000	5.000	943.359	0.132
5630.000	5.000	943.359	0.132
5640.000	5.000	943.359	0.132
5650.000	5.000	931.641	0.124
5660.000	5.000	931.641	0.124
5670.000	5.000	931.641	0.124
5680.000	5.000	925.781	0.156
5690.000	5.000	925.781	0.156
5700.000	5.000	925.781	0.156
5710.000	5.000	919.922	0.148
5720.000	5.000	919.922	0.148
5730.000	5.000	919.922	0.148
5740.000	5.000	923.828	0.138
5750.000	5.000	923.828	0.138
5760.000	5.000	923.828	0.138
5770.000	5.000	939.453	0.146
5780.000	5.000	939.453	0.146
5790.000	5.000	939.453	0.146
5800.000	5.000	986.328	0.146
5810.000	5.000	986.328	0.146
5820.000	5.000	986.328	0.146
5830.000	5.000	958.984	0.143
5840.000	5.000	958.984	0.143
5850.000	5.000	958.984	0.143
5860.000	5.000	962.891	0.139
5870.000	5.000	962.891	0.139
5880.000	5.000	962.891	0.139
5890.000	5.000	953.125	0.145
5900.000	5.000	953.125	0.145
5910.000	5.000	953.125	0.145
5920.000	5.000	990.234	0.136
5930.000	5.000	990.234	0.136
5940.000	5.000	990.234	0.136
5950.000	5.000	998.047	0.127
5960.000	5.000	998.047	0.127
5970.000	5.000	998.047	0.127
5980.000	5.000	962.891	0.127
5990.000	5.000	962.891	0.127
6000.000	5.000	962.891	0.127
6010.000	5.000	1000.000	0.136
6020.000	5.000	1000.000	0.136
6030.000	5.000	1000.000	0.136
6040.000	5.000	1005.859	0.130
6050.000	5.000	1005.859	0.130
6060.000	5.000	1005.859	0.130
6070.000	5.000	1003.906	0.134
6080.000	5.000	1003.906	0.134
6090.000	5.000	1003.906	0.134
6100.000	5.000	984.375	0.147
6110.000	5.000	984.375	0.147
6120.000	5.000	984.375	0.147
6130.000	5.000	1035.156	0.145
6140.000	5.000	1035.156	0.145
6150.000	5.000	1035.156	0.145
6160.000	5.000	1001.953	0.126
6170.000	5.000	1001.953	0.126
6180.000	5.000	1001.953	0.126
6190.000	5.000	1039.062	0.141
6200.000	5.000	1039.062	0.141
6210.000	5.000	1039.062	0.141
6220.000	5.000	980.469	0.147
6230.000	5.000	980.469	0.147
6240.000	5.000	980.469	0.147
6250.000	5.000	1011.719	0.158
6260.000	5.000	1011.719	0.158
6270.000	5.000	1011.719	0.158
6280.000	5.000	1021.484	0.140
6290.000	5.000	1021.484	0.140
6300.000	5.000	1021.484	0.140
6310.000	5.000	1017.578	0.123
6320.000	5.000	1017.578	0.123
6330.000	5.000	1017.578	0.123
6340.000	5.000	1027.344	0.139
6350.000	5.000	1027.344	0.139
6360.000	5.000	1027.344	0.139
6370.000	5.000	1021.484	0.114
6380.000	5.000	1021.484	0.114
6390.000	5.000	1021.484	0.114
6400.000	5.000	1044.922	0.155
6410.000	5.000	1044.922	0.155
6420.000	5.000	1044.922	0.155
6430.000	5.000	1031.250	0.130
6440.000	5.000	1031.250	0.130
6450.000	5.000	1031.250	0.130
6460.000	5.000	1058.594	0.130
6470.000	5.000	1058.594	0.130
6480.000	5.000	1058.594	0.130
6490.000	5.000	1076.172	0.137
6500.000	5.000	1076.172	0.137
6510.000	5.000	1076.172	0.137
6520.000	5.000	1078.125	0.130
6530.000	5.000	1078.125	0.130
6540.000	5.000	1078.125	0.130
6550.000	5.000	1050.781	0.157
6560.000	5.000	1050.781	0.157
6570.000	5.000	1050.781	0.157
6580.000	5.000	1076.172	0.133
6590.000	5.000	1076.172	0.133
6600.000	5.000	1076.172	0.133
6610.000	5.000	1066.406	0.159
6620.000	5.000	1066.406	0.159
6630.000	5.000	1066.406	0.159
6640.000	5.000	1074.219	0.147
6650.000	5.000	1074.219	0.147
6660.000	5.000	1074.219	0.147
6670.000	5.000	1095.703	0.130
6680.000	5.000	1095.703	0.130
6690.000	5.000	1095.703	0.130
6700.000	5.000	1093.750	0.136
6710.000	5.000	1093.750	0.136
6720.000	5.000	1093.750	0.136
6730.000	5.000	1083.984	0.139
6740.000	5.000	1083.984	0.139
6750.000	5.000	1083.984	0.139
6760.000	5.000	1101.562	0.138
6770.000	5.000	1101.562	0.138
6780.000	5.000	1101.562	0.138
6790.000	5.000	1125.000	0.130
6800.000	5.000	1125.000	0.130
6810.000	5.000	1125.000	0.130
6820.000	5.000	1091.797	0.143
6830.000	5.000	1091.797	0.143
6840.000	5.000	1091.797	0.143
6850.000	5.000	1121.094	0.124
6860.000	5.000	1121.094	0.124
6870.000	5.000	1121.094	0.124
6880.000	5.000	1123.047	0.154
6890.000	5.000	1123.047	0.154
6900.000	5.000	1123.047	0.154
6910.000	5.000	1111.328	0.162
6920.000	5.000	1111.328	0.162
6930.000	5.000	1111.328	0.162
6940.000	5.000	1128.906	0.131
6950.000	5.000	1128.906	0.131
6960.000	5.000	1128.906	0.131
6970.000	5.000	1160.156	0.154
6980.000	5.000	1160.156	0.154
6990.000	5.000	1160.156	0.154
7000.000	5.000	1126.953	0.138
7010.000	5.000	1126.953	0.138
7020.000	5.000	1126.953	0.138
7030.000	5.000	1109.375	0.148
7040.000	5.000	1109.375	0.148
7050.000	5.000	1109.375	0.148
7060.000	5.000	1126.953	0.137
7070.000	5.000	1126.953	0.137
7080.000	5.000	1126.953	0.137
7090.000	5.000	1148.437	0.136
7100.000	5.000	1148.437	0.136
7110.000	5.000	1148.437	0.136
7120.000	5.000	1150.391	0.145
7130.000	5.000	1150.391	0.145
7140.000	5.000	1150.391	0.145
7150.000	5.000	1150.391	0.140
7160.000	5.000	1150.391	0.140
7170.000	5.000	1150.391	0.140
7180.000	5.000	1169.922	0.141
7190.000	5.000	1169.922	0.141
7200.000	5.000	1169.922	0.141
7210.000	5.000	1156.250	0.136
7220.000	5.000	1156.250	0.136
7230.000	5.000	1156.250	0.136
7240.000	5.000	1189.453	0.128
7250.000	5.000	1189.453	0.128
7260.000	5.000	1189.453	0.128
7270.000	5.000	1152.344	0.136
7280.000	5.000	1152.344	0.136
7290.000	5.000	1152.344	0.136
7300.000	5.000	1193.359	0.130
7310.000	5.000	1193.359	0.130
7320.000	5.000	1193.359	0.130
7330.000	5.000	1197.266	0.144
7340.000	5.000	1197.266	0.144
7350.000	5.000	1197.266	0.144
7360.000	5.000	1164.062	0.136
7370.000	5.000	1164.062	0.136
7380.000	5.000	1164.062	0.136
7390.000	5.000	1191.406	0.159
7400.000	5.000	1191.406	0.159
7410.000	5.000	1191.406	0.159
7420.000	5.000	1193.359	0.138
7430.000	5.000	1193.359	0.138
7440.000	5.000	1193.359	0.138
7450.000	5.000	1177.734	0.138
7460.000	5.000	1177.734	0.138
7470.000	5.000	1177.734	0.138
7480.000	5.000	1187.500	0.136
7490.000	5.000	1187.500	0.136
7500.000	5.000	1187.500	0.136
7510.000	5.000	1207.031	0.138
7520.000	5.000	1207.031	0.138
7530.000	5.000	1207.031	0.138
7540.000	5.000	1167.969	0.146
7550.000	5.000	1167.969	0.146
7560.000	5.000	1167.969	0.146
7570.000	5.000	1199.219	0.144
7580.000	5.000	1199.219	0.144
7590.000	5.000	1199.219	0.144
7600.000	5.000	1220.703	0.155
7610.000	5.000	1220.703	0.155
7620.000	5.000	1220.703	0.155
7630.000	5.000	1181.641	0.145
7640.000	5.000	1181.641	0.145
7650.000	5.000	1181.641	0.145
7660.000	5.000	1234.375	0.137
7670.000	5.000	1234.375	0.137
7680.000	5.000	1234.375	0.137
7690.000	5.000	1236.328	0.139
7700.000	5.000	1236.328	0.139
7710.000	5.000	1236.328	0.139
7720.000	5.000	1218.750	0.121
7730.000	5.000	1218.750	0.121
7740.000	5.000	1218.750	0.121
7750.000	5.000	1236.328	0.128
7760.000	5.000	1236.328	0.128
7770.000	5.000	1236.328	0.128
7780.000	5.000	1230.469	0.124
7790.000	5.000	1230.469	0.124
7800.000	5.000	1230.469	0.124
7810.000	5.000	1240.234	0.156
7820.000	5.000	1240.234	0.156
7830.000	5.000	1240.234	0.156
7840.000	5.000	1234.375	0.135
7850.000	5.000	1234.375	0.135
7860.000	5.000	1234.375	0.135
7870.000	5.000	1271.484	0.130
7880.000	5.000	1271.484	0.130
7890.000	5.000	1271.484	0.130
7900.000	5.000	1269.531	0.148
7910.000	5.000	1269.531	0.148
7920.000	5.000	1269.531	0.148
7930.000	5.000	1257.812	0.143
7940.000	5.000	1257.812	0.143
7950.000	5.000	1257.812	0.143
7960.000	5.000	1257.812	0.144
7970.000	5.000	1257.812	0.144
7980.000	5.000	1257.812	0.144
7990.000	5.000	1257.812	0.148
8000.000	5.000	1257.812	0.148
8010.000	5.000	1257.812	0.148
8020.000	5.000	1275.391	0.135
8030.000	5.000	1275.391	0.135
8040.000	5.000	1275.391	0.135
8050.000	5.000	1248.047	0.143
8060.000	5.000	1248.047	0.143
8070.000	5.000	1248.047	0.143
8080.000	5.000	1269.531	0.127
8090.000	5.000	1269.531	0.127
8100.000	5.000	1269.531	0.127
8110.000	5.000	1253.906	0.144
8120.000	5.000	1253.906	0.144
8130.000	5.000	1253.906	0.144
8140.000	5.000	1296.875	0.131
8150.000	5.000	1296.875	0.131
8160.000	5.000	1296.875	0.131
8170.000	5.000	1251.953	0.146
8180.000	5.000	1251.953	0.146
8190.000	5.000	1251.953	0.146
8200.000	5.000	1292.969	0.134
8210.000	5.000	1292.969	0.134
8220.000	5.000	1292.969	0.134
8230.000	5.000	1304.687	0.142
8240.000	5.000	1304.687	0.142
8250.000	5.000	1304.687	0.142
8260.000	5.000	1291.016	0.140
8270.000	5.000	1291.016	0.140
8280.000	5.000	1291.016	0.140
8290.000	5.000	1292.969	0.148
8300.000	5.000	1292.969	0.148
8310.000	5.000	1292.969	0.148
8320.000	5.000	1332.031	0.138
8330.000	5.000	1332.031	0.138
8340.000	5.000	1332.031	0.138
8350.000	5.000	1330.078	0.146
8360.000	5.000	1330.078	0.146
8370.000	5.000	1330.078	0.146
8380.000	5.000	1296.875	0.122
8390.000	5.000	1296.875	0.122
8400.000	5.000	1296.875	0.122
8410.000	5.000	1310.547	0.156
8420.000	5.000	1310.547	0.156
8430.000	5.000	1310.547	0.156
8440.000	5.000	1326.172	0.157
8450.000	5.000	1326.172	0.157
8460.000	5.000	1326.172	0.157
8470.000	5.000	1318.359	0.144
8480.000	5.000	1318.359	0.144
8490.000	5.000	1318.359	0.144
8500.000	5.000	1345.703	0.161
8510.000	5.000	1345.703	0.161
8520.000	5.000	1345.703	0.161
8530.000	5.000	1306.641	0.140
8540.000	5.000	1306.641	0.140
8550.000	5.000	1306.641	0.140
8560.000	5.000	1337.891	0.156
8570.000	5.000	1337.891	0.156
8580.000	5.000	1337.891	0.156
8590.000	5.000	1357.422	0.141
8600.000	5.000	1357.422	0.141
8610.000	5.000	1357.422	0.141
8620.000	5.000	1355.469	0.154
8630.000	5.000	1355.469	0.154
8640.000	5.000	1355.469	0.154
8650.000	5.000	1345.703	0.157
8660.000	5.000	1345.703	0.157
8670.000	5.000	1345.703	0.157
8680.000	5.000	1359.375	0.143
8690.000	5.000	1359.375	0.143
8700.000	5.000	1359.375	0.143
8710.000	5.000	1332.031	0.143
8720.000	5.000	1332.031	0.143
8730.000	5.000	1332.031	0.143
8740.000	5.000	1365.234	0.153
8750.000	5.000	1365.234	0.153
8760.000	5.000	1365.234	0.153
8770.000	5.000	1376.953	0.121
8780.000	5.000	1376.953	0.121
8790.000	5.000	1376.953	0.121
8800.000	5.000	1373.047	0.125
8810.000	5.000	1373.047	0.125
8820.000	5.000	1373.047	0.125
8830.000	5.000	1388.672	0.130
8840.000	5.000	1388.672	0.130
8850.000	5.000	1388.672	0.130
8860.000	5.000	1380.859	0.156
8870.000	5.000	1380.859	0.156
8880.000	5.000	1380.859	0.156
8890.000	5.000	1367.187	0.157
8900.000	5.000	1367.187	0.157
8910.000	5.000	1367.187	0.157
8920.000	5.000	1380.859	0.148
8930.000	5.000	1380.859	0.148
8940.000	5.000	1380.859	0.148
8950.000	5.000	1406.250	0.126
8960.000	5.000	1406.250	0.126
8970.000	5.000	1406.250	0.126
8980.000	5.000	1392.578	0.160
8990.000	5.000	1392.578	0.160
9000.000	5.000	1392.578	0.160
9010.000	5.000	1376.953	0.141
9020.000	5.000	1376.953	0.141
9030.000	5.000	1376.953	0.141
9040.000	5.000	1396.484	0.153
9050.000	5.000	1396.484	0.153
9060.000	5.000	1396.484	0.153
9070.000	5.000	1384.766	0.156
9080.000	5.000	1384.766	0.156
9090.000	5.000	1384.766	0.156
9100.000	5.000	1396.484	0.153
9110.000	5.000	1396.484	0.153
9120.000	5.000	1396.484	0.153
9130.000	5.000	1382.812	0.133
9140.000	5.000	1382.812	0.133
9150.000	5.000	1382.812	0.133
9160.000	5.000	1398.437	0.122
9170.000	5.000	1398.437	0.122
9180.000	5.000	1398.437	0.122
9190.000	5.000	1400.391	0.142
9200.000	5.000	1400.391	0.142
9210.000	5.000	1400.391	0.142
9220.000	5.000	1408.203	0.135
9230.000	5.000	1408.203	0.135
9240.000	5.000	1408.203	0.135
9250.000	5.000	1433.594	0.147
9260.000	5.000	1433.594	0.147
9270.000	5.000	1433.594	0.147
9280.000	5.000	1431.641	0.151
9290.000	5.000	1431.641	0.151
9300.000	5.000	1431.641	0.151
9310.000	5.000	1443.359	0.140
9320.000	5.000	1443.359	0.140
9330.000	5.000	1443.359	0.140
9340.000	5.000	1439.453	0.143
9350.000	5.000	1439.453	0.143
9360.000	5.000	1439.453	0.143
9370.000	5.000	1441.406	0.135
9380.000	5.000	1441.406	0.135
9390.000	5.000	1441.406	0.135
9400.000	5.000	1443.359	0.138
9410.000	5.000	1443.359	0.138
9420.000	5.000	1443.359	0.138
9430.000	5.000	1435.547	0.140
9440.000	5.000	1435.547	0.140
9450.000	5.000	1435.547	0.140
9460.000	5.000	1435.547	0.163
9470.000	5.000	1435.547	0.163
9480.000	5.000	1435.547	0.163
9490.000	5.000	1423.828	0.149
9500.000	5.000	1423.828	0.149
9510.000	5.000	1423.828	0.149
9520.000	5.000	1472.656	0.127
9530.000	5.000	1472.656	0.127
9540.000	5.000	1472.656	0.127
9550.000	5.000	1458.984	0.137
9560.000	5.000	1458.984	0.137
9570.000	5.000	1458.984	0.137
9580.000	5.000	1474.609	0.124
9590.000	5.000	1474.609	0.124
9600.000	5.000	1474.609	0.124
9610.000	5.000	1453.125	0.146
9620.000	5.000	1453.125	0.146
9630.000	5.000	1453.125	0.146
9640.000	5.000	1441.406	0.132
9650.000	5.000	1441.406	0.132
9660.000	5.000	1441.406	0.132
9670.000	5.000	1464.844	0.142
9680.000	5.000	1464.844	0.142
9690.000	5.000	1464.844	0.142
9700.000	5.000	1496.094	0.136
9710.000	5.000	1496.094	0.136
9720.000	5.000	1496.094	0.136
9730.000	5.000	1484.375	0.135
9740.000	5.000	1484.375	0.135
9750.000	5.000	1484.375	0.135
9760.000	5.000	1458.984	0.159
9770.000	5.000	1458.984	0.159
9780.000	5.000	1458.984	0.159
9790.000	5.000	1470.703	0.127
9800.000	5.000	1470.703	0.127
9810.000	5.000	1470.703	0.127
9820.000	5.000	1468.750	0.137
9830.000	5.000	1468.750	0.137
9840.000	5.000	1468.750	0.137
9850.000	5.000	1501.953	0.136
9860.000	5.000	1501.953	0.136
9870.000	5.000	1501.953	0.136
9880.000	5.000	1507.812	0.131
9890.000	5.000	1507.812	0.131
9900.000	5.000	1507.812	0.131
9910.000	5.000	1515.625	0.158
9920.000	5.000	1515.625	0.158
9930.000	5.000	1515.625	0.158
9940.000	5.000	1478.516	0.133
9950.000	5.000	1478.516	0.133
9960.000	5.000	1478.516	0.133
9970.000	5.000	1464.844	0.146
9980.000	5.000	1464.844	0.146
9990.000	5.000	1464.844	0.146
10000.000	5.000	1484.375	0.139
10010.000	5.000	1484.375	0.139
10020.000	5.000	1484.375	0.139
10030.000	5.000	1482.422	0.146
10040.000	5.000	1482.422	0.146
10050.000	5.000	1482.422	0.146
10060.000	5.000	1513.672	0.134
10070.000	5.000	1513.672	0.134
10080.000	5.000	1513.672	0.134
10090.000	5.000	1529.297	0.150
10100.000	5.000	1529.297	0.150
10110.000	5.000	1529.297	0.150
10120.000	5.000	1521.484	0.160
10130.000	5.000	1521.484	0.160
10140.000	5.000	1521.484	0.160
10150.000	5.000	1505.859	0.132
10160.000	5.000	1505.859	0.132
10170.000	5.000	1505.859	0.132
10180.000	5.000	1531.250	0.143
10190.000	5.000	1531.250	0.143
10200.000	5.000	1531.250	0.143
10210.000	5.000	1537.109	0.151
10220.000	5.000	1537.109	0.151
10230.000	5.000	1537.109	0.151
10240.000	5.000	1521.484	0.132
10250.000	5.000	1521.484	0.132
10260.000	5.000	1521.484	0.132
10270.000	5.000	1539.062	0.129
10280.000	5.000	1539.062	0.129
10290.000	5.000	1539.062	0.129
10300.000	5.000	1513.672	0.141
10310.000	5.000	1513.672	0.141
10320.000	5.000	1513.672	0.141
10330.000	5.000	1527.344	0.149
10340.000	5.000	1527.344	0.149
10350.000	5.000	1527.344	0.149
10360.000	5.000	1527.344	0.118
10370.000	5.000	1527.344	0.118
10380.000	5.000	1527.344	0.118
10390.000	5.000	1527.344	0.132
10400.000	5.000	1527.344	0.132
10410.000	5.000	1527.344	0.132
10420.000	5.000	1572.266	0.132
10430.000	5.000	1572.266	0.132
10440.000	5.000	1572.266	0.132
10450.000	5.000	1558.594	0.135
10460.000	5.000	1558.594	0.135
10470.000	5.000	1558.594	0.135
10480.000	5.000	1544.922	0.132
10490.000	5.000	1544.922	0.132
10500.000	5.000	1544.922	0.132
10510.000	5.000	1560.547	0.163
10520.000	5.000	1560.547	0.163
10530.000	5.000	1560.547	0.163
10540.000	5.000	1550.781	0.120
10550.000	5.000	1550.781	0.120
10560.000	5.000	1550.781	0.120
10570.000	5.000	1576.172	0.157
10580.000	5.000	1576.172	0.157
10590.000	5.000	1576.172	0.157
10600.000	5.000	1566.406	0.124
10610.000	5.000	1566.406	0.124
10620.000	5.000	1566.406	0.124
10630.000	5.000	1558.594	0.128
10640.000	5.000	1558.594	0.128
10650.000	5.000	1558.594	0.128
10660.000	5.000	1570.312	0.131
10670.000	5.000	1570.312	0.131
10680.000	5.000	1570.312	0.131
10690.000	5.000	1570.312	0.117
10700.000	5.000	1570.312	0.117
10710.000	5.000	1570.312	0.117
10720.000	5.000	1548.828	0.132
10730.000	5.000	1548.828	0.132
10740.000	5.000	1548.828	0.132
10750.000	5.000	1589.844	0.133
10760.000	5.000	1589.844	0.133
10770.000	5.000	1589.844	0.133
10780.000	5.000	1597.656	0.139
10790.000	5.000	1597.656	0.139
10800.000	5.000	1597.656	0.139
10810.000	5.000	1589.844	0.157
10820.000	5.000	1589.844	0.157
10830.000	5.000	1589.844	0.157
10840.000	5.000	1564.453	0.134
10850.000	5.000	1564.453	0.134
10860.000	5.000	1564.453	0.134
10870.000	5.000	1593.750	0.162
10880.000	5.000	1593.750	0.162
10890.000	5.000	1593.750	0.162
10900.000	5.000	1617.187	0.135
10910.000	5.000	1617.187	0.135
10920.000	5.000	1617.187	0.135
10930.000	5.000	1601.562	0.150
10940.000	5.000	1601.562	0.150
10950.000	5.000	1601.562	0.150
10960.000	5.000	1603.516	0.119
10970.000	5.000	1603.516	0.119
10980.000	5.000	1603.516	0.119
10990.000	5.000	1621.094	0.137
11000.000	5.000	1621.094	0.137
11010.000	5.000	1621.094	0.137
11020.000	5.000	1646.484	0.144
11030.000	5.000	1646.484	0.144
11040.000	5.000	1646.484	0.144
11050.000	5.000	1646.484	0.130
11060.000	5.000	1646.484	0.130
11070.000	5.000	1646.484	0.130
11080.000	5.000	1615.234	0.148
11090.000	5.000	1615.234	0.148
11100.000	5.000	1615.234	0.148
11110.000	5.000	1636.719	0.075
11120.000	5.000	1636.719	0.075
11130.000	5.000	1636.719	0.075
11140.000	5.000	1626.953	0.017
11150.000	5.000	1626.953	0.017
11160.000	5.000	1626.953	0.017
11170.000	5.000	1582.031	-0.009
11180.000	5.000	1582.031	-0.009
11190.000	5.000	1582.031	-0.009
11200.000	5.000	1597.656	-0.021
11210.000	5.000	1597.656	-0.021
11220.000	5.000	1597.656	-0.021
11230.000	5.000	1599.609	-0.004
11240.000	5.000	1599.609	-0.004
11250.000	5.000	1599.609	-0.004
11260.000	5.000	1574.219	-0.018
11270.000	5.000	1574.219	-0.018
11280.000	5.000	1574.219	-0.018
11290.000	5.000	1546.875	-0.013
11300.000	5.000	1546.875	-0.013
11310.000	5.000	1546.875	-0.013
11320.000	5.000	1544.922	0.001
11330.000	5.000	1544.922	0.001
11340.000	5.000	1544.922	0.001
11350.000	5.000	1529.297	-0.014
11360.000	5.000	1529.297	-0.014
11370.000	5.000	1529.297	-0.014
11380.000	5.000	1507.812	-0.025
11390.000	5.000	1507.812	-0.025
11400.000	5.000	1507.812	-0.025
11410.000	5.000	1494.141	-0.021
11420.000	5.000	1494.141	-0.021
11430.000	5.000	1494.141	-0.021
11440.000	5.000	1509.766	-0.003
11450.000	5.000	1509.766	-0.003
11460.000	5.000	1509.766	-0.003
11470.000	5.000	1505.859	-0.022
11480.000	5.000	1505.859	-0.022
11490.000	5.000	1505.859	-0.022
11500.000	5.000	1484.375	-0.028
11510.000	5.000	1484.375	-0.028
11520.000	5.000	1484.375	-0.028
11530.000	5.000	1451.172	-0.006
11540.000	5.000	1451.172	-0.006
11550.000	5.000	1451.172	-0.006
11560.000	5.000	1431.641	-0.030
11570.000	5.000	1431.641	-0.030
11580.000	5.000	1431.641	-0.030
11590.000	5.000	1439.453	-0.013
11600.000	5.000	1439.453	-0.013
11610.000	5.000	1439.453	-0.013
11620.000	5.000	1404.297	-0.014
11630.000	5.000	1404.297	-0.014
11640.000	5.000	1404.297	-0.014
11650.000	5.000	1386.719	-0.010
11660.000	5.000	1386.719	-0.010
11670.000	5.000	1386.719	-0.010
11680.000	5.000	1394.531	0.000
11690.000	5.000	1394.531	0.000
11700.000	5.000	1394.531	0.000
11710.000	5.000	1345.703	-0.011
11720.000	5.000	1345.703	-0.011
11730.000	5.000	1345.703	-0.011
11740.000	5.000	1386.719	-0.022
11750.000	5.000	1386.719	-0.022
11760.000	5.000	1386.719	-0.022
11770.000	5.000	1361.328	0.003
11780.000	5.000	1361.328	0.003
11790.000	5.000	1361.328	0.003
11800.000	5.000	1349.609	-0.003
11810.000	5.000	1349.609	-0.003
11820.000	5.000	1349.609	-0.003
11830.000	5.000	1343.750	-0.017
11840.000	5.000	1343.750	-0.017
11850.000	5.000	1343.750	-0.017
11860.000	5.000	1328.125	-0.021
11870.000	5.000	1328.125	-0.021
11880.000	5.000	1328.125	-0.021
11890.000	5.000	1308.594	0.007
11900.000	5.000	1308.594	0.007
11910.000	5.000	1308.594	0.007
11920.000	5.000	1306.641	-0.017
11930.000	5.000	1306.641	-0.017
11940.000	5.000	1306.641	-0.017
11950.000	5.000	1326.172	-0.003
11960.000	5.000	1326.172	-0.003
11970.000	5.000	1326.172	-0.003
11980.000	5.000	1277.344	-0.008
11990.000	5.000	1277.344	-0.008
12000.000	5.000	1277.344	-0.008
12010.000	5.000	1259.766	-0.004
12020.000	5.000	1259.766	-0.004
