%Time [ms]	Commanded Torque [mNm]	Angular Velocity [RPM]	Actual Current [Amp]	%9/2/20212:18 PM
0.000	0.000	0.000	0.000
20.000	10.000	-23.437	-0.026
30.000	10.000	-23.437	-0.026
40.000	10.000	-23.437	-0.026
50.000	10.000	-15.625	-0.001
60.000	10.000	-15.625	-0.001
70.000	10.000	-15.625	-0.001
80.000	10.000	11.719	-0.013
90.000	10.000	11.719	-0.013
100.000	10.000	11.719	-0.013
110.000	10.000	-23.437	-0.029
120.000	10.000	-23.437	-0.029
130.000	10.000	-23.437	-0.029
140.000	10.000	-15.625	-0.007
150.000	10.000	-15.625	-0.007
160.000	10.000	-15.625	-0.007
170.000	10.000	-46.875	-0.015
180.000	10.000	-46.875	-0.015
190.000	10.000	-46.875	-0.015
200.000	10.000	-11.719	-0.037
210.000	10.000	-11.719	-0.037
220.000	10.000	-11.719	-0.037
230.000	10.000	-7.812	-0.022
240.000	10.000	-7.812	-0.022
250.000	10.000	-7.812	-0.022
260.000	10.000	-7.812	-0.026
270.000	10.000	-7.812	-0.026
280.000	10.000	-7.812	-0.026
290.000	10.000	-5.859	-0.013
300.000	10.000	-5.859	-0.013
310.000	10.000	-5.859	-0.013
320.000	10.000	-7.812	-0.016
330.000	10.000	-7.812	-0.016
340.000	10.000	-7.812	-0.016
350.000	10.000	19.531	-0.031
360.000	10.000	19.531	-0.031
370.000	10.000	19.531	-0.031
380.000	10.000	-3.906	-0.021
390.000	10.000	-3.906	-0.021
400.000	10.000	-3.906	-0.021
410.000	10.000	-37.109	-0.026
420.000	10.000	-37.109	-0.026
430.000	10.000	-37.109	-0.026
440.000	10.000	-3.906	-0.001
450.000	10.000	-3.906	-0.001
460.000	10.000	-3.906	-0.001
470.000	10.000	-25.391	0.000
480.000	10.000	-25.391	0.000
490.000	10.000	-25.391	0.000
500.000	10.000	-23.437	-0.042
510.000	10.000	-23.437	-0.042
520.000	10.000	-23.437	-0.042
530.000	10.000	1.953	-0.021
540.000	10.000	1.953	-0.021
550.000	10.000	1.953	-0.021
560.000	10.000	-21.484	-0.020
570.000	10.000	-21.484	-0.020
580.000	10.000	-21.484	-0.020
590.000	10.000	9.766	-0.023
600.000	10.000	9.766	-0.023
610.000	10.000	9.766	-0.023
620.000	10.000	13.672	-0.002
630.000	10.000	13.672	-0.002
640.000	10.000	13.672	-0.002
650.000	10.000	5.859	-0.022
660.000	10.000	5.859	-0.022
670.000	10.000	5.859	-0.022
680.000	10.000	-13.672	-0.021
690.000	10.000	-13.672	-0.021
700.000	10.000	-13.672	-0.021
710.000	10.000	-33.203	-0.026
720.000	10.000	-33.203	-0.026
730.000	10.000	-33.203	-0.026
740.000	10.000	-25.391	-0.015
750.000	10.000	-25.391	-0.015
760.000	10.000	-25.391	-0.015
770.000	10.000	-7.812	0.005
780.000	10.000	-7.812	0.005
790.000	10.000	-7.812	0.005
800.000	10.000	-21.484	-0.027
810.000	10.000	-21.484	-0.027
820.000	10.000	-21.484	-0.027
830.000	10.000	-1.953	0.005
840.000	10.000	-1.953	0.005
850.000	10.000	-1.953	0.005
860.000	10.000	15.625	-0.017
870.000	10.000	15.625	-0.017
880.000	10.000	15.625	-0.017
890.000	10.000	-3.906	-0.007
900.000	10.000	-3.906	-0.007
910.000	10.000	-3.906	-0.007
920.000	10.000	-19.531	-0.021
930.000	10.000	-19.531	-0.021
940.000	10.000	-19.531	-0.021
950.000	10.000	-39.062	-0.020
960.000	10.000	-39.062	-0.020
970.000	10.000	-39.062	-0.020
980.000	10.000	-5.859	-0.018
990.000	10.000	-5.859	-0.018
1000.000	10.000	-5.859	-0.018
1010.000	10.000	-35.156	-0.002
1020.000	10.000	-35.156	-0.002
1030.000	10.000	-35.156	-0.002
1040.000	10.000	-19.531	-0.012
1050.000	10.000	-19.531	-0.012
1060.000	10.000	-19.531	-0.012
1070.000	10.000	1.953	-0.025
1080.000	10.000	1.953	-0.025
1090.000	10.000	1.953	-0.025
1100.000	10.000	11.719	0.119
1110.000	10.000	11.719	0.119
1120.000	10.000	11.719	0.119
1130.000	10.000	-31.250	0.212
1140.000	10.000	-31.250	0.212
1150.000	10.000	-31.250	0.212
1160.000	10.000	-11.719	0.238
1170.000	10.000	-11.719	0.238
1180.000	10.000	-11.719	0.238
1190.000	10.000	17.578	0.273
1200.000	10.000	17.578	0.273
1210.000	10.000	17.578	0.273
1220.000	10.000	25.391	0.271
1230.000	10.000	25.391	0.271
1240.000	10.000	25.391	0.271
1250.000	10.000	70.312	0.266
1260.000	10.000	70.312	0.266
1270.000	10.000	70.312	0.266
1280.000	10.000	115.234	0.271
1290.000	10.000	115.234	0.271
1300.000	10.000	115.234	0.271
1310.000	10.000	109.375	0.286
1320.000	10.000	109.375	0.286
1330.000	10.000	109.375	0.286
1340.000	10.000	113.281	0.291
1350.000	10.000	113.281	0.291
1360.000	10.000	113.281	0.291
1370.000	10.000	177.734	0.271
1380.000	10.000	177.734	0.271
1390.000	10.000	177.734	0.271
1400.000	10.000	177.734	0.263
1410.000	10.000	177.734	0.263
1420.000	10.000	177.734	0.263
1430.000	10.000	189.453	0.265
1440.000	10.000	189.453	0.265
1450.000	10.000	189.453	0.265
1460.000	10.000	195.312	0.263
1470.000	10.000	195.312	0.263
1480.000	10.000	195.312	0.263
1490.000	10.000	246.094	0.271
1500.000	10.000	246.094	0.271
1510.000	10.000	246.094	0.271
1520.000	10.000	251.953	0.270
1530.000	10.000	251.953	0.270
1540.000	10.000	251.953	0.270
1550.000	10.000	277.344	0.280
1560.000	10.000	277.344	0.280
1570.000	10.000	277.344	0.280
1580.000	10.000	287.109	0.277
1590.000	10.000	287.109	0.277
1600.000	10.000	287.109	0.277
1610.000	10.000	326.172	0.285
1620.000	10.000	326.172	0.285
1630.000	10.000	326.172	0.285
1640.000	10.000	349.609	0.283
1650.000	10.000	349.609	0.283
1660.000	10.000	349.609	0.283
1670.000	10.000	367.187	0.265
1680.000	10.000	367.187	0.265
1690.000	10.000	367.187	0.265
1700.000	10.000	404.297	0.273
1710.000	10.000	404.297	0.273
1720.000	10.000	404.297	0.273
1730.000	10.000	427.734	0.252
1740.000	10.000	427.734	0.252
1750.000	10.000	427.734	0.252
1760.000	10.000	439.453	0.276
1770.000	10.000	439.453	0.276
1780.000	10.000	439.453	0.276
1790.000	10.000	443.359	0.276
1800.000	10.000	443.359	0.276
1810.000	10.000	443.359	0.276
1820.000	10.000	466.797	0.264
1830.000	10.000	466.797	0.264
1840.000	10.000	466.797	0.264
1850.000	10.000	458.984	0.293
1860.000	10.000	458.984	0.293
1870.000	10.000	458.984	0.293
1880.000	10.000	476.562	0.275
1890.000	10.000	476.562	0.275
1900.000	10.000	476.562	0.275
1910.000	10.000	517.578	0.270
1920.000	10.000	517.578	0.270
1930.000	10.000	517.578	0.270
1940.000	10.000	550.781	0.267
1950.000	10.000	550.781	0.267
1960.000	10.000	550.781	0.267
1970.000	10.000	546.875	0.278
1980.000	10.000	546.875	0.278
1990.000	10.000	546.875	0.278
2000.000	10.000	546.875	0.291
2010.000	10.000	546.875	0.291
2020.000	10.000	546.875	0.291
2030.000	10.000	564.453	0.277
2040.000	10.000	564.453	0.277
2050.000	10.000	564.453	0.277
2060.000	10.000	605.469	0.280
2070.000	10.000	605.469	0.280
2080.000	10.000	605.469	0.280
2090.000	10.000	632.812	0.285
2100.000	10.000	632.812	0.285
2110.000	10.000	632.812	0.285
2120.000	10.000	666.016	0.266
2130.000	10.000	666.016	0.266
2140.000	10.000	666.016	0.266
2150.000	10.000	656.250	0.272
2160.000	10.000	656.250	0.272
2170.000	10.000	656.250	0.272
2180.000	10.000	677.734	0.270
2190.000	10.000	677.734	0.270
2200.000	10.000	677.734	0.270
2210.000	10.000	728.516	0.271
2220.000	10.000	728.516	0.271
2230.000	10.000	728.516	0.271
2240.000	10.000	712.891	0.290
2250.000	10.000	712.891	0.290
2260.000	10.000	712.891	0.290
2270.000	10.000	736.328	0.300
2280.000	10.000	736.328	0.300
2290.000	10.000	736.328	0.300
2300.000	10.000	732.422	0.284
2310.000	10.000	732.422	0.284
2320.000	10.000	732.422	0.284
2330.000	10.000	761.719	0.269
2340.000	10.000	761.719	0.269
2350.000	10.000	761.719	0.269
2360.000	10.000	771.484	0.284
2370.000	10.000	771.484	0.284
2380.000	10.000	771.484	0.284
2390.000	10.000	814.453	0.289
2400.000	10.000	814.453	0.289
2410.000	10.000	814.453	0.289
2420.000	10.000	812.500	0.282
2430.000	10.000	812.500	0.282
2440.000	10.000	812.500	0.282
2450.000	10.000	837.891	0.296
2460.000	10.000	837.891	0.296
2470.000	10.000	837.891	0.296
2480.000	10.000	882.812	0.287
2490.000	10.000	882.812	0.287
2500.000	10.000	882.812	0.287
2510.000	10.000	876.953	0.279
2520.000	10.000	876.953	0.279
2530.000	10.000	876.953	0.279
2540.000	10.000	904.297	0.269
2550.000	10.000	904.297	0.269
2560.000	10.000	904.297	0.269
2570.000	10.000	933.594	0.268
2580.000	10.000	933.594	0.268
2590.000	10.000	933.594	0.268
2600.000	10.000	937.500	0.281
2610.000	10.000	937.500	0.281
2620.000	10.000	937.500	0.281
2630.000	10.000	970.703	0.273
2640.000	10.000	970.703	0.273
2650.000	10.000	970.703	0.273
2660.000	10.000	968.750	0.290
2670.000	10.000	968.750	0.290
2680.000	10.000	968.750	0.290
2690.000	10.000	1000.000	0.264
2700.000	10.000	1000.000	0.264
2710.000	10.000	1000.000	0.264
2720.000	10.000	982.422	0.281
2730.000	10.000	982.422	0.281
2740.000	10.000	982.422	0.281
2750.000	10.000	1000.000	0.257
2760.000	10.000	1000.000	0.257
2770.000	10.000	1000.000	0.257
2780.000	10.000	1041.016	0.263
2790.000	10.000	1041.016	0.263
2800.000	10.000	1041.016	0.263
2810.000	10.000	1072.266	0.275
2820.000	10.000	1072.266	0.275
2830.000	10.000	1072.266	0.275
2840.000	10.000	1076.172	0.271
2850.000	10.000	1076.172	0.271
2860.000	10.000	1076.172	0.271
2870.000	10.000	1048.828	0.279
2880.000	10.000	1048.828	0.279
2890.000	10.000	1048.828	0.279
2900.000	10.000	1089.844	0.275
2910.000	10.000	1089.844	0.275
2920.000	10.000	1089.844	0.275
2930.000	10.000	1111.328	0.301
2940.000	10.000	1111.328	0.301
2950.000	10.000	1111.328	0.301
2960.000	10.000	1103.516	0.280
2970.000	10.000	1103.516	0.280
2980.000	10.000	1103.516	0.280
2990.000	10.000	1146.484	0.279
3000.000	10.000	1146.484	0.279
3010.000	10.000	1146.484	0.279
3020.000	10.000	1160.156	0.296
3030.000	10.000	1160.156	0.296
3040.000	10.000	1160.156	0.296
3050.000	10.000	1179.687	0.286
3060.000	10.000	1179.687	0.286
3070.000	10.000	1179.687	0.286
3080.000	10.000	1210.937	0.278
3090.000	10.000	1210.937	0.278
3100.000	10.000	1210.937	0.278
3110.000	10.000	1189.453	0.266
3120.000	10.000	1189.453	0.266
3130.000	10.000	1189.453	0.266
3140.000	10.000	1240.234	0.282
3150.000	10.000	1240.234	0.282
3160.000	10.000	1240.234	0.282
3170.000	10.000	1259.766	0.266
3180.000	10.000	1259.766	0.266
3190.000	10.000	1259.766	0.266
3200.000	10.000	1267.578	0.251
3210.000	10.000	1267.578	0.251
3220.000	10.000	1267.578	0.251
3230.000	10.000	1279.297	0.282
3240.000	10.000	1279.297	0.282
3250.000	10.000	1279.297	0.282
3260.000	10.000	1310.547	0.267
3270.000	10.000	1310.547	0.267
3280.000	10.000	1310.547	0.267
3290.000	10.000	1294.922	0.280
3300.000	10.000	1294.922	0.280
3310.000	10.000	1294.922	0.280
3320.000	10.000	1312.500	0.261
3330.000	10.000	1312.500	0.261
3340.000	10.000	1312.500	0.261
3350.000	10.000	1367.187	0.258
3360.000	10.000	1367.187	0.258
3370.000	10.000	1367.187	0.258
3380.000	10.000	1367.187	0.255
3390.000	10.000	1367.187	0.255
3400.000	10.000	1367.187	0.255
3410.000	10.000	1398.437	0.264
3420.000	10.000	1398.437	0.264
3430.000	10.000	1398.437	0.264
3440.000	10.000	1388.672	0.289
3450.000	10.000	1388.672	0.289
3460.000	10.000	1388.672	0.289
3470.000	10.000	1398.437	0.300
3480.000	10.000	1398.437	0.300
3490.000	10.000	1398.437	0.300
3500.000	10.000	1394.531	0.279
3510.000	10.000	1394.531	0.279
3520.000	10.000	1394.531	0.279
3530.000	10.000	1433.594	0.253
3540.000	10.000	1433.594	0.253
3550.000	10.000	1433.594	0.253
3560.000	10.000	1427.734	0.283
3570.000	10.000	1427.734	0.283
3580.000	10.000	1427.734	0.283
3590.000	10.000	1482.422	0.287
3600.000	10.000	1482.422	0.287
3610.000	10.000	1482.422	0.287
3620.000	10.000	1496.094	0.275
3630.000	10.000	1496.094	0.275
3640.000	10.000	1496.094	0.275
3650.000	10.000	1498.047	0.268
3660.000	10.000	1498.047	0.268
3670.000	10.000	1498.047	0.268
3680.000	10.000	1494.141	0.272
3690.000	10.000	1494.141	0.272
3700.000	10.000	1494.141	0.272
3710.000	10.000	1541.016	0.256
3720.000	10.000	1541.016	0.256
3730.000	10.000	1541.016	0.256
3740.000	10.000	1566.406	0.274
3750.000	10.000	1566.406	0.274
3760.000	10.000	1566.406	0.274
3770.000	10.000	1539.062	0.278
3780.000	10.000	1539.062	0.278
3790.000	10.000	1539.062	0.278
3800.000	10.000	1574.219	0.283
3810.000	10.000	1574.219	0.283
3820.000	10.000	1574.219	0.283
3830.000	10.000	1578.125	0.284
3840.000	10.000	1578.125	0.284
3850.000	10.000	1578.125	0.284
3860.000	10.000	1611.328	0.274
3870.000	10.000	1611.328	0.274
3880.000	10.000	1611.328	0.274
3890.000	10.000	1621.094	0.251
3900.000	10.000	1621.094	0.251
3910.000	10.000	1621.094	0.251
3920.000	10.000	1632.812	0.265
3930.000	10.000	1632.812	0.265
3940.000	10.000	1632.812	0.265
3950.000	10.000	1644.531	0.276
3960.000	10.000	1644.531	0.276
3970.000	10.000	1644.531	0.276
3980.000	10.000	1701.172	0.277
3990.000	10.000	1701.172	0.277
4000.000	10.000	1701.172	0.277
4010.000	10.000	1650.391	0.267
4020.000	10.000	1650.391	0.267
4030.000	10.000	1650.391	0.267
4040.000	10.000	1705.078	0.259
4050.000	10.000	1705.078	0.259
4060.000	10.000	1705.078	0.259
4070.000	10.000	1736.328	0.278
4080.000	10.000	1736.328	0.278
4090.000	10.000	1736.328	0.278
4100.000	10.000	1753.906	0.269
4110.000	10.000	1753.906	0.269
4120.000	10.000	1753.906	0.269
4130.000	10.000	1757.812	0.287
4140.000	10.000	1757.812	0.287
4150.000	10.000	1757.812	0.287
4160.000	10.000	1779.297	0.287
4170.000	10.000	1779.297	0.287
4180.000	10.000	1779.297	0.287
4190.000	10.000	1755.859	0.266
4200.000	10.000	1755.859	0.266
4210.000	10.000	1755.859	0.266
4220.000	10.000	1822.266	0.286
4230.000	10.000	1822.266	0.286
4240.000	10.000	1822.266	0.286
4250.000	10.000	1818.359	0.269
4260.000	10.000	1818.359	0.269
4270.000	10.000	1818.359	0.269
4280.000	10.000	1792.969	0.270
4290.000	10.000	1792.969	0.270
4300.000	10.000	1792.969	0.270
4310.000	10.000	1863.281	0.282
4320.000	10.000	1863.281	0.282
4330.000	10.000	1863.281	0.282
4340.000	10.000	1845.703	0.275
4350.000	10.000	1845.703	0.275
4360.000	10.000	1845.703	0.275
4370.000	10.000	1867.187	0.271
4380.000	10.000	1867.187	0.271
4390.000	10.000	1867.187	0.271
4400.000	10.000	1847.656	0.275
4410.000	10.000	1847.656	0.275
4420.000	10.000	1847.656	0.275
4430.000	10.000	1880.859	0.282
4440.000	10.000	1880.859	0.282
4450.000	10.000	1880.859	0.282
4460.000	10.000	1917.969	0.259
4470.000	10.000	1917.969	0.259
4480.000	10.000	1917.969	0.259
4490.000	10.000	1953.125	0.273
4500.000	10.000	1953.125	0.273
4510.000	10.000	1953.125	0.273
4520.000	10.000	1951.172	0.271
4530.000	10.000	1951.172	0.271
4540.000	10.000	1951.172	0.271
4550.000	10.000	1964.844	0.269
4560.000	10.000	1964.844	0.269
4570.000	10.000	1964.844	0.269
4580.000	10.000	1964.844	0.274
4590.000	10.000	1964.844	0.274
4600.000	10.000	1964.844	0.274
4610.000	10.000	1974.609	0.259
4620.000	10.000	1974.609	0.259
4630.000	10.000	1974.609	0.259
4640.000	10.000	2007.812	0.283
4650.000	10.000	2007.812	0.283
4660.000	10.000	2007.812	0.283
4670.000	10.000	2041.016	0.274
4680.000	10.000	2041.016	0.274
4690.000	10.000	2041.016	0.274
4700.000	10.000	2052.734	0.283
4710.000	10.000	2052.734	0.283
4720.000	10.000	2052.734	0.283
4730.000	10.000	2041.016	0.266
4740.000	10.000	2041.016	0.266
4750.000	10.000	2041.016	0.266
4760.000	10.000	2035.156	0.275
4770.000	10.000	2035.156	0.275
4780.000	10.000	2035.156	0.275
4790.000	10.000	2066.406	0.252
4800.000	10.000	2066.406	0.252
4810.000	10.000	2066.406	0.252
4820.000	10.000	2101.562	0.276
4830.000	10.000	2101.562	0.276
4840.000	10.000	2101.562	0.276
4850.000	10.000	2076.172	0.280
4860.000	10.000	2076.172	0.280
4870.000	10.000	2076.172	0.280
4880.000	10.000	2097.656	0.278
4890.000	10.000	2097.656	0.278
4900.000	10.000	2097.656	0.278
4910.000	10.000	2152.344	0.264
4920.000	10.000	2152.344	0.264
4930.000	10.000	2152.344	0.264
4940.000	10.000	2142.578	0.281
4950.000	10.000	2142.578	0.281
4960.000	10.000	2142.578	0.281
4970.000	10.000	2140.625	0.281
4980.000	10.000	2140.625	0.281
4990.000	10.000	2140.625	0.281
5000.000	10.000	2115.234	0.280
5010.000	10.000	2115.234	0.280
5020.000	10.000	2115.234	0.280
5030.000	10.000	2183.594	0.271
5040.000	10.000	2183.594	0.271
5050.000	10.000	2183.594	0.271
5060.000	10.000	2152.344	0.279
5070.000	10.000	2152.344	0.279
5080.000	10.000	2152.344	0.279
5090.000	10.000	2193.359	0.256
5100.000	10.000	2193.359	0.256
5110.000	10.000	2193.359	0.256
5120.000	10.000	2238.281	0.251
5130.000	10.000	2238.281	0.251
5140.000	10.000	2238.281	0.251
5150.000	10.000	2240.234	0.275
5160.000	10.000	2240.234	0.275
5170.000	10.000	2240.234	0.275
5180.000	10.000	2244.141	0.267
5190.000	10.000	2244.141	0.267
5200.000	10.000	2244.141	0.267
5210.000	10.000	2232.422	0.279
5220.000	10.000	2232.422	0.279
5230.000	10.000	2232.422	0.279
5240.000	10.000	2283.203	0.242
5250.000	10.000	2283.203	0.242
5260.000	10.000	2283.203	0.242
5270.000	10.000	2275.391	0.269
5280.000	10.000	2275.391	0.269
5290.000	10.000	2275.391	0.269
5300.000	10.000	2265.625	0.280
5310.000	10.000	2265.625	0.280
5320.000	10.000	2265.625	0.280
5330.000	10.000	2337.891	0.282
5340.000	10.000	2337.891	0.282
5350.000	10.000	2337.891	0.282
5360.000	10.000	2292.969	0.280
5370.000	10.000	2292.969	0.280
5380.000	10.000	2292.969	0.280
5390.000	10.000	2353.516	0.247
5400.000	10.000	2353.516	0.247
5410.000	10.000	2353.516	0.247
5420.000	10.000	2328.125	0.282
5430.000	10.000	2328.125	0.282
5440.000	10.000	2328.125	0.282
5450.000	10.000	2410.156	0.269
5460.000	10.000	2410.156	0.269
5470.000	10.000	2410.156	0.269
5480.000	10.000	2400.391	0.251
5490.000	10.000	2400.391	0.251
5500.000	10.000	2400.391	0.251
5510.000	10.000	2392.578	0.288
5520.000	10.000	2392.578	0.288
5530.000	10.000	2392.578	0.288
5540.000	10.000	2392.578	0.278
5550.000	10.000	2392.578	0.278
5560.000	10.000	2392.578	0.278
5570.000	10.000	2435.547	0.281
5580.000	10.000	2435.547	0.281
5590.000	10.000	2435.547	0.281
5600.000	10.000	2394.531	0.286
5610.000	10.000	2394.531	0.286
5620.000	10.000	2394.531	0.286
5630.000	10.000	2425.781	0.279
5640.000	10.000	2425.781	0.279
5650.000	10.000	2425.781	0.279
5660.000	10.000	2490.234	0.276
5670.000	10.000	2490.234	0.276
5680.000	10.000	2490.234	0.276
5690.000	10.000	2478.516	0.282
5700.000	10.000	2478.516	0.282
5710.000	10.000	2478.516	0.282
5720.000	10.000	2488.281	0.268
5730.000	10.000	2488.281	0.268
5740.000	10.000	2488.281	0.268
5750.000	10.000	2517.578	0.272
5760.000	10.000	2517.578	0.272
5770.000	10.000	2517.578	0.272
5780.000	10.000	2527.344	0.280
5790.000	10.000	2527.344	0.280
5800.000	10.000	2527.344	0.280
5810.000	10.000	2525.391	0.271
5820.000	10.000	2525.391	0.271
5830.000	10.000	2525.391	0.271
5840.000	10.000	2568.359	0.261
5850.000	10.000	2568.359	0.261
5860.000	10.000	2568.359	0.261
5870.000	10.000	2521.484	0.295
5880.000	10.000	2521.484	0.295
5890.000	10.000	2521.484	0.295
5900.000	10.000	2554.687	0.292
5910.000	10.000	2554.687	0.292
5920.000	10.000	2554.687	0.292
5930.000	10.000	2609.375	0.289
5940.000	10.000	2609.375	0.289
5950.000	10.000	2609.375	0.289
5960.000	10.000	2587.891	0.249
5970.000	10.000	2587.891	0.249
5980.000	10.000	2587.891	0.249
5990.000	10.000	2613.281	0.271
6000.000	10.000	2613.281	0.271
6010.000	10.000	2613.281	0.271
6020.000	10.000	2654.297	0.267
6030.000	10.000	2654.297	0.267
6040.000	10.000	2654.297	0.267
6050.000	10.000	2623.047	0.272
6060.000	10.000	2623.047	0.272
6070.000	10.000	2623.047	0.272
6080.000	10.000	2675.781	0.274
6090.000	10.000	2675.781	0.274
6100.000	10.000	2675.781	0.274
6110.000	10.000	2669.922	0.284
6120.000	10.000	2669.922	0.284
6130.000	10.000	2669.922	0.284
6140.000	10.000	2679.687	0.278
6150.000	10.000	2679.687	0.278
6160.000	10.000	2679.687	0.278
6170.000	10.000	2681.641	0.253
6180.000	10.000	2681.641	0.253
6190.000	10.000	2681.641	0.253
6200.000	10.000	2703.125	0.283
6210.000	10.000	2703.125	0.283
6220.000	10.000	2703.125	0.283
6230.000	10.000	2730.469	0.278
6240.000	10.000	2730.469	0.278
6250.000	10.000	2730.469	0.278
6260.000	10.000	2734.375	0.274
6270.000	10.000	2734.375	0.274
6280.000	10.000	2734.375	0.274
6290.000	10.000	2718.750	0.276
6300.000	10.000	2718.750	0.276
6310.000	10.000	2718.750	0.276
6320.000	10.000	2718.750	0.262
6330.000	10.000	2718.750	0.262
6340.000	10.000	2718.750	0.262
6350.000	10.000	2763.672	0.275
6360.000	10.000	2763.672	0.275
6370.000	10.000	2763.672	0.275
6380.000	10.000	2789.062	0.261
6390.000	10.000	2789.062	0.261
6400.000	10.000	2789.062	0.261
6410.000	10.000	2781.250	0.245
6420.000	10.000	2781.250	0.245
6430.000	10.000	2781.250	0.245
6440.000	10.000	2830.078	0.259
6450.000	10.000	2830.078	0.259
6460.000	10.000	2830.078	0.259
6470.000	10.000	2800.781	0.250
6480.000	10.000	2800.781	0.250
6490.000	10.000	2800.781	0.250
6500.000	10.000	2843.750	0.280
6510.000	10.000	2843.750	0.280
6520.000	10.000	2843.750	0.280
6530.000	10.000	2845.703	0.297
6540.000	10.000	2845.703	0.297
6550.000	10.000	2845.703	0.297
6560.000	10.000	2841.797	0.256
6570.000	10.000	2841.797	0.256
6580.000	10.000	2841.797	0.256
6590.000	10.000	2828.125	0.283
6600.000	10.000	2828.125	0.283
6610.000	10.000	2828.125	0.283
6620.000	10.000	2851.562	0.249
6630.000	10.000	2851.562	0.249
6640.000	10.000	2851.562	0.249
6650.000	10.000	2843.750	0.253
6660.000	10.000	2843.750	0.253
6670.000	10.000	2843.750	0.253
6680.000	10.000	2900.391	0.267
6690.000	10.000	2900.391	0.267
6700.000	10.000	2900.391	0.267
6710.000	10.000	2906.250	0.275
6720.000	10.000	2906.250	0.275
6730.000	10.000	2906.250	0.275
6740.000	10.000	2931.641	0.264
6750.000	10.000	2931.641	0.264
6760.000	10.000	2931.641	0.264
6770.000	10.000	2923.828	0.277
6780.000	10.000	2923.828	0.277
6790.000	10.000	2923.828	0.277
6800.000	10.000	2917.969	0.269
6810.000	10.000	2917.969	0.269
6820.000	10.000	2917.969	0.269
6830.000	10.000	2958.984	0.278
6840.000	10.000	2958.984	0.278
6850.000	10.000	2958.984	0.278
6860.000	10.000	2986.328	0.261
6870.000	10.000	2986.328	0.261
6880.000	10.000	2986.328	0.261
6890.000	10.000	2986.328	0.275
6900.000	10.000	2986.328	0.275
6910.000	10.000	2986.328	0.275
6920.000	10.000	3013.672	0.263
6930.000	10.000	3013.672	0.263
6940.000	10.000	3013.672	0.263
6950.000	10.000	3044.922	0.279
6960.000	10.000	3044.922	0.279
6970.000	10.000	3044.922	0.279
6980.000	10.000	3011.719	0.274
6990.000	10.000	3011.719	0.274
7000.000	10.000	3011.719	0.274
7010.000	10.000	3027.344	0.259
7020.000	10.000	3027.344	0.259
7030.000	10.000	3027.344	0.259
7040.000	10.000	3029.297	0.266
7050.000	10.000	3029.297	0.266
7060.000	10.000	3029.297	0.266
7070.000	10.000	3046.875	0.265
7080.000	10.000	3046.875	0.265
7090.000	10.000	3046.875	0.265
7100.000	10.000	3087.891	0.276
7110.000	10.000	3087.891	0.276
7120.000	10.000	3087.891	0.276
7130.000	10.000	3078.125	0.286
7140.000	10.000	3078.125	0.286
7150.000	10.000	3078.125	0.286
7160.000	10.000	3089.844	0.271
7170.000	10.000	3089.844	0.271
7180.000	10.000	3089.844	0.271
7190.000	10.000	3107.422	0.269
7200.000	10.000	3107.422	0.269
7210.000	10.000	3107.422	0.269
7220.000	10.000	3082.031	0.286
7230.000	10.000	3082.031	0.286
7240.000	10.000	3082.031	0.286
7250.000	10.000	3111.328	0.286
7260.000	10.000	3111.328	0.286
7270.000	10.000	3111.328	0.286
7280.000	10.000	3156.250	0.258
7290.000	10.000	3156.250	0.258
7300.000	10.000	3156.250	0.258
7310.000	10.000	3130.859	0.271
7320.000	10.000	3130.859	0.271
7330.000	10.000	3130.859	0.271
7340.000	10.000	3140.625	0.267
7350.000	10.000	3140.625	0.267
7360.000	10.000	3140.625	0.267
7370.000	10.000	3169.922	0.274
7380.000	10.000	3169.922	0.274
7390.000	10.000	3169.922	0.274
7400.000	10.000	3148.437	0.279
7410.000	10.000	3148.437	0.279
7420.000	10.000	3148.437	0.279
7430.000	10.000	3169.922	0.268
7440.000	10.000	3169.922	0.268
7450.000	10.000	3169.922	0.268
7460.000	10.000	3210.937	0.284
7470.000	10.000	3210.937	0.284
7480.000	10.000	3210.937	0.284
7490.000	10.000	3244.141	0.274
7500.000	10.000	3244.141	0.274
7510.000	10.000	3244.141	0.274
7520.000	10.000	3220.703	0.269
7530.000	10.000	3220.703	0.269
7540.000	10.000	3220.703	0.269
7550.000	10.000	3212.891	0.254
7560.000	10.000	3212.891	0.254
7570.000	10.000	3212.891	0.254
7580.000	10.000	3273.437	0.264
7590.000	10.000	3273.437	0.264
7600.000	10.000	3273.437	0.264
7610.000	10.000	3285.156	0.257
7620.000	10.000	3285.156	0.257
7630.000	10.000	3285.156	0.257
7640.000	10.000	3257.812	0.265
7650.000	10.000	3257.812	0.265
7660.000	10.000	3257.812	0.265
7670.000	10.000	3251.953	0.271
7680.000	10.000	3251.953	0.271
7690.000	10.000	3251.953	0.271
7700.000	10.000	3283.203	0.287
7710.000	10.000	3283.203	0.287
7720.000	10.000	3283.203	0.287
7730.000	10.000	3343.750	0.259
7740.000	10.000	3343.750	0.259
7750.000	10.000	3343.750	0.259
7760.000	10.000	3333.984	0.248
7770.000	10.000	3333.984	0.248
7780.000	10.000	3333.984	0.248
7790.000	10.000	3314.453	0.281
7800.000	10.000	3314.453	0.281
7810.000	10.000	3314.453	0.281
7820.000	10.000	3326.172	0.290
7830.000	10.000	3326.172	0.290
7840.000	10.000	3326.172	0.290
7850.000	10.000	3376.953	0.265
7860.000	10.000	3376.953	0.265
7870.000	10.000	3376.953	0.265
7880.000	10.000	3378.906	0.250
7890.000	10.000	3378.906	0.250
7900.000	10.000	3378.906	0.250
7910.000	10.000	3371.094	0.274
7920.000	10.000	3371.094	0.274
7930.000	10.000	3371.094	0.274
7940.000	10.000	3421.875	0.265
7950.000	10.000	3421.875	0.265
7960.000	10.000	3421.875	0.265
7970.000	10.000	3406.250	0.276
7980.000	10.000	3406.250	0.276
7990.000	10.000	3406.250	0.276
8000.000	10.000	3404.297	0.254
8010.000	10.000	3404.297	0.254
8020.000	10.000	3404.297	0.254
8030.000	10.000	3435.547	0.285
8040.000	10.000	3435.547	0.285
8050.000	10.000	3435.547	0.285
8060.000	10.000	3455.078	0.250
8070.000	10.000	3455.078	0.250
8080.000	10.000	3455.078	0.250
8090.000	10.000	3427.734	0.255
8100.000	10.000	3427.734	0.255
8110.000	10.000	3427.734	0.255
8120.000	10.000	3439.453	0.260
8130.000	10.000	3439.453	0.260
8140.000	10.000	3439.453	0.260
8150.000	10.000	3482.422	0.270
8160.000	10.000	3482.422	0.270
8170.000	10.000	3482.422	0.270
8180.000	10.000	3449.219	0.259
8190.000	10.000	3449.219	0.259
8200.000	10.000	3449.219	0.259
8210.000	10.000	3505.859	0.293
8220.000	10.000	3505.859	0.293
8230.000	10.000	3505.859	0.293
8240.000	10.000	3509.766	0.287
8250.000	10.000	3509.766	0.287
8260.000	10.000	3509.766	0.287
8270.000	10.000	3494.141	0.289
8280.000	10.000	3494.141	0.289
8290.000	10.000	3494.141	0.289
8300.000	10.000	3544.922	0.274
8310.000	10.000	3544.922	0.274
8320.000	10.000	3544.922	0.274
8330.000	10.000	3542.969	0.242
8340.000	10.000	3542.969	0.242
8350.000	10.000	3542.969	0.242
8360.000	10.000	3554.687	0.287
8370.000	10.000	3554.687	0.287
8380.000	10.000	3554.687	0.287
8390.000	10.000	3574.219	0.277
8400.000	10.000	3574.219	0.277
8410.000	10.000	3574.219	0.277
8420.000	10.000	3558.594	0.289
8430.000	10.000	3558.594	0.289
8440.000	10.000	3558.594	0.289
8450.000	10.000	3556.641	0.262
8460.000	10.000	3556.641	0.262
8470.000	10.000	3556.641	0.262
8480.000	10.000	3574.219	0.283
8490.000	10.000	3574.219	0.283
8500.000	10.000	3574.219	0.283
8510.000	10.000	3615.234	0.269
8520.000	10.000	3615.234	0.269
8530.000	10.000	3615.234	0.269
8540.000	10.000	3574.219	0.280
8550.000	10.000	3574.219	0.280
8560.000	10.000	3574.219	0.280
8570.000	10.000	3613.281	0.288
8580.000	10.000	3613.281	0.288
8590.000	10.000	3613.281	0.288
8600.000	10.000	3650.391	0.294
8610.000	10.000	3650.391	0.294
8620.000	10.000	3650.391	0.294
8630.000	10.000	3646.484	0.266
8640.000	10.000	3646.484	0.266
8650.000	10.000	3646.484	0.266
8660.000	10.000	3662.109	0.270
8670.000	10.000	3662.109	0.270
8680.000	10.000	3662.109	0.270
8690.000	10.000	3654.297	0.271
8700.000	10.000	3654.297	0.271
8710.000	10.000	3654.297	0.271
8720.000	10.000	3671.875	0.285
8730.000	10.000	3671.875	0.285
8740.000	10.000	3671.875	0.285
8750.000	10.000	3679.687	0.276
8760.000	10.000	3679.687	0.276
8770.000	10.000	3679.687	0.276
8780.000	10.000	3708.984	0.243
8790.000	10.000	3708.984	0.243
8800.000	10.000	3708.984	0.243
8810.000	10.000	3679.687	0.270
8820.000	10.000	3679.687	0.270
8830.000	10.000	3679.687	0.270
8840.000	10.000	3718.750	0.284
8850.000	10.000	3718.750	0.284
8860.000	10.000	3718.750	0.284
8870.000	10.000	3708.984	0.273
8880.000	10.000	3708.984	0.273
8890.000	10.000	3708.984	0.273
8900.000	10.000	3716.797	0.275
8910.000	10.000	3716.797	0.275
8920.000	10.000	3716.797	0.275
8930.000	10.000	3710.937	0.285
8940.000	10.000	3710.937	0.285
8950.000	10.000	3710.937	0.285
8960.000	10.000	3791.016	0.278
8970.000	10.000	3791.016	0.278
8980.000	10.000	3791.016	0.278
8990.000	10.000	3748.047	0.265
9000.000	10.000	3748.047	0.265
9010.000	10.000	3748.047	0.265
9020.000	10.000	3755.859	0.276
9030.000	10.000	3755.859	0.276
9040.000	10.000	3755.859	0.276
9050.000	10.000	3755.859	0.264
9060.000	10.000	3755.859	0.264
9070.000	10.000	3755.859	0.264
9080.000	10.000	3812.500	0.265
9090.000	10.000	3812.500	0.265
9100.000	10.000	3812.500	0.265
9110.000	10.000	3804.687	0.243
9120.000	10.000	3804.687	0.243
9130.000	10.000	3804.687	0.243
9140.000	10.000	3843.750	0.273
9150.000	10.000	3843.750	0.273
9160.000	10.000	3843.750	0.273
9170.000	10.000	3816.406	0.254
9180.000	10.000	3816.406	0.254
9190.000	10.000	3816.406	0.254
9200.000	10.000	3791.016	0.262
9210.000	10.000	3791.016	0.262
9220.000	10.000	3791.016	0.262
9230.000	10.000	3882.812	0.255
9240.000	10.000	3882.812	0.255
9250.000	10.000	3882.812	0.255
9260.000	10.000	3855.469	0.275
9270.000	10.000	3855.469	0.275
9280.000	10.000	3855.469	0.275
9290.000	10.000	3833.984	0.266
9300.000	10.000	3833.984	0.266
9310.000	10.000	3833.984	0.266
9320.000	10.000	3886.719	0.248
9330.000	10.000	3886.719	0.248
9340.000	10.000	3886.719	0.248
9350.000	10.000	3857.422	0.262
9360.000	10.000	3857.422	0.262
9370.000	10.000	3857.422	0.262
9380.000	10.000	3917.969	0.288
9390.000	10.000	3917.969	0.288
9400.000	10.000	3917.969	0.288
9410.000	10.000	3888.672	0.270
9420.000	10.000	3888.672	0.270
9430.000	10.000	3888.672	0.270
9440.000	10.000	3925.781	0.280
9450.000	10.000	3925.781	0.280
9460.000	10.000	3925.781	0.280
9470.000	10.000	3949.219	0.291
9480.000	10.000	3949.219	0.291
9490.000	10.000	3949.219	0.291
9500.000	10.000	3945.312	0.266
9510.000	10.000	3945.312	0.266
9520.000	10.000	3945.312	0.266
9530.000	10.000	3943.359	0.279
9540.000	10.000	3943.359	0.279
9550.000	10.000	3943.359	0.279
9560.000	10.000	3980.469	0.261
9570.000	10.000	3980.469	0.261
9580.000	10.000	3980.469	0.261
9590.000	10.000	3976.562	0.282
9600.000	10.000	3976.562	0.282
9610.000	10.000	3976.562	0.282
9620.000	10.000	3990.234	0.276
9630.000	10.000	3990.234	0.276
9640.000	10.000	3990.234	0.276
9650.000	10.000	3925.781	0.261
9660.000	10.000	3925.781	0.261
9670.000	10.000	3925.781	0.261
9680.000	10.000	3974.609	0.252
9690.000	10.000	3974.609	0.252
9700.000	10.000	3974.609	0.252
9710.000	10.000	3990.234	0.267
9720.000	10.000	3990.234	0.267
9730.000	10.000	3990.234	0.267
9740.000	10.000	3972.656	0.250
9750.000	10.000	3972.656	0.250
9760.000	10.000	3972.656	0.250
9770.000	10.000	3998.047	0.277
9780.000	10.000	3998.047	0.277
9790.000	10.000	3998.047	0.277
9800.000	10.000	3998.047	0.260
9810.000	10.000	3998.047	0.260
9820.000	10.000	3998.047	0.260
9830.000	10.000	3998.047	0.268
9840.000	10.000	3998.047	0.268
9850.000	10.000	3998.047	0.268
9860.000	10.000	3998.047	0.290
9870.000	10.000	3998.047	0.290
9880.000	10.000	3998.047	0.290
9890.000	10.000	3998.047	0.252
9900.000	10.000	3998.047	0.252
9910.000	10.000	3998.047	0.252
9920.000	10.000	3998.047	0.271
9930.000	10.000	3998.047	0.271
9940.000	10.000	3998.047	0.271
9950.000	10.000	3998.047	0.267
9960.000	10.000	3998.047	0.267
9970.000	10.000	3998.047	0.267
9980.000	10.000	3998.047	0.252
9990.000	10.000	3998.047	0.252
10000.000	10.000	3998.047	0.252
10010.000	10.000	3998.047	0.247
10020.000	10.000	3998.047	0.247
10030.000	10.000	3998.047	0.247
10040.000	10.000	3998.047	0.178
10050.000	10.000	3998.047	0.178
10060.000	10.000	3998.047	0.178
10070.000	10.000	3998.047	0.101
10080.000	10.000	3998.047	0.101
10090.000	10.000	3998.047	0.101
10100.000	10.000	3998.047	0.043
10110.000	10.000	3998.047	0.043
10120.000	10.000	3998.047	0.043
10130.000	10.000	3998.047	0.005
10140.000	10.000	3998.047	0.005
10150.000	10.000	3998.047	0.005
10160.000	10.000	3998.047	-0.045
10170.000	10.000	3998.047	-0.045
10180.000	10.000	3998.047	-0.045
10190.000	10.000	3998.047	-0.050
10200.000	10.000	3998.047	-0.050
10210.000	10.000	3998.047	-0.050
10220.000	10.000	3998.047	-0.013
10230.000	10.000	3998.047	-0.013
10240.000	10.000	3998.047	-0.013
10250.000	10.000	3978.516	0.004
10260.000	10.000	3978.516	0.004
10270.000	10.000	3978.516	0.004
10280.000	10.000	3998.047	0.084
10290.000	10.000	3998.047	0.084
10300.000	10.000	3998.047	0.084
10310.000	10.000	3968.750	0.123
10320.000	10.000	3968.750	0.123
10330.000	10.000	3968.750	0.123
10340.000	10.000	3968.750	0.204
10350.000	10.000	3968.750	0.204
10360.000	10.000	3968.750	0.204
10370.000	10.000	3980.469	0.216
10380.000	10.000	3980.469	0.216
10390.000	10.000	3980.469	0.216
10400.000	10.000	3998.047	0.245
10410.000	10.000	3998.047	0.245
10420.000	10.000	3998.047	0.245
10430.000	10.000	3998.047	0.265
10440.000	10.000	3998.047	0.265
10450.000	10.000	3998.047	0.265
10460.000	10.000	3980.469	0.259
10470.000	10.000	3980.469	0.259
10480.000	10.000	3980.469	0.259
10490.000	10.000	3998.047	0.255
10500.000	10.000	3998.047	0.255
10510.000	10.000	3998.047	0.255
10520.000	10.000	3998.047	0.283
10530.000	10.000	3998.047	0.283
10540.000	10.000	3998.047	0.283
10550.000	10.000	3998.047	0.261
10560.000	10.000	3998.047	0.261
10570.000	10.000	3998.047	0.261
10580.000	10.000	3998.047	0.247
10590.000	10.000	3998.047	0.247
10600.000	10.000	3998.047	0.247
10610.000	10.000	3998.047	0.194
10620.000	10.000	3998.047	0.194
10630.000	10.000	3998.047	0.194
10640.000	10.000	3998.047	0.129
10650.000	10.000	3998.047	0.129
10660.000	10.000	3998.047	0.129
10670.000	10.000	3998.047	0.075
10680.000	10.000	3998.047	0.075
10690.000	10.000	3998.047	0.075
10700.000	10.000	3998.047	0.060
10710.000	10.000	3998.047	0.060
10720.000	10.000	3998.047	0.060
10730.000	10.000	3998.047	0.058
10740.000	10.000	3998.047	0.058
10750.000	10.000	3998.047	0.058
10760.000	10.000	3998.047	0.036
10770.000	10.000	3998.047	0.036
10780.000	10.000	3998.047	0.036
10790.000	10.000	3998.047	0.064
10800.000	10.000	3998.047	0.064
10810.000	10.000	3998.047	0.064
10820.000	10.000	3998.047	0.112
10830.000	10.000	3998.047	0.112
10840.000	10.000	3998.047	0.112
10850.000	10.000	3998.047	0.142
10860.000	10.000	3998.047	0.142
10870.000	10.000	3998.047	0.142
10880.000	10.000	3998.047	0.166
10890.000	10.000	3998.047	0.166
10900.000	10.000	3998.047	0.166
10910.000	10.000	3998.047	0.209
10920.000	10.000	3998.047	0.209
10930.000	10.000	3998.047	0.209
10940.000	10.000	3998.047	0.229
10950.000	10.000	3998.047	0.229
10960.000	10.000	3998.047	0.229
10970.000	10.000	3998.047	0.240
10980.000	10.000	3998.047	0.240
10990.000	10.000	3998.047	0.240
11000.000	10.000	3998.047	0.239
11010.000	10.000	3998.047	0.239
11020.000	10.000	3998.047	0.239
11030.000	10.000	3998.047	0.215
11040.000	10.000	3998.047	0.215
11050.000	10.000	3998.047	0.215
11060.000	10.000	3998.047	0.164
11070.000	10.000	3998.047	0.164
11080.000	10.000	3998.047	0.164
11090.000	10.000	3998.047	0.155
11100.000	10.000	3998.047	0.155
11110.000	10.000	3998.047	0.155
11120.000	10.000	3998.047	0.069
11130.000	10.000	3998.047	0.069
11140.000	10.000	3998.047	0.069
11150.000	10.000	3998.047	-0.004
11160.000	10.000	3998.047	-0.004
11170.000	10.000	3998.047	-0.004
11180.000	10.000	3998.047	-0.008
11190.000	10.000	3998.047	-0.008
11200.000	10.000	3998.047	-0.008
11210.000	10.000	3998.047	0.001
11220.000	10.000	3998.047	0.001
11230.000	10.000	3998.047	0.001
11240.000	10.000	3988.281	-0.024
11250.000	10.000	3988.281	-0.024
11260.000	10.000	3988.281	-0.024
11270.000	10.000	3994.141	-0.011
11280.000	10.000	3994.141	-0.011
11290.000	10.000	3994.141	-0.011
11300.000	10.000	3962.891	-0.022
11310.000	10.000	3962.891	-0.022
11320.000	10.000	3962.891	-0.022
11330.000	10.000	3945.312	-0.013
11340.000	10.000	3945.312	-0.013
11350.000	10.000	3945.312	-0.013
11360.000	10.000	3925.781	-0.040
11370.000	10.000	3925.781	-0.040
11380.000	10.000	3925.781	-0.040
11390.000	10.000	3908.203	-0.014
11400.000	10.000	3908.203	-0.014
11410.000	10.000	3908.203	-0.014
11420.000	10.000	3882.812	-0.012
11430.000	10.000	3882.812	-0.012
11440.000	10.000	3882.812	-0.012
11450.000	10.000	3832.031	-0.041
11460.000	10.000	3832.031	-0.041
11470.000	10.000	3832.031	-0.041
11480.000	10.000	3832.031	-0.020
11490.000	10.000	3832.031	-0.020
11500.000	10.000	3832.031	-0.020
11510.000	10.000	3839.844	-0.005
11520.000	10.000	3839.844	-0.005
11530.000	10.000	3839.844	-0.005
11540.000	10.000	3792.969	-0.045
11550.000	10.000	3792.969	-0.045
11560.000	10.000	3792.969	-0.045
11570.000	10.000	3812.500	-0.016
11580.000	10.000	3812.500	-0.016
11590.000	10.000	3812.500	-0.016
11600.000	10.000	3789.062	-0.030
11610.000	10.000	3789.062	-0.030
11620.000	10.000	3789.062	-0.030
11630.000	10.000	3781.250	-0.040
11640.000	10.000	3781.250	-0.040
11650.000	10.000	3781.250	-0.040
11660.000	10.000	3771.484	-0.013
11670.000	10.000	3771.484	-0.013
11680.000	10.000	3771.484	-0.013
11690.000	10.000	3755.859	-0.026
11700.000	10.000	3755.859	-0.026
11710.000	10.000	3755.859	-0.026
11720.000	10.000	3687.500	-0.035
11730.000	10.000	3687.500	-0.035
11740.000	10.000	3687.500	-0.035
11750.000	10.000	3675.781	-0.015
11760.000	10.000	3675.781	-0.015
11770.000	10.000	3675.781	-0.015
11780.000	10.000	3687.500	-0.015
11790.000	10.000	3687.500	-0.015
11800.000	10.000	3687.500	-0.015
11810.000	10.000	3685.547	-0.021
11820.000	10.000	3685.547	-0.021
11830.000	10.000	3685.547	-0.021
11840.000	10.000	3640.625	-0.015
11850.000	10.000	3640.625	-0.015
11860.000	10.000	3640.625	-0.015
11870.000	10.000	3652.344	-0.033
11880.000	10.000	3652.344	-0.033
11890.000	10.000	3652.344	-0.033
11900.000	10.000	3621.094	-0.016
11910.000	10.000	3621.094	-0.016
11920.000	10.000	3621.094	-0.016
11930.000	10.000	3626.953	-0.010
11940.000	10.000	3626.953	-0.010
11950.000	10.000	3626.953	-0.010
11960.000	10.000	3556.641	-0.011
11970.000	10.000	3556.641	-0.011
11980.000	10.000	3556.641	-0.011
11990.000	10.000	3574.219	-0.002
12000.000	10.000	3574.219	-0.002
12010.000	10.000	3574.219	-0.002
12020.000	10.000	3554.687	-0.034
20.000	9.000	13.672	-0.041
30.000	9.000	13.672	-0.041
40.000	9.000	13.672	-0.041
50.000	9.000	-1.953	-0.021
60.000	9.000	-1.953	-0.021
70.000	9.000	-1.953	-0.021
80.000	9.000	-13.672	0.000
90.000	9.000	-13.672	0.000
100.000	9.000	-13.672	0.000
110.000	9.000	-15.625	-0.035
120.000	9.000	-15.625	-0.035
130.000	9.000	-15.625	-0.035
140.000	9.000	1.953	-0.015
150.000	9.000	1.953	-0.015
160.000	9.000	1.953	-0.015
170.000	9.000	13.672	-0.030
180.000	9.000	13.672	-0.030
190.000	9.000	13.672	-0.030
200.000	9.000	7.812	-0.025
210.000	9.000	7.812	-0.025
220.000	9.000	7.812	-0.025
230.000	9.000	3.906	-0.019
240.000	9.000	3.906	-0.019
250.000	9.000	3.906	-0.019
260.000	9.000	-27.344	-0.023
270.000	9.000	-27.344	-0.023
280.000	9.000	-27.344	-0.023
290.000	9.000	5.859	-0.013
300.000	9.000	5.859	-0.013
310.000	9.000	5.859	-0.013
320.000	9.000	-15.625	-0.022
330.000	9.000	-15.625	-0.022
340.000	9.000	-15.625	-0.022
350.000	9.000	-19.531	-0.018
360.000	9.000	-19.531	-0.018
370.000	9.000	-19.531	-0.018
380.000	9.000	-21.484	-0.039
390.000	9.000	-21.484	-0.039
400.000	9.000	-21.484	-0.039
410.000	9.000	-3.906	-0.017
420.000	9.000	-3.906	-0.017
430.000	9.000	-3.906	-0.017
440.000	9.000	-15.625	-0.025
450.000	9.000	-15.625	-0.025
460.000	9.000	-15.625	-0.025
470.000	9.000	-17.578	-0.032
480.000	9.000	-17.578	-0.032
490.000	9.000	-17.578	-0.032
500.000	9.000	9.766	-0.023
510.000	9.000	9.766	-0.023
520.000	9.000	9.766	-0.023
530.000	9.000	-1.953	-0.007
540.000	9.000	-1.953	-0.007
550.000	9.000	-1.953	-0.007
560.000	9.000	-3.906	-0.024
570.000	9.000	-3.906	-0.024
580.000	9.000	-3.906	-0.024
590.000	9.000	-29.297	-0.017
600.000	9.000	-29.297	-0.017
610.000	9.000	-29.297	-0.017
620.000	9.000	-13.672	-0.010
630.000	9.000	-13.672	-0.010
640.000	9.000	-13.672	-0.010
650.000	9.000	-13.672	-0.015
660.000	9.000	-13.672	-0.015
670.000	9.000	-13.672	-0.015
680.000	9.000	3.906	-0.025
690.000	9.000	3.906	-0.025
700.000	9.000	3.906	-0.025
710.000	9.000	7.812	-0.017
720.000	9.000	7.812	-0.017
730.000	9.000	7.812	-0.017
740.000	9.000	0.000	-0.019
750.000	9.000	0.000	-0.019
760.000	9.000	0.000	-0.019
770.000	9.000	-7.812	-0.028
780.000	9.000	-7.812	-0.028
790.000	9.000	-7.812	-0.028
800.000	9.000	9.766	-0.010
810.000	9.000	9.766	-0.010
820.000	9.000	9.766	-0.010
830.000	9.000	-11.719	-0.014
840.000	9.000	-11.719	-0.014
850.000	9.000	-11.719	-0.014
860.000	9.000	3.906	-0.021
870.000	9.000	3.906	-0.021
880.000	9.000	3.906	-0.021
890.000	9.000	-7.812	-0.014
900.000	9.000	-7.812	-0.014
910.000	9.000	-7.812	-0.014
920.000	9.000	-27.344	-0.015
930.000	9.000	-27.344	-0.015
940.000	9.000	-27.344	-0.015
950.000	9.000	-11.719	-0.024
960.000	9.000	-11.719	-0.024
970.000	9.000	-11.719	-0.024
980.000	9.000	7.812	-0.011
990.000	9.000	7.812	-0.011
1000.000	9.000	7.812	-0.011
1010.000	9.000	-5.859	-0.010
1020.000	9.000	-5.859	-0.010
1030.000	9.000	-5.859	-0.010
1040.000	9.000	-7.812	-0.012
1050.000	9.000	-7.812	-0.012
1060.000	9.000	-7.812	-0.012
1070.000	9.000	-27.344	-0.018
1080.000	9.000	-27.344	-0.018
1090.000	9.000	-27.344	-0.018
1100.000	9.000	-7.812	0.138
1110.000	9.000	-7.812	0.138
1120.000	9.000	-7.812	0.138
1130.000	9.000	11.719	0.194
1140.000	9.000	11.719	0.194
1150.000	9.000	11.719	0.194
1160.000	9.000	-11.719	0.214
1170.000	9.000	-11.719	0.214
1180.000	9.000	-11.719	0.214
1190.000	9.000	1.953	0.268
1200.000	9.000	1.953	0.268
1210.000	9.000	1.953	0.268
1220.000	9.000	74.219	0.240
1230.000	9.000	74.219	0.240
1240.000	9.000	74.219	0.240
1250.000	9.000	46.875	0.256
1260.000	9.000	46.875	0.256
1270.000	9.000	46.875	0.256
1280.000	9.000	72.266	0.271
1290.000	9.000	72.266	0.271
1300.000	9.000	72.266	0.271
1310.000	9.000	121.094	0.255
1320.000	9.000	121.094	0.255
1330.000	9.000	121.094	0.255
1340.000	9.000	91.797	0.256
1350.000	9.000	91.797	0.256
1360.000	9.000	91.797	0.256
1370.000	9.000	175.781	0.241
1380.000	9.000	175.781	0.241
1390.000	9.000	175.781	0.241
1400.000	9.000	154.297	0.263
1410.000	9.000	154.297	0.263
1420.000	9.000	154.297	0.263
1430.000	9.000	193.359	0.239
1440.000	9.000	193.359	0.239
1450.000	9.000	193.359	0.239
1460.000	9.000	207.031	0.263
1470.000	9.000	207.031	0.263
1480.000	9.000	207.031	0.263
1490.000	9.000	232.422	0.269
1500.000	9.000	232.422	0.269
1510.000	9.000	232.422	0.269
1520.000	9.000	251.953	0.252
1530.000	9.000	251.953	0.252
1540.000	9.000	251.953	0.252
1550.000	9.000	255.859	0.258
1560.000	9.000	255.859	0.258
1570.000	9.000	255.859	0.258
1580.000	9.000	267.578	0.265
1590.000	9.000	267.578	0.265
1600.000	9.000	267.578	0.265
1610.000	9.000	292.969	0.254
1620.000	9.000	292.969	0.254
1630.000	9.000	292.969	0.254
1640.000	9.000	296.875	0.258
1650.000	9.000	296.875	0.258
1660.000	9.000	296.875	0.258
1670.000	9.000	294.922	0.236
1680.000	9.000	294.922	0.236
1690.000	9.000	294.922	0.236
1700.000	9.000	343.750	0.247
1710.000	9.000	343.750	0.247
1720.000	9.000	343.750	0.247
1730.000	9.000	365.234	0.267
1740.000	9.000	365.234	0.267
1750.000	9.000	365.234	0.267
1760.000	9.000	363.281	0.274
1770.000	9.000	363.281	0.274
1780.000	9.000	363.281	0.274
1790.000	9.000	429.687	0.266
1800.000	9.000	429.687	0.266
1810.000	9.000	429.687	0.266
1820.000	9.000	386.719	0.271
1830.000	9.000	386.719	0.271
1840.000	9.000	386.719	0.271
1850.000	9.000	462.891	0.241
1860.000	9.000	462.891	0.241
1870.000	9.000	462.891	0.241
1880.000	9.000	414.062	0.270
1890.000	9.000	414.062	0.270
1900.000	9.000	414.062	0.270
1910.000	9.000	476.562	0.263
1920.000	9.000	476.562	0.263
1930.000	9.000	476.562	0.263
1940.000	9.000	501.953	0.255
1950.000	9.000	501.953	0.255
1960.000	9.000	501.953	0.255
1970.000	9.000	501.953	0.279
1980.000	9.000	501.953	0.279
1990.000	9.000	501.953	0.279
2000.000	9.000	505.859	0.266
2010.000	9.000	505.859	0.266
2020.000	9.000	505.859	0.266
2030.000	9.000	525.391	0.272
2040.000	9.000	525.391	0.272
2050.000	9.000	525.391	0.272
2060.000	9.000	523.437	0.269
2070.000	9.000	523.437	0.269
2080.000	9.000	523.437	0.269
2090.000	9.000	580.078	0.272
2100.000	9.000	580.078	0.272
2110.000	9.000	580.078	0.272
2120.000	9.000	603.516	0.261
2130.000	9.000	603.516	0.261
2140.000	9.000	603.516	0.261
2150.000	9.000	619.141	0.270
2160.000	9.000	619.141	0.270
2170.000	9.000	619.141	0.270
2180.000	9.000	660.156	0.259
2190.000	9.000	660.156	0.259
2200.000	9.000	660.156	0.259
2210.000	9.000	642.578	0.275
2220.000	9.000	642.578	0.275
2230.000	9.000	642.578	0.275
2240.000	9.000	650.391	0.248
2250.000	9.000	650.391	0.248
2260.000	9.000	650.391	0.248
2270.000	9.000	687.500	0.271
2280.000	9.000	687.500	0.271
2290.000	9.000	687.500	0.271
2300.000	9.000	699.219	0.252
2310.000	9.000	699.219	0.252
2320.000	9.000	699.219	0.252
2330.000	9.000	714.844	0.240
2340.000	9.000	714.844	0.240
2350.000	9.000	714.844	0.240
2360.000	9.000	712.891	0.256
2370.000	9.000	712.891	0.256
2380.000	9.000	712.891	0.256
2390.000	9.000	767.578	0.267
2400.000	9.000	767.578	0.267
2410.000	9.000	767.578	0.267
2420.000	9.000	777.344	0.261
2430.000	9.000	777.344	0.261
2440.000	9.000	777.344	0.261
2450.000	9.000	783.203	0.272
2460.000	9.000	783.203	0.272
2470.000	9.000	783.203	0.272
2480.000	9.000	800.781	0.242
2490.000	9.000	800.781	0.242
2500.000	9.000	800.781	0.242
2510.000	9.000	777.344	0.280
2520.000	9.000	777.344	0.280
2530.000	9.000	777.344	0.280
2540.000	9.000	837.891	0.256
2550.000	9.000	837.891	0.256
2560.000	9.000	837.891	0.256
2570.000	9.000	865.234	0.251
2580.000	9.000	865.234	0.251
2590.000	9.000	865.234	0.251
2600.000	9.000	875.000	0.249
2610.000	9.000	875.000	0.249
2620.000	9.000	875.000	0.249
2630.000	9.000	875.000	0.273
2640.000	9.000	875.000	0.273
2650.000	9.000	875.000	0.273
2660.000	9.000	917.969	0.247
2670.000	9.000	917.969	0.247
2680.000	9.000	917.969	0.247
2690.000	9.000	906.250	0.270
2700.000	9.000	906.250	0.270
2710.000	9.000	906.250	0.270
2720.000	9.000	916.016	0.280
2730.000	9.000	916.016	0.280
2740.000	9.000	916.016	0.280
2750.000	9.000	912.109	0.257
2760.000	9.000	912.109	0.257
2770.000	9.000	912.109	0.257
2780.000	9.000	970.703	0.265
2790.000	9.000	970.703	0.265
2800.000	9.000	970.703	0.265
2810.000	9.000	933.594	0.263
2820.000	9.000	933.594	0.263
2830.000	9.000	933.594	0.263
2840.000	9.000	955.078	0.264
2850.000	9.000	955.078	0.264
2860.000	9.000	955.078	0.264
2870.000	9.000	1005.859	0.240
2880.000	9.000	1005.859	0.240
2890.000	9.000	1005.859	0.240
2900.000	9.000	988.281	0.265
2910.000	9.000	988.281	0.265
2920.000	9.000	988.281	0.265
2930.000	9.000	1056.641	0.265
2940.000	9.000	1056.641	0.265
2950.000	9.000	1056.641	0.265
2960.000	9.000	1042.969	0.248
2970.000	9.000	1042.969	0.248
2980.000	9.000	1042.969	0.248
2990.000	9.000	1058.594	0.237
3000.000	9.000	1058.594	0.237
3010.000	9.000	1058.594	0.237
3020.000	9.000	1095.703	0.263
3030.000	9.000	1095.703	0.263
3040.000	9.000	1095.703	0.263
3050.000	9.000	1066.406	0.245
3060.000	9.000	1066.406	0.245
3070.000	9.000	1066.406	0.245
3080.000	9.000	1113.281	0.239
3090.000	9.000	1113.281	0.239
3100.000	9.000	1113.281	0.239
3110.000	9.000	1099.609	0.273
3120.000	9.000	1099.609	0.273
3130.000	9.000	1099.609	0.273
3140.000	9.000	1101.562	0.241
3150.000	9.000	1101.562	0.241
3160.000	9.000	1101.562	0.241
3170.000	9.000	1146.484	0.254
3180.000	9.000	1146.484	0.254
3190.000	9.000	1146.484	0.254
3200.000	9.000	1160.156	0.261
3210.000	9.000	1160.156	0.261
3220.000	9.000	1160.156	0.261
3230.000	9.000	1160.156	0.260
3240.000	9.000	1160.156	0.260
3250.000	9.000	1160.156	0.260
3260.000	9.000	1207.031	0.274
3270.000	9.000	1207.031	0.274
3280.000	9.000	1207.031	0.274
3290.000	9.000	1228.516	0.270
3300.000	9.000	1228.516	0.270
3310.000	9.000	1228.516	0.270
3320.000	9.000	1187.500	0.271
3330.000	9.000	1187.500	0.271
3340.000	9.000	1187.500	0.271
3350.000	9.000	1242.187	0.277
3360.000	9.000	1242.187	0.277
3370.000	9.000	1242.187	0.277
3380.000	9.000	1242.187	0.271
3390.000	9.000	1242.187	0.271
3400.000	9.000	1242.187	0.271
3410.000	9.000	1271.484	0.242
3420.000	9.000	1271.484	0.242
3430.000	9.000	1271.484	0.242
3440.000	9.000	1298.828	0.235
3450.000	9.000	1298.828	0.235
3460.000	9.000	1298.828	0.235
3470.000	9.000	1281.250	0.232
3480.000	9.000	1281.250	0.232
3490.000	9.000	1281.250	0.232
3500.000	9.000	1326.172	0.241
3510.000	9.000	1326.172	0.241
3520.000	9.000	1326.172	0.241
3530.000	9.000	1330.078	0.245
3540.000	9.000	1330.078	0.245
3550.000	9.000	1330.078	0.245
3560.000	9.000	1343.750	0.266
3570.000	9.000	1343.750	0.266
3580.000	9.000	1343.750	0.266
3590.000	9.000	1378.906	0.267
3600.000	9.000	1378.906	0.267
3610.000	9.000	1378.906	0.267
3620.000	9.000	1394.531	0.232
3630.000	9.000	1394.531	0.232
3640.000	9.000	1394.531	0.232
3650.000	9.000	1394.531	0.247
3660.000	9.000	1394.531	0.247
3670.000	9.000	1394.531	0.247
3680.000	9.000	1414.062	0.251
3690.000	9.000	1414.062	0.251
3700.000	9.000	1414.062	0.251
3710.000	9.000	1445.312	0.258
3720.000	9.000	1445.312	0.258
3730.000	9.000	1445.312	0.258
3740.000	9.000	1480.469	0.256
3750.000	9.000	1480.469	0.256
3760.000	9.000	1480.469	0.256
3770.000	9.000	1439.453	0.272
3780.000	9.000	1439.453	0.272
3790.000	9.000	1439.453	0.272
3800.000	9.000	1460.937	0.230
3810.000	9.000	1460.937	0.230
3820.000	9.000	1460.937	0.230
3830.000	9.000	1470.703	0.237
3840.000	9.000	1470.703	0.237
3850.000	9.000	1470.703	0.237
3860.000	9.000	1486.328	0.254
3870.000	9.000	1486.328	0.254
3880.000	9.000	1486.328	0.254
3890.000	9.000	1492.187	0.252
3900.000	9.000	1492.187	0.252
3910.000	9.000	1492.187	0.252
3920.000	9.000	1500.000	0.252
3930.000	9.000	1500.000	0.252
3940.000	9.000	1500.000	0.252
3950.000	9.000	1546.875	0.280
3960.000	9.000	1546.875	0.280
3970.000	9.000	1546.875	0.280
3980.000	9.000	1550.781	0.262
3990.000	9.000	1550.781	0.262
4000.000	9.000	1550.781	0.262
4010.000	9.000	1554.687	0.256
4020.000	9.000	1554.687	0.256
4030.000	9.000	1554.687	0.256
4040.000	9.000	1591.797	0.261
4050.000	9.000	1591.797	0.261
4060.000	9.000	1591.797	0.261
4070.000	9.000	1562.500	0.250
4080.000	9.000	1562.500	0.250
4090.000	9.000	1562.500	0.250
4100.000	9.000	1591.797	0.239
4110.000	9.000	1591.797	0.239
4120.000	9.000	1591.797	0.239
4130.000	9.000	1593.750	0.245
4140.000	9.000	1593.750	0.245
4150.000	9.000	1593.750	0.245
4160.000	9.000	1646.484	0.271
4170.000	9.000	1646.484	0.271
4180.000	9.000	1646.484	0.271
4190.000	9.000	1615.234	0.253
4200.000	9.000	1615.234	0.253
4210.000	9.000	1615.234	0.253
4220.000	9.000	1640.625	0.242
4230.000	9.000	1640.625	0.242
4240.000	9.000	1640.625	0.242
4250.000	9.000	1675.781	0.266
4260.000	9.000	1675.781	0.266
4270.000	9.000	1675.781	0.266
4280.000	9.000	1691.406	0.252
4290.000	9.000	1691.406	0.252
4300.000	9.000	1691.406	0.252
4310.000	9.000	1687.500	0.239
4320.000	9.000	1687.500	0.239
4330.000	9.000	1687.500	0.239
4340.000	9.000	1736.328	0.263
4350.000	9.000	1736.328	0.263
4360.000	9.000	1736.328	0.263
4370.000	9.000	1679.687	0.259
4380.000	9.000	1679.687	0.259
4390.000	9.000	1679.687	0.259
4400.000	9.000	1744.141	0.284
4410.000	9.000	1744.141	0.284
4420.000	9.000	1744.141	0.284
4430.000	9.000	1785.156	0.253
4440.000	9.000	1785.156	0.253
4450.000	9.000	1785.156	0.253
4460.000	9.000	1751.953	0.270
4470.000	9.000	1751.953	0.270
4480.000	9.000	1751.953	0.270
4490.000	9.000	1757.812	0.262
4500.000	9.000	1757.812	0.262
4510.000	9.000	1757.812	0.262
4520.000	9.000	1777.344	0.262
4530.000	9.000	1777.344	0.262
4540.000	9.000	1777.344	0.262
4550.000	9.000	1798.828	0.250
4560.000	9.000	1798.828	0.250
4570.000	9.000	1798.828	0.250
4580.000	9.000	1820.312	0.271
4590.000	9.000	1820.312	0.271
4600.000	9.000	1820.312	0.271
4610.000	9.000	1826.172	0.246
4620.000	9.000	1826.172	0.246
4630.000	9.000	1826.172	0.246
4640.000	9.000	1855.469	0.260
4650.000	9.000	1855.469	0.260
4660.000	9.000	1855.469	0.260
4670.000	9.000	1849.609	0.267
4680.000	9.000	1849.609	0.267
4690.000	9.000	1849.609	0.267
4700.000	9.000	1839.844	0.250
4710.000	9.000	1839.844	0.250
4720.000	9.000	1839.844	0.250
4730.000	9.000	1916.016	0.264
4740.000	9.000	1916.016	0.264
4750.000	9.000	1916.016	0.264
4760.000	9.000	1910.156	0.248
4770.000	9.000	1910.156	0.248
4780.000	9.000	1910.156	0.248
4790.000	9.000	1912.109	0.258
4800.000	9.000	1912.109	0.258
4810.000	9.000	1912.109	0.258
4820.000	9.000	1923.828	0.247
4830.000	9.000	1923.828	0.247
4840.000	9.000	1923.828	0.247
4850.000	9.000	1917.969	0.263
4860.000	9.000	1917.969	0.263
4870.000	9.000	1917.969	0.263
4880.000	9.000	1927.734	0.250
4890.000	9.000	1927.734	0.250
4900.000	9.000	1927.734	0.250
4910.000	9.000	1976.562	0.271
4920.000	9.000	1976.562	0.271
4930.000	9.000	1976.562	0.271
4940.000	9.000	1941.406	0.264
4950.000	9.000	1941.406	0.264
4960.000	9.000	1941.406	0.264
4970.000	9.000	1968.750	0.276
4980.000	9.000	1968.750	0.276
4990.000	9.000	1968.750	0.276
5000.000	9.000	2013.672	0.249
5010.000	9.000	2013.672	0.249
5020.000	9.000	2013.672	0.249
5030.000	9.000	2000.000	0.249
5040.000	9.000	2000.000	0.249
5050.000	9.000	2000.000	0.249
5060.000	9.000	2029.297	0.250
5070.000	9.000	2029.297	0.250
5080.000	9.000	2029.297	0.250
5090.000	9.000	2009.766	0.251
5100.000	9.000	2009.766	0.251
5110.000	9.000	2009.766	0.251
5120.000	9.000	2066.406	0.250
5130.000	9.000	2066.406	0.250
5140.000	9.000	2066.406	0.250
5150.000	9.000	2052.734	0.271
5160.000	9.000	2052.734	0.271
5170.000	9.000	2052.734	0.271
5180.000	9.000	2097.656	0.242
5190.000	9.000	2097.656	0.242
5200.000	9.000	2097.656	0.242
5210.000	9.000	2054.687	0.265
5220.000	9.000	2054.687	0.265
5230.000	9.000	2054.687	0.265
5240.000	9.000	2136.719	0.260
5250.000	9.000	2136.719	0.260
5260.000	9.000	2136.719	0.260
5270.000	9.000	2130.859	0.249
5280.000	9.000	2130.859	0.249
5290.000	9.000	2130.859	0.249
5300.000	9.000	2150.391	0.246
5310.000	9.000	2150.391	0.246
5320.000	9.000	2150.391	0.246
5330.000	9.000	2162.109	0.258
5340.000	9.000	2162.109	0.258
5350.000	9.000	2162.109	0.258
5360.000	9.000	2150.391	0.254
5370.000	9.000	2150.391	0.254
5380.000	9.000	2150.391	0.254
5390.000	9.000	2160.156	0.250
5400.000	9.000	2160.156	0.250
5410.000	9.000	2160.156	0.250
5420.000	9.000	2169.922	0.272
5430.000	9.000	2169.922	0.272
5440.000	9.000	2169.922	0.272
5450.000	9.000	2173.828	0.269
5460.000	9.000	2173.828	0.269
5470.000	9.000	2173.828	0.269
5480.000	9.000	2148.437	0.266
5490.000	9.000	2148.437	0.266
5500.000	9.000	2148.437	0.266
5510.000	9.000	2234.375	0.260
5520.000	9.000	2234.375	0.260
5530.000	9.000	2234.375	0.260
5540.000	9.000	2203.125	0.233
5550.000	9.000	2203.125	0.233
5560.000	9.000	2203.125	0.233
5570.000	9.000	2248.047	0.240
5580.000	9.000	2248.047	0.240
5590.000	9.000	2248.047	0.240
5600.000	9.000	2253.906	0.234
5610.000	9.000	2253.906	0.234
5620.000	9.000	2253.906	0.234
5630.000	9.000	2242.187	0.274
5640.000	9.000	2242.187	0.274
5650.000	9.000	2242.187	0.274
5660.000	9.000	2281.250	0.245
5670.000	9.000	2281.250	0.245
5680.000	9.000	2281.250	0.245
5690.000	9.000	2316.406	0.248
5700.000	9.000	2316.406	0.248
5710.000	9.000	2316.406	0.248
5720.000	9.000	2289.062	0.244
5730.000	9.000	2289.062	0.244
5740.000	9.000	2289.062	0.244
5750.000	9.000	2294.922	0.244
5760.000	9.000	2294.922	0.244
5770.000	9.000	2294.922	0.244
5780.000	9.000	2285.156	0.262
5790.000	9.000	2285.156	0.262
5800.000	9.000	2285.156	0.262
5810.000	9.000	2343.750	0.248
5820.000	9.000	2343.750	0.248
5830.000	9.000	2343.750	0.248
5840.000	9.000	2351.562	0.232
5850.000	9.000	2351.562	0.232
5860.000	9.000	2351.562	0.232
5870.000	9.000	2365.234	0.267
5880.000	9.000	2365.234	0.267
5890.000	9.000	2365.234	0.267
5900.000	9.000	2357.422	0.259
5910.000	9.000	2357.422	0.259
5920.000	9.000	2357.422	0.259
5930.000	9.000	2414.062	0.254
5940.000	9.000	2414.062	0.254
5950.000	9.000	2414.062	0.254
5960.000	9.000	2396.484	0.270
5970.000	9.000	2396.484	0.270
5980.000	9.000	2396.484	0.270
5990.000	9.000	2375.000	0.229
6000.000	9.000	2375.000	0.229
6010.000	9.000	2375.000	0.229
6020.000	9.000	2429.687	0.242
6030.000	9.000	2429.687	0.242
6040.000	9.000	2429.687	0.242
6050.000	9.000	2453.125	0.260
6060.000	9.000	2453.125	0.260
6070.000	9.000	2453.125	0.260
6080.000	9.000	2462.891	0.238
6090.000	9.000	2462.891	0.238
6100.000	9.000	2462.891	0.238
6110.000	9.000	2441.406	0.271
6120.000	9.000	2441.406	0.271
6130.000	9.000	2441.406	0.271
6140.000	9.000	2451.172	0.251
6150.000	9.000	2451.172	0.251
6160.000	9.000	2451.172	0.251
6170.000	9.000	2503.906	0.266
6180.000	9.000	2503.906	0.266
6190.000	9.000	2503.906	0.266
6200.000	9.000	2472.656	0.259
6210.000	9.000	2472.656	0.259
6220.000	9.000	2472.656	0.259
6230.000	9.000	2492.187	0.266
6240.000	9.000	2492.187	0.266
6250.000	9.000	2492.187	0.266
6260.000	9.000	2498.047	0.258
6270.000	9.000	2498.047	0.258
6280.000	9.000	2498.047	0.258
6290.000	9.000	2539.062	0.241
6300.000	9.000	2539.062	0.241
6310.000	9.000	2539.062	0.241
6320.000	9.000	2539.062	0.252
6330.000	9.000	2539.062	0.252
6340.000	9.000	2539.062	0.252
6350.000	9.000	2566.406	0.265
6360.000	9.000	2566.406	0.265
6370.000	9.000	2566.406	0.265
6380.000	9.000	2566.406	0.251
6390.000	9.000	2566.406	0.251
6400.000	9.000	2566.406	0.251
6410.000	9.000	2546.875	0.266
6420.000	9.000	2546.875	0.266
6430.000	9.000	2546.875	0.266
6440.000	9.000	2574.219	0.243
6450.000	9.000	2574.219	0.243
6460.000	9.000	2574.219	0.243
6470.000	9.000	2597.656	0.240
6480.000	9.000	2597.656	0.240
6490.000	9.000	2597.656	0.240
6500.000	9.000	2574.219	0.256
6510.000	9.000	2574.219	0.256
6520.000	9.000	2574.219	0.256
6530.000	9.000	2599.609	0.226
6540.000	9.000	2599.609	0.226
6550.000	9.000	2599.609	0.226
6560.000	9.000	2615.234	0.251
6570.000	9.000	2615.234	0.251
6580.000	9.000	2615.234	0.251
6590.000	9.000	2638.672	0.267
6600.000	9.000	2638.672	0.267
6610.000	9.000	2638.672	0.267
6620.000	9.000	2660.156	0.263
6630.000	9.000	2660.156	0.263
6640.000	9.000	2660.156	0.263
6650.000	9.000	2664.062	0.264
6660.000	9.000	2664.062	0.264
6670.000	9.000	2664.062	0.264
6680.000	9.000	2664.062	0.259
6690.000	9.000	2664.062	0.259
6700.000	9.000	2664.062	0.259
6710.000	9.000	2669.922	0.252
6720.000	9.000	2669.922	0.252
6730.000	9.000	2669.922	0.252
6740.000	9.000	2656.250	0.247
6750.000	9.000	2656.250	0.247
6760.000	9.000	2656.250	0.247
6770.000	9.000	2691.406	0.258
6780.000	9.000	2691.406	0.258
6790.000	9.000	2691.406	0.258
6800.000	9.000	2708.984	0.270
6810.000	9.000	2708.984	0.270
6820.000	9.000	2708.984	0.270
6830.000	9.000	2708.984	0.268
6840.000	9.000	2708.984	0.268
6850.000	9.000	2708.984	0.268
6860.000	9.000	2710.937	0.246
6870.000	9.000	2710.937	0.246
6880.000	9.000	2710.937	0.246
6890.000	9.000	2744.141	0.255
6900.000	9.000	2744.141	0.255
6910.000	9.000	2744.141	0.255
6920.000	9.000	2732.422	0.263
6930.000	9.000	2732.422	0.263
6940.000	9.000	2732.422	0.263
6950.000	9.000	2732.422	0.266
6960.000	9.000	2732.422	0.266
6970.000	9.000	2732.422	0.266
6980.000	9.000	2769.531	0.248
6990.000	9.000	2769.531	0.248
7000.000	9.000	2769.531	0.248
7010.000	9.000	2785.156	0.250
7020.000	9.000	2785.156	0.250
7030.000	9.000	2785.156	0.250
7040.000	9.000	2783.203	0.234
7050.000	9.000	2783.203	0.234
7060.000	9.000	2783.203	0.234
7070.000	9.000	2806.641	0.258
7080.000	9.000	2806.641	0.258
7090.000	9.000	2806.641	0.258
7100.000	9.000	2804.687	0.251
7110.000	9.000	2804.687	0.251
7120.000	9.000	2804.687	0.251
7130.000	9.000	2855.469	0.229
7140.000	9.000	2855.469	0.229
7150.000	9.000	2855.469	0.229
7160.000	9.000	2841.797	0.267
7170.000	9.000	2841.797	0.267
7180.000	9.000	2841.797	0.267
7190.000	9.000	2851.562	0.226
7200.000	9.000	2851.562	0.226
7210.000	9.000	2851.562	0.226
7220.000	9.000	2880.859	0.263
7230.000	9.000	2880.859	0.263
7240.000	9.000	2880.859	0.263
7250.000	9.000	2888.672	0.268
7260.000	9.000	2888.672	0.268
7270.000	9.000	2888.672	0.268
7280.000	9.000	2906.250	0.255
7290.000	9.000	2906.250	0.255
7300.000	9.000	2906.250	0.255
7310.000	9.000	2910.156	0.234
7320.000	9.000	2910.156	0.234
7330.000	9.000	2910.156	0.234
7340.000	9.000	2931.641	0.251
7350.000	9.000	2931.641	0.251
7360.000	9.000	2931.641	0.251
7370.000	9.000	2894.531	0.246
7380.000	9.000	2894.531	0.246
7390.000	9.000	2894.531	0.246
7400.000	9.000	2919.922	0.248
7410.000	9.000	2919.922	0.248
7420.000	9.000	2919.922	0.248
7430.000	9.000	2945.312	0.256
7440.000	9.000	2945.312	0.256
7450.000	9.000	2945.312	0.256
7460.000	9.000	2962.891	0.267
7470.000	9.000	2962.891	0.267
7480.000	9.000	2962.891	0.267
7490.000	9.000	2931.641	0.252
7500.000	9.000	2931.641	0.252
7510.000	9.000	2931.641	0.252
7520.000	9.000	2949.219	0.244
7530.000	9.000	2949.219	0.244
7540.000	9.000	2949.219	0.244
7550.000	9.000	2960.937	0.229
7560.000	9.000	2960.937	0.229
7570.000	9.000	2960.937	0.229
7580.000	9.000	2962.891	0.245
7590.000	9.000	2962.891	0.245
7600.000	9.000	2962.891	0.245
7610.000	9.000	2998.047	0.243
7620.000	9.000	2998.047	0.243
7630.000	9.000	2998.047	0.243
7640.000	9.000	3013.672	0.250
7650.000	9.000	3013.672	0.250
7660.000	9.000	3013.672	0.250
7670.000	9.000	3046.875	0.248
7680.000	9.000	3046.875	0.248
7690.000	9.000	3046.875	0.248
7700.000	9.000	3019.531	0.261
7710.000	9.000	3019.531	0.261
7720.000	9.000	3019.531	0.261
7730.000	9.000	3031.250	0.259
7740.000	9.000	3031.250	0.259
7750.000	9.000	3031.250	0.259
7760.000	9.000	3019.531	0.233
7770.000	9.000	3019.531	0.233
7780.000	9.000	3019.531	0.233
7790.000	9.000	3062.500	0.270
7800.000	9.000	3062.500	0.270
7810.000	9.000	3062.500	0.270
7820.000	9.000	3050.781	0.265
7830.000	9.000	3050.781	0.265
7840.000	9.000	3050.781	0.265
7850.000	9.000	3056.641	0.256
7860.000	9.000	3056.641	0.256
7870.000	9.000	3056.641	0.256
7880.000	9.000	3097.656	0.246
7890.000	9.000	3097.656	0.246
7900.000	9.000	3097.656	0.246
7910.000	9.000	3068.359	0.243
7920.000	9.000	3068.359	0.243
7930.000	9.000	3068.359	0.243
7940.000	9.000	3126.953	0.247
7950.000	9.000	3126.953	0.247
7960.000	9.000	3126.953	0.247
7970.000	9.000	3123.047	0.263
7980.000	9.000	3123.047	0.263
7990.000	9.000	3123.047	0.263
8000.000	9.000	3123.047	0.249
8010.000	9.000	3123.047	0.249
8020.000	9.000	3123.047	0.249
8030.000	9.000	3138.672	0.253
8040.000	9.000	3138.672	0.253
8050.000	9.000	3138.672	0.253
8060.000	9.000	3160.156	0.264
8070.000	9.000	3160.156	0.264
8080.000	9.000	3160.156	0.264
8090.000	9.000	3189.453	0.259
8100.000	9.000	3189.453	0.259
8110.000	9.000	3189.453	0.259
8120.000	9.000	3171.875	0.269
8130.000	9.000	3171.875	0.269
8140.000	9.000	3171.875	0.269
8150.000	9.000	3164.062	0.245
8160.000	9.000	3164.062	0.245
8170.000	9.000	3164.062	0.245
8180.000	9.000	3169.922	0.233
8190.000	9.000	3169.922	0.233
8200.000	9.000	3169.922	0.233
8210.000	9.000	3183.594	0.234
8220.000	9.000	3183.594	0.234
8230.000	9.000	3183.594	0.234
8240.000	9.000	3201.172	0.235
8250.000	9.000	3201.172	0.235
8260.000	9.000	3201.172	0.235
8270.000	9.000	3195.312	0.241
8280.000	9.000	3195.312	0.241
8290.000	9.000	3195.312	0.241
8300.000	9.000	3169.922	0.251
8310.000	9.000	3169.922	0.251
8320.000	9.000	3169.922	0.251
8330.000	9.000	3261.719	0.258
8340.000	9.000	3261.719	0.258
8350.000	9.000	3261.719	0.258
8360.000	9.000	3248.047	0.222
8370.000	9.000	3248.047	0.222
8380.000	9.000	3248.047	0.222
8390.000	9.000	3242.187	0.252
8400.000	9.000	3242.187	0.252
8410.000	9.000	3242.187	0.252
8420.000	9.000	3253.906	0.254
8430.000	9.000	3253.906	0.254
8440.000	9.000	3253.906	0.254
8450.000	9.000	3289.062	0.263
8460.000	9.000	3289.062	0.263
8470.000	9.000	3289.062	0.263
8480.000	9.000	3259.766	0.252
8490.000	9.000	3259.766	0.252
8500.000	9.000	3259.766	0.252
8510.000	9.000	3304.687	0.235
8520.000	9.000	3304.687	0.235
8530.000	9.000	3304.687	0.235
8540.000	9.000	3326.172	0.255
8550.000	9.000	3326.172	0.255
8560.000	9.000	3326.172	0.255
8570.000	9.000	3275.391	0.259
8580.000	9.000	3275.391	0.259
8590.000	9.000	3275.391	0.259
8600.000	9.000	3330.078	0.257
8610.000	9.000	3330.078	0.257
8620.000	9.000	3330.078	0.257
8630.000	9.000	3369.141	0.229
8640.000	9.000	3369.141	0.229
8650.000	9.000	3369.141	0.229
8660.000	9.000	3330.078	0.261
8670.000	9.000	3330.078	0.261
8680.000	9.000	3330.078	0.261
8690.000	9.000	3343.750	0.227
8700.000	9.000	3343.750	0.227
8710.000	9.000	3343.750	0.227
8720.000	9.000	3380.859	0.242
8730.000	9.000	3380.859	0.242
8740.000	9.000	3380.859	0.242
8750.000	9.000	3404.297	0.233
8760.000	9.000	3404.297	0.233
8770.000	9.000	3404.297	0.233
8780.000	9.000	3398.437	0.239
8790.000	9.000	3398.437	0.239
8800.000	9.000	3398.437	0.239
8810.000	9.000	3371.094	0.250
8820.000	9.000	3371.094	0.250
8830.000	9.000	3371.094	0.250
8840.000	9.000	3445.312	0.260
8850.000	9.000	3445.312	0.260
8860.000	9.000	3445.312	0.260
8870.000	9.000	3425.781	0.248
8880.000	9.000	3425.781	0.248
8890.000	9.000	3425.781	0.248
8900.000	9.000	3433.594	0.249
8910.000	9.000	3433.594	0.249
8920.000	9.000	3433.594	0.249
8930.000	9.000	3400.391	0.244
8940.000	9.000	3400.391	0.244
8950.000	9.000	3400.391	0.244
8960.000	9.000	3455.078	0.262
8970.000	9.000	3455.078	0.262
8980.000	9.000	3455.078	0.262
8990.000	9.000	3453.125	0.242
9000.000	9.000	3453.125	0.242
9010.000	9.000	3453.125	0.242
9020.000	9.000	3484.375	0.258
9030.000	9.000	3484.375	0.258
9040.000	9.000	3484.375	0.258
9050.000	9.000	3501.953	0.269
9060.000	9.000	3501.953	0.269
9070.000	9.000	3501.953	0.269
9080.000	9.000	3496.094	0.252
9090.000	9.000	3496.094	0.252
9100.000	9.000	3496.094	0.252
9110.000	9.000	3480.469	0.252
9120.000	9.000	3480.469	0.252
9130.000	9.000	3480.469	0.252
9140.000	9.000	3501.953	0.265
9150.000	9.000	3501.953	0.265
9160.000	9.000	3501.953	0.265
9170.000	9.000	3517.578	0.246
9180.000	9.000	3517.578	0.246
9190.000	9.000	3517.578	0.246
9200.000	9.000	3484.375	0.242
9210.000	9.000	3484.375	0.242
9220.000	9.000	3484.375	0.242
9230.000	9.000	3523.437	0.255
9240.000	9.000	3523.437	0.255
9250.000	9.000	3523.437	0.255
9260.000	9.000	3562.500	0.266
9270.000	9.000	3562.500	0.266
9280.000	9.000	3562.500	0.266
9290.000	9.000	3531.250	0.263
9300.000	9.000	3531.250	0.263
9310.000	9.000	3531.250	0.263
9320.000	9.000	3548.828	0.234
9330.000	9.000	3548.828	0.234
9340.000	9.000	3548.828	0.234
9350.000	9.000	3513.672	0.246
9360.000	9.000	3513.672	0.246
9370.000	9.000	3513.672	0.246
9380.000	9.000	3544.922	0.244
9390.000	9.000	3544.922	0.244
9400.000	9.000	3544.922	0.244
9410.000	9.000	3552.734	0.263
9420.000	9.000	3552.734	0.263
9430.000	9.000	3552.734	0.263
9440.000	9.000	3593.750	0.249
9450.000	9.000	3593.750	0.249
9460.000	9.000	3593.750	0.249
9470.000	9.000	3595.703	0.243
9480.000	9.000	3595.703	0.243
9490.000	9.000	3595.703	0.243
9500.000	9.000	3591.797	0.255
9510.000	9.000	3591.797	0.255
9520.000	9.000	3591.797	0.255
9530.000	9.000	3613.281	0.240
9540.000	9.000	3613.281	0.240
9550.000	9.000	3613.281	0.240
9560.000	9.000	3628.906	0.250
9570.000	9.000	3628.906	0.250
9580.000	9.000	3628.906	0.250
9590.000	9.000	3625.000	0.245
9600.000	9.000	3625.000	0.245
9610.000	9.000	3625.000	0.245
9620.000	9.000	3662.109	0.243
9630.000	9.000	3662.109	0.243
9640.000	9.000	3662.109	0.243
9650.000	9.000	3660.156	0.241
9660.000	9.000	3660.156	0.241
9670.000	9.000	3660.156	0.241
9680.000	9.000	3656.250	0.249
9690.000	9.000	3656.250	0.249
9700.000	9.000	3656.250	0.249
9710.000	9.000	3634.766	0.238
9720.000	9.000	3634.766	0.238
9730.000	9.000	3634.766	0.238
9740.000	9.000	3679.687	0.244
9750.000	9.000	3679.687	0.244
9760.000	9.000	3679.687	0.244
9770.000	9.000	3708.984	0.241
9780.000	9.000	3708.984	0.241
9790.000	9.000	3708.984	0.241
9800.000	9.000	3685.547	0.260
9810.000	9.000	3685.547	0.260
9820.000	9.000	3685.547	0.260
9830.000	9.000	3701.172	0.263
9840.000	9.000	3701.172	0.263
9850.000	9.000	3701.172	0.263
9860.000	9.000	3734.375	0.251
9870.000	9.000	3734.375	0.251
9880.000	9.000	3734.375	0.251
9890.000	9.000	3703.125	0.247
9900.000	9.000	3703.125	0.247
9910.000	9.000	3703.125	0.247
9920.000	9.000	3703.125	0.261
9930.000	9.000	3703.125	0.261
9940.000	9.000	3703.125	0.261
9950.000	9.000	3738.281	0.254
9960.000	9.000	3738.281	0.254
9970.000	9.000	3738.281	0.254
9980.000	9.000	3759.766	0.247
9990.000	9.000	3759.766	0.247
10000.000	9.000	3759.766	0.247
10010.000	9.000	3769.531	0.251
10020.000	9.000	3769.531	0.251
10030.000	9.000	3769.531	0.251
10040.000	9.000	3792.969	0.240
10050.000	9.000	3792.969	0.240
10060.000	9.000	3792.969	0.240
10070.000	9.000	3759.766	0.242
10080.000	9.000	3759.766	0.242
10090.000	9.000	3759.766	0.242
10100.000	9.000	3791.016	0.246
10110.000	9.000	3791.016	0.246
10120.000	9.000	3791.016	0.246
10130.000	9.000	3763.672	0.245
10140.000	9.000	3763.672	0.245
10150.000	9.000	3763.672	0.245
10160.000	9.000	3783.203	0.247
10170.000	9.000	3783.203	0.247
10180.000	9.000	3783.203	0.247
10190.000	9.000	3806.641	0.241
10200.000	9.000	3806.641	0.241
10210.000	9.000	3806.641	0.241
10220.000	9.000	3810.547	0.244
10230.000	9.000	3810.547	0.244
10240.000	9.000	3810.547	0.244
10250.000	9.000	3828.125	0.270
10260.000	9.000	3828.125	0.270
10270.000	9.000	3828.125	0.270
10280.000	9.000	3792.969	0.237
10290.000	9.000	3792.969	0.237
10300.000	9.000	3792.969	0.237
10310.000	9.000	3820.312	0.252
10320.000	9.000	3820.312	0.252
10330.000	9.000	3820.312	0.252
10340.000	9.000	3867.187	0.251
10350.000	9.000	3867.187	0.251
10360.000	9.000	3867.187	0.251
10370.000	9.000	3865.234	0.226
10380.000	9.000	3865.234	0.226
10390.000	9.000	3865.234	0.226
10400.000	9.000	3853.516	0.235
10410.000	9.000	3853.516	0.235
10420.000	9.000	3853.516	0.235
10430.000	9.000	3900.391	0.240
10440.000	9.000	3900.391	0.240
10450.000	9.000	3900.391	0.240
10460.000	9.000	3917.969	0.266
10470.000	9.000	3917.969	0.266
10480.000	9.000	3917.969	0.266
10490.000	9.000	3904.297	0.248
10500.000	9.000	3904.297	0.248
10510.000	9.000	3904.297	0.248
10520.000	9.000	3884.766	0.234
10530.000	9.000	3884.766	0.234
10540.000	9.000	3884.766	0.234
10550.000	9.000	3896.484	0.268
10560.000	9.000	3896.484	0.268
10570.000	9.000	3896.484	0.268
10580.000	9.000	3953.125	0.277
10590.000	9.000	3953.125	0.277
10600.000	9.000	3953.125	0.277
10610.000	9.000	3873.047	0.242
10620.000	9.000	3873.047	0.242
10630.000	9.000	3873.047	0.242
10640.000	9.000	3951.172	0.251
10650.000	9.000	3951.172	0.251
10660.000	9.000	3951.172	0.251
10670.000	9.000	3966.797	0.263
10680.000	9.000	3966.797	0.263
10690.000	9.000	3966.797	0.263
10700.000	9.000	3962.891	0.267
10710.000	9.000	3962.891	0.267
10720.000	9.000	3962.891	0.267
10730.000	9.000	3939.453	0.231
10740.000	9.000	3939.453	0.231
10750.000	9.000	3939.453	0.231
10760.000	9.000	3994.141	0.256
10770.000	9.000	3994.141	0.256
10780.000	9.000	3994.141	0.256
10790.000	9.000	3966.797	0.267
10800.000	9.000	3966.797	0.267
10810.000	9.000	3966.797	0.267
10820.000	9.000	3964.844	0.226
10830.000	9.000	3964.844	0.226
10840.000	9.000	3964.844	0.226
10850.000	9.000	3984.375	0.264
10860.000	9.000	3984.375	0.264
10870.000	9.000	3984.375	0.264
10880.000	9.000	3998.047	0.245
10890.000	9.000	3998.047	0.245
10900.000	9.000	3998.047	0.245
10910.000	9.000	3998.047	0.279
10920.000	9.000	3998.047	0.279
10930.000	9.000	3998.047	0.279
10940.000	9.000	3986.328	0.240
10950.000	9.000	3986.328	0.240
10960.000	9.000	3986.328	0.240
10970.000	9.000	3998.047	0.261
10980.000	9.000	3998.047	0.261
10990.000	9.000	3998.047	0.261
11000.000	9.000	3998.047	0.264
11010.000	9.000	3998.047	0.264
11020.000	9.000	3998.047	0.264
11030.000	9.000	3998.047	0.257
11040.000	9.000	3998.047	0.257
11050.000	9.000	3998.047	0.257
11060.000	9.000	3998.047	0.265
11070.000	9.000	3998.047	0.265
11080.000	9.000	3998.047	0.265
11090.000	9.000	3998.047	0.260
11100.000	9.000	3998.047	0.260
11110.000	9.000	3998.047	0.260
11120.000	9.000	3998.047	0.106
11130.000	9.000	3998.047	0.106
11140.000	9.000	3998.047	0.106
11150.000	9.000	3998.047	0.035
11160.000	9.000	3998.047	0.035
11170.000	9.000	3998.047	0.035
11180.000	9.000	3998.047	-0.019
11190.000	9.000	3998.047	-0.019
11200.000	9.000	3998.047	-0.019
11210.000	9.000	3998.047	-0.009
11220.000	9.000	3998.047	-0.009
11230.000	9.000	3998.047	-0.009
11240.000	9.000	3998.047	-0.033
11250.000	9.000	3998.047	-0.033
11260.000	9.000	3998.047	-0.033
11270.000	9.000	3992.187	-0.032
11280.000	9.000	3992.187	-0.032
11290.000	9.000	3992.187	-0.032
11300.000	9.000	3988.281	-0.016
11310.000	9.000	3988.281	-0.016
11320.000	9.000	3988.281	-0.016
11330.000	9.000	3974.609	-0.033
11340.000	9.000	3974.609	-0.033
11350.000	9.000	3974.609	-0.033
11360.000	9.000	3929.687	-0.018
11370.000	9.000	3929.687	-0.018
11380.000	9.000	3929.687	-0.018
11390.000	9.000	3904.297	-0.018
11400.000	9.000	3904.297	-0.018
11410.000	9.000	3904.297	-0.018
11420.000	9.000	3892.578	-0.013
11430.000	9.000	3892.578	-0.013
11440.000	9.000	3892.578	-0.013
11450.000	9.000	3908.203	-0.035
11460.000	9.000	3908.203	-0.035
11470.000	9.000	3908.203	-0.035
11480.000	9.000	3882.812	-0.027
11490.000	9.000	3882.812	-0.027
11500.000	9.000	3882.812	-0.027
11510.000	9.000	3865.234	-0.026
11520.000	9.000	3865.234	-0.026
11530.000	9.000	3865.234	-0.026
11540.000	9.000	3843.750	-0.032
11550.000	9.000	3843.750	-0.032
11560.000	9.000	3843.750	-0.032
11570.000	9.000	3787.109	-0.037
11580.000	9.000	3787.109	-0.037
11590.000	9.000	3787.109	-0.037
11600.000	9.000	3798.828	-0.034
11610.000	9.000	3798.828	-0.034
11620.000	9.000	3798.828	-0.034
11630.000	9.000	3789.062	-0.010
11640.000	9.000	3789.062	-0.010
11650.000	9.000	3789.062	-0.010
11660.000	9.000	3789.062	-0.011
11670.000	9.000	3789.062	-0.011
11680.000	9.000	3789.062	-0.011
11690.000	9.000	3748.047	-0.013
11700.000	9.000	3748.047	-0.013
11710.000	9.000	3748.047	-0.013
11720.000	9.000	3712.891	-0.045
11730.000	9.000	3712.891	-0.045
11740.000	9.000	3712.891	-0.045
11750.000	9.000	3722.656	-0.005
11760.000	9.000	3722.656	-0.005
11770.000	9.000	3722.656	-0.005
11780.000	9.000	3697.266	-0.017
11790.000	9.000	3697.266	-0.017
11800.000	9.000	3697.266	-0.017
11810.000	9.000	3707.031	-0.016
11820.000	9.000	3707.031	-0.016
11830.000	9.000	3707.031	-0.016
11840.000	9.000	3650.391	-0.040
11850.000	9.000	3650.391	-0.040
11860.000	9.000	3650.391	-0.040
11870.000	9.000	3675.781	-0.030
11880.000	9.000	3675.781	-0.030
11890.000	9.000	3675.781	-0.030
11900.000	9.000	3615.234	-0.046
11910.000	9.000	3615.234	-0.046
11920.000	9.000	3615.234	-0.046
11930.000	9.000	3636.719	-0.013
11940.000	9.000	3636.719	-0.013
11950.000	9.000	3636.719	-0.013
11960.000	9.000	3615.234	-0.013
11970.000	9.000	3615.234	-0.013
11980.000	9.000	3615.234	-0.013
11990.000	9.000	3572.266	-0.019
12000.000	9.000	3572.266	-0.019
12010.000	9.000	3572.266	-0.019
12020.000	9.000	3562.500	-0.043
20.000	10.000	9.766	-0.037
30.000	10.000	9.766	-0.037
40.000	10.000	9.766	-0.037
50.000	10.000	-11.719	-0.016
60.000	10.000	-11.719	-0.016
70.000	10.000	-11.719	-0.016
80.000	10.000	-7.812	-0.010
90.000	10.000	-7.812	-0.010
100.000	10.000	-7.812	-0.010
110.000	10.000	-29.297	-0.003
120.000	10.000	-29.297	-0.003
130.000	10.000	-29.297	-0.003
140.000	10.000	-29.297	-0.031
150.000	10.000	-29.297	-0.031
160.000	10.000	-29.297	-0.031
170.000	10.000	-11.719	-0.018
180.000	10.000	-11.719	-0.018
190.000	10.000	-11.719	-0.018
200.000	10.000	-25.391	-0.018
210.000	10.000	-25.391	-0.018
220.000	10.000	-25.391	-0.018
230.000	10.000	-17.578	-0.019
240.000	10.000	-17.578	-0.019
250.000	10.000	-17.578	-0.019
260.000	10.000	-19.531	-0.003
270.000	10.000	-19.531	-0.003
280.000	10.000	-19.531	-0.003
290.000	10.000	-1.953	-0.004
300.000	10.000	-1.953	-0.004
310.000	10.000	-1.953	-0.004
320.000	10.000	13.672	-0.039
330.000	10.000	13.672	-0.039
340.000	10.000	13.672	-0.039
350.000	10.000	13.672	-0.040
360.000	10.000	13.672	-0.040
370.000	10.000	13.672	-0.040
380.000	10.000	-19.531	-0.011
390.000	10.000	-19.531	-0.011
400.000	10.000	-19.531	-0.011
410.000	10.000	-15.625	-0.012
420.000	10.000	-15.625	-0.012
430.000	10.000	-15.625	-0.012
440.000	10.000	9.766	-0.038
450.000	10.000	9.766	-0.038
460.000	10.000	9.766	-0.038
470.000	10.000	-25.391	-0.040
480.000	10.000	-25.391	-0.040
490.000	10.000	-25.391	-0.040
500.000	10.000	-29.297	-0.022
510.000	10.000	-29.297	-0.022
520.000	10.000	-29.297	-0.022
530.000	10.000	-5.859	-0.010
540.000	10.000	-5.859	-0.010
550.000	10.000	-5.859	-0.010
560.000	10.000	-23.437	-0.001
570.000	10.000	-23.437	-0.001
580.000	10.000	-23.437	-0.001
590.000	10.000	-5.859	-0.016
600.000	10.000	-5.859	-0.016
610.000	10.000	-5.859	-0.016
620.000	10.000	13.672	-0.002
630.000	10.000	13.672	-0.002
640.000	10.000	13.672	-0.002
650.000	10.000	-19.531	-0.021
660.000	10.000	-19.531	-0.021
670.000	10.000	-19.531	-0.021
680.000	10.000	-9.766	-0.005
690.000	10.000	-9.766	-0.005
700.000	10.000	-9.766	-0.005
710.000	10.000	-1.953	-0.039
720.000	10.000	-1.953	-0.039
730.000	10.000	-1.953	-0.039
740.000	10.000	-37.109	-0.017
750.000	10.000	-37.109	-0.017
760.000	10.000	-37.109	-0.017
770.000	10.000	-5.859	-0.028
780.000	10.000	-5.859	-0.028
790.000	10.000	-5.859	-0.028
800.000	10.000	-23.437	-0.029
810.000	10.000	-23.437	-0.029
820.000	10.000	-23.437	-0.029
830.000	10.000	-3.906	-0.002
840.000	10.000	-3.906	-0.002
850.000	10.000	-3.906	-0.002
860.000	10.000	-31.250	-0.008
870.000	10.000	-31.250	-0.008
880.000	10.000	-31.250	-0.008
890.000	10.000	-15.625	-0.031
900.000	10.000	-15.625	-0.031
910.000	10.000	-15.625	-0.031
920.000	10.000	0.000	-0.030
930.000	10.000	0.000	-0.030
940.000	10.000	0.000	-0.030
950.000	10.000	-5.859	-0.004
960.000	10.000	-5.859	-0.004
970.000	10.000	-5.859	-0.004
980.000	10.000	-23.437	-0.027
990.000	10.000	-23.437	-0.027
1000.000	10.000	-23.437	-0.027
1010.000	10.000	-21.484	-0.026
1020.000	10.000	-21.484	-0.026
1030.000	10.000	-21.484	-0.026
1040.000	10.000	-17.578	-0.003
1050.000	10.000	-17.578	-0.003
1060.000	10.000	-17.578	-0.003
1070.000	10.000	-21.484	-0.017
1080.000	10.000	-21.484	-0.017
1090.000	10.000	-21.484	-0.017
1100.000	10.000	7.812	0.107
1110.000	10.000	7.812	0.107
1120.000	10.000	7.812	0.107
1130.000	10.000	-7.812	0.225
1140.000	10.000	-7.812	0.225
1150.000	10.000	-7.812	0.225
1160.000	10.000	3.906	0.248
1170.000	10.000	3.906	0.248
1180.000	10.000	3.906	0.248
1190.000	10.000	46.875	0.274
1200.000	10.000	46.875	0.274
1210.000	10.000	46.875	0.274
1220.000	10.000	78.125	0.270
1230.000	10.000	78.125	0.270
1240.000	10.000	78.125	0.270
1250.000	10.000	91.797	0.271
1260.000	10.000	91.797	0.271
1270.000	10.000	91.797	0.271
1280.000	10.000	107.422	0.265
1290.000	10.000	107.422	0.265
1300.000	10.000	107.422	0.265
1310.000	10.000	91.797	0.274
1320.000	10.000	91.797	0.274
1330.000	10.000	91.797	0.274
1340.000	10.000	148.437	0.277
1350.000	10.000	148.437	0.277
1360.000	10.000	148.437	0.277
1370.000	10.000	173.828	0.251
1380.000	10.000	173.828	0.251
1390.000	10.000	173.828	0.251
1400.000	10.000	181.641	0.264
1410.000	10.000	181.641	0.264
1420.000	10.000	181.641	0.264
1430.000	10.000	224.609	0.258
1440.000	10.000	224.609	0.258
1450.000	10.000	224.609	0.258
1460.000	10.000	216.797	0.288
1470.000	10.000	216.797	0.288
1480.000	10.000	216.797	0.288
1490.000	10.000	238.281	0.280
1500.000	10.000	238.281	0.280
1510.000	10.000	238.281	0.280
1520.000	10.000	283.203	0.259
1530.000	10.000	283.203	0.259
1540.000	10.000	283.203	0.259
1550.000	10.000	250.000	0.294
1560.000	10.000	250.000	0.294
1570.000	10.000	250.000	0.294
1580.000	10.000	269.531	0.285
1590.000	10.000	269.531	0.285
1600.000	10.000	269.531	0.285
1610.000	10.000	335.937	0.257
1620.000	10.000	335.937	0.257
1630.000	10.000	335.937	0.257
1640.000	10.000	337.891	0.275
1650.000	10.000	337.891	0.275
1660.000	10.000	337.891	0.275
1670.000	10.000	345.703	0.267
1680.000	10.000	345.703	0.267
1690.000	10.000	345.703	0.267
1700.000	10.000	361.328	0.294
1710.000	10.000	361.328	0.294
1720.000	10.000	361.328	0.294
1730.000	10.000	375.000	0.290
1740.000	10.000	375.000	0.290
1750.000	10.000	375.000	0.290
1760.000	10.000	414.062	0.268
1770.000	10.000	414.062	0.268
1780.000	10.000	414.062	0.268
1790.000	10.000	396.484	0.298
1800.000	10.000	396.484	0.298
1810.000	10.000	396.484	0.298
1820.000	10.000	470.703	0.292
1830.000	10.000	470.703	0.292
1840.000	10.000	470.703	0.292
1850.000	10.000	439.453	0.288
1860.000	10.000	439.453	0.288
1870.000	10.000	439.453	0.288
1880.000	10.000	460.937	0.271
1890.000	10.000	460.937	0.271
1900.000	10.000	460.937	0.271
1910.000	10.000	523.437	0.265
1920.000	10.000	523.437	0.265
1930.000	10.000	523.437	0.265
1940.000	10.000	539.062	0.264
1950.000	10.000	539.062	0.264
1960.000	10.000	539.062	0.264
1970.000	10.000	564.453	0.270
1980.000	10.000	564.453	0.270
1990.000	10.000	564.453	0.270
2000.000	10.000	548.828	0.287
2010.000	10.000	548.828	0.287
2020.000	10.000	548.828	0.287
2030.000	10.000	613.281	0.264
2040.000	10.000	613.281	0.264
2050.000	10.000	613.281	0.264
2060.000	10.000	585.937	0.268
2070.000	10.000	585.937	0.268
2080.000	10.000	585.937	0.268
2090.000	10.000	644.531	0.265
2100.000	10.000	644.531	0.265
2110.000	10.000	644.531	0.265
2120.000	10.000	644.531	0.252
2130.000	10.000	644.531	0.252
2140.000	10.000	644.531	0.252
2150.000	10.000	630.859	0.284
2160.000	10.000	630.859	0.284
2170.000	10.000	630.859	0.284
2180.000	10.000	708.984	0.261
2190.000	10.000	708.984	0.261
2200.000	10.000	708.984	0.261
2210.000	10.000	699.219	0.252
2220.000	10.000	699.219	0.252
2230.000	10.000	699.219	0.252
2240.000	10.000	703.125	0.276
2250.000	10.000	703.125	0.276
2260.000	10.000	703.125	0.276
2270.000	10.000	755.859	0.271
2280.000	10.000	755.859	0.271
2290.000	10.000	755.859	0.271
2300.000	10.000	757.812	0.291
2310.000	10.000	757.812	0.291
2320.000	10.000	757.812	0.291
2330.000	10.000	753.906	0.286
2340.000	10.000	753.906	0.286
2350.000	10.000	753.906	0.286
2360.000	10.000	783.203	0.290
2370.000	10.000	783.203	0.290
2380.000	10.000	783.203	0.290
2390.000	10.000	808.594	0.288
2400.000	10.000	808.594	0.288
2410.000	10.000	808.594	0.288
2420.000	10.000	814.453	0.292
2430.000	10.000	814.453	0.292
2440.000	10.000	814.453	0.292
2450.000	10.000	814.453	0.283
2460.000	10.000	814.453	0.283
2470.000	10.000	814.453	0.283
2480.000	10.000	896.484	0.257
2490.000	10.000	896.484	0.257
2500.000	10.000	896.484	0.257
2510.000	10.000	896.484	0.281
2520.000	10.000	896.484	0.281
2530.000	10.000	896.484	0.281
2540.000	10.000	904.297	0.275
2550.000	10.000	904.297	0.275
2560.000	10.000	904.297	0.275
2570.000	10.000	906.250	0.273
2580.000	10.000	906.250	0.273
2590.000	10.000	906.250	0.273
2600.000	10.000	947.266	0.263
2610.000	10.000	947.266	0.263
2620.000	10.000	947.266	0.263
2630.000	10.000	943.359	0.270
2640.000	10.000	943.359	0.270
2650.000	10.000	943.359	0.270
2660.000	10.000	978.516	0.282
2670.000	10.000	978.516	0.282
2680.000	10.000	978.516	0.282
2690.000	10.000	982.422	0.276
2700.000	10.000	982.422	0.276
2710.000	10.000	982.422	0.276
2720.000	10.000	1025.391	0.263
2730.000	10.000	1025.391	0.263
2740.000	10.000	1025.391	0.263
2750.000	10.000	1007.812	0.277
2760.000	10.000	1007.812	0.277
2770.000	10.000	1007.812	0.277
2780.000	10.000	1033.203	0.267
2790.000	10.000	1033.203	0.267
2800.000	10.000	1033.203	0.267
2810.000	10.000	1031.250	0.264
2820.000	10.000	1031.250	0.264
2830.000	10.000	1031.250	0.264
2840.000	10.000	1097.656	0.246
2850.000	10.000	1097.656	0.246
2860.000	10.000	1097.656	0.246
2870.000	10.000	1087.891	0.275
2880.000	10.000	1087.891	0.275
2890.000	10.000	1087.891	0.275
2900.000	10.000	1142.578	0.273
2910.000	10.000	1142.578	0.273
2920.000	10.000	1142.578	0.273
2930.000	10.000	1093.750	0.276
2940.000	10.000	1093.750	0.276
2950.000	10.000	1093.750	0.276
2960.000	10.000	1148.437	0.273
2970.000	10.000	1148.437	0.273
2980.000	10.000	1148.437	0.273
2990.000	10.000	1167.969	0.265
3000.000	10.000	1167.969	0.265
3010.000	10.000	1167.969	0.265
3020.000	10.000	1210.937	0.268
3030.000	10.000	1210.937	0.268
3040.000	10.000	1210.937	0.268
3050.000	10.000	1171.875	0.274
3060.000	10.000	1171.875	0.274
3070.000	10.000	1171.875	0.274
3080.000	10.000	1253.906	0.278
3090.000	10.000	1253.906	0.278
3100.000	10.000	1253.906	0.278
3110.000	10.000	1224.609	0.291
3120.000	10.000	1224.609	0.291
3130.000	10.000	1224.609	0.291
3140.000	10.000	1283.203	0.273
3150.000	10.000	1283.203	0.273
3160.000	10.000	1283.203	0.273
3170.000	10.000	1220.703	0.262
3180.000	10.000	1220.703	0.262
3190.000	10.000	1220.703	0.262
3200.000	10.000	1271.484	0.265
3210.000	10.000	1271.484	0.265
3220.000	10.000	1271.484	0.265
3230.000	10.000	1306.641	0.287
3240.000	10.000	1306.641	0.287
3250.000	10.000	1306.641	0.287
3260.000	10.000	1265.625	0.284
3270.000	10.000	1265.625	0.284
3280.000	10.000	1265.625	0.284
3290.000	10.000	1298.828	0.280
3300.000	10.000	1298.828	0.280
3310.000	10.000	1298.828	0.280
3320.000	10.000	1343.750	0.251
3330.000	10.000	1343.750	0.251
3340.000	10.000	1343.750	0.251
3350.000	10.000	1322.266	0.286
3360.000	10.000	1322.266	0.286
3370.000	10.000	1322.266	0.286
3380.000	10.000	1359.375	0.278
3390.000	10.000	1359.375	0.278
3400.000	10.000	1359.375	0.278
3410.000	10.000	1369.141	0.266
3420.000	10.000	1369.141	0.266
3430.000	10.000	1369.141	0.266
3440.000	10.000	1369.141	0.281
3450.000	10.000	1369.141	0.281
3460.000	10.000	1369.141	0.281
3470.000	10.000	1408.203	0.291
3480.000	10.000	1408.203	0.291
3490.000	10.000	1408.203	0.291
3500.000	10.000	1416.016	0.258
3510.000	10.000	1416.016	0.258
3520.000	10.000	1416.016	0.258
3530.000	10.000	1443.359	0.297
3540.000	10.000	1443.359	0.297
3550.000	10.000	1443.359	0.297
3560.000	10.000	1445.312	0.282
3570.000	10.000	1445.312	0.282
3580.000	10.000	1445.312	0.282
3590.000	10.000	1490.234	0.286
3600.000	10.000	1490.234	0.286
3610.000	10.000	1490.234	0.286
3620.000	10.000	1505.859	0.269
3630.000	10.000	1505.859	0.269
3640.000	10.000	1505.859	0.269
3650.000	10.000	1517.578	0.265
3660.000	10.000	1517.578	0.265
3670.000	10.000	1517.578	0.265
3680.000	10.000	1513.672	0.271
3690.000	10.000	1513.672	0.271
3700.000	10.000	1513.672	0.271
3710.000	10.000	1537.109	0.271
3720.000	10.000	1537.109	0.271
3730.000	10.000	1537.109	0.271
3740.000	10.000	1566.406	0.272
3750.000	10.000	1566.406	0.272
3760.000	10.000	1566.406	0.272
3770.000	10.000	1537.109	0.291
3780.000	10.000	1537.109	0.291
3790.000	10.000	1537.109	0.291
3800.000	10.000	1583.984	0.275
3810.000	10.000	1583.984	0.275
3820.000	10.000	1583.984	0.275
3830.000	10.000	1599.609	0.264
3840.000	10.000	1599.609	0.264
3850.000	10.000	1599.609	0.264
3860.000	10.000	1642.578	0.267
3870.000	10.000	1642.578	0.267
3880.000	10.000	1642.578	0.267
3890.000	10.000	1658.203	0.269
3900.000	10.000	1658.203	0.269
3910.000	10.000	1658.203	0.269
3920.000	10.000	1646.484	0.282
3930.000	10.000	1646.484	0.282
3940.000	10.000	1646.484	0.282
3950.000	10.000	1681.641	0.291
3960.000	10.000	1681.641	0.291
3970.000	10.000	1681.641	0.291
3980.000	10.000	1689.453	0.284
3990.000	10.000	1689.453	0.284
4000.000	10.000	1689.453	0.284
4010.000	10.000	1701.172	0.274
4020.000	10.000	1701.172	0.274
4030.000	10.000	1701.172	0.274
4040.000	10.000	1726.562	0.288
4050.000	10.000	1726.562	0.288
4060.000	10.000	1726.562	0.288
4070.000	10.000	1740.234	0.284
4080.000	10.000	1740.234	0.284
4090.000	10.000	1740.234	0.284
4100.000	10.000	1763.672	0.268
4110.000	10.000	1763.672	0.268
4120.000	10.000	1763.672	0.268
4130.000	10.000	1775.391	0.281
4140.000	10.000	1775.391	0.281
4150.000	10.000	1775.391	0.281
4160.000	10.000	1789.062	0.276
4170.000	10.000	1789.062	0.276
4180.000	10.000	1789.062	0.276
4190.000	10.000	1791.016	0.290
4200.000	10.000	1791.016	0.290
4210.000	10.000	1791.016	0.290
4220.000	10.000	1835.937	0.287
4230.000	10.000	1835.937	0.287
4240.000	10.000	1835.937	0.287
4250.000	10.000	1822.266	0.265
4260.000	10.000	1822.266	0.265
4270.000	10.000	1822.266	0.265
4280.000	10.000	1837.891	0.271
4290.000	10.000	1837.891	0.271
4300.000	10.000	1837.891	0.271
4310.000	10.000	1822.266	0.259
4320.000	10.000	1822.266	0.259
4330.000	10.000	1822.266	0.259
4340.000	10.000	1890.625	0.273
4350.000	10.000	1890.625	0.273
4360.000	10.000	1890.625	0.273
4370.000	10.000	1896.484	0.293
4380.000	10.000	1896.484	0.293
4390.000	10.000	1896.484	0.293
4400.000	10.000	1923.828	0.277
4410.000	10.000	1923.828	0.277
4420.000	10.000	1923.828	0.277
4430.000	10.000	1892.578	0.290
4440.000	10.000	1892.578	0.290
4450.000	10.000	1892.578	0.290
4460.000	10.000	1923.828	0.266
4470.000	10.000	1923.828	0.266
4480.000	10.000	1923.828	0.266
4490.000	10.000	1941.406	0.271
4500.000	10.000	1941.406	0.271
4510.000	10.000	1941.406	0.271
4520.000	10.000	1933.594	0.270
4530.000	10.000	1933.594	0.270
4540.000	10.000	1933.594	0.270
4550.000	10.000	1939.453	0.275
4560.000	10.000	1939.453	0.275
4570.000	10.000	1939.453	0.275
4580.000	10.000	1980.469	0.278
4590.000	10.000	1980.469	0.278
4600.000	10.000	1980.469	0.278
4610.000	10.000	2000.000	0.273
4620.000	10.000	2000.000	0.273
4630.000	10.000	2000.000	0.273
4640.000	10.000	2003.906	0.272
4650.000	10.000	2003.906	0.272
4660.000	10.000	2003.906	0.272
4670.000	10.000	2005.859	0.273
4680.000	10.000	2005.859	0.273
4690.000	10.000	2005.859	0.273
4700.000	10.000	2062.500	0.258
4710.000	10.000	2062.500	0.258
4720.000	10.000	2062.500	0.258
4730.000	10.000	2035.156	0.291
4740.000	10.000	2035.156	0.291
4750.000	10.000	2035.156	0.291
4760.000	10.000	2074.219	0.271
4770.000	10.000	2074.219	0.271
4780.000	10.000	2074.219	0.271
4790.000	10.000	2064.453	0.273
4800.000	10.000	2064.453	0.273
4810.000	10.000	2064.453	0.273
4820.000	10.000	2093.750	0.280
4830.000	10.000	2093.750	0.280
4840.000	10.000	2093.750	0.280
4850.000	10.000	2134.766	0.281
4860.000	10.000	2134.766	0.281
4870.000	10.000	2134.766	0.281
4880.000	10.000	2132.812	0.259
4890.000	10.000	2132.812	0.259
4900.000	10.000	2132.812	0.259
4910.000	10.000	2150.391	0.260
4920.000	10.000	2150.391	0.260
4930.000	10.000	2150.391	0.260
4940.000	10.000	2164.062	0.248
4950.000	10.000	2164.062	0.248
4960.000	10.000	2164.062	0.248
4970.000	10.000	2164.062	0.266
4980.000	10.000	2164.062	0.266
4990.000	10.000	2164.062	0.266
5000.000	10.000	2152.344	0.272
5010.000	10.000	2152.344	0.272
5020.000	10.000	2152.344	0.272
5030.000	10.000	2205.078	0.269
5040.000	10.000	2205.078	0.269
5050.000	10.000	2205.078	0.269
5060.000	10.000	2210.937	0.263
5070.000	10.000	2210.937	0.263
5080.000	10.000	2210.937	0.263
5090.000	10.000	2210.937	0.252
5100.000	10.000	2210.937	0.252
5110.000	10.000	2210.937	0.252
5120.000	10.000	2255.859	0.283
5130.000	10.000	2255.859	0.283
5140.000	10.000	2255.859	0.283
5150.000	10.000	2242.187	0.276
5160.000	10.000	2242.187	0.276
5170.000	10.000	2242.187	0.276
5180.000	10.000	2289.062	0.270
5190.000	10.000	2289.062	0.270
5200.000	10.000	2289.062	0.270
5210.000	10.000	2275.391	0.254
5220.000	10.000	2275.391	0.254
5230.000	10.000	2275.391	0.254
5240.000	10.000	2277.344	0.289
5250.000	10.000	2277.344	0.289
5260.000	10.000	2277.344	0.289
5270.000	10.000	2328.125	0.267
5280.000	10.000	2328.125	0.267
5290.000	10.000	2328.125	0.267
5300.000	10.000	2292.969	0.279
5310.000	10.000	2292.969	0.279
5320.000	10.000	2292.969	0.279
5330.000	10.000	2353.516	0.264
5340.000	10.000	2353.516	0.264
5350.000	10.000	2353.516	0.264
5360.000	10.000	2361.328	0.263
5370.000	10.000	2361.328	0.263
5380.000	10.000	2361.328	0.263
5390.000	10.000	2388.672	0.278
5400.000	10.000	2388.672	0.278
5410.000	10.000	2388.672	0.278
5420.000	10.000	2371.094	0.268
5430.000	10.000	2371.094	0.268
5440.000	10.000	2371.094	0.268
5450.000	10.000	2417.969	0.256
5460.000	10.000	2417.969	0.256
5470.000	10.000	2417.969	0.256
5480.000	10.000	2382.812	0.275
5490.000	10.000	2382.812	0.275
5500.000	10.000	2382.812	0.275
5510.000	10.000	2439.453	0.254
5520.000	10.000	2439.453	0.254
5530.000	10.000	2439.453	0.254
5540.000	10.000	2451.172	0.259
5550.000	10.000	2451.172	0.259
5560.000	10.000	2451.172	0.259
5570.000	10.000	2437.500	0.278
5580.000	10.000	2437.500	0.278
5590.000	10.000	2437.500	0.278
5600.000	10.000	2433.594	0.273
5610.000	10.000	2433.594	0.273
5620.000	10.000	2433.594	0.273
5630.000	10.000	2476.562	0.288
5640.000	10.000	2476.562	0.288
5650.000	10.000	2476.562	0.288
5660.000	10.000	2515.625	0.285
5670.000	10.000	2515.625	0.285
5680.000	10.000	2515.625	0.285
5690.000	10.000	2519.531	0.265
5700.000	10.000	2519.531	0.265
5710.000	10.000	2519.531	0.265
5720.000	10.000	2517.578	0.270
5730.000	10.000	2517.578	0.270
5740.000	10.000	2517.578	0.270
5750.000	10.000	2513.672	0.268
5760.000	10.000	2513.672	0.268
5770.000	10.000	2513.672	0.268
5780.000	10.000	2548.828	0.280
5790.000	10.000	2548.828	0.280
5800.000	10.000	2548.828	0.280
5810.000	10.000	2535.156	0.271
5820.000	10.000	2535.156	0.271
5830.000	10.000	2535.156	0.271
5840.000	10.000	2582.031	0.279
5850.000	10.000	2582.031	0.279
5860.000	10.000	2582.031	0.279
5870.000	10.000	2580.078	0.279
5880.000	10.000	2580.078	0.279
5890.000	10.000	2580.078	0.279
5900.000	10.000	2580.078	0.262
5910.000	10.000	2580.078	0.262
5920.000	10.000	2580.078	0.262
5930.000	10.000	2623.047	0.284
5940.000	10.000	2623.047	0.284
5950.000	10.000	2623.047	0.284
5960.000	10.000	2640.625	0.261
5970.000	10.000	2640.625	0.261
5980.000	10.000	2640.625	0.261
5990.000	10.000	2656.250	0.264
6000.000	10.000	2656.250	0.264
6010.000	10.000	2656.250	0.264
6020.000	10.000	2646.484	0.263
6030.000	10.000	2646.484	0.263
6040.000	10.000	2646.484	0.263
6050.000	10.000	2623.047	0.294
6060.000	10.000	2623.047	0.294
6070.000	10.000	2623.047	0.294
6080.000	10.000	2693.359	0.283
6090.000	10.000	2693.359	0.283
6100.000	10.000	2693.359	0.283
6110.000	10.000	2679.687	0.119
6120.000	10.000	2679.687	0.119
6130.000	10.000	2679.687	0.119
6140.000	10.000	2666.016	0.019
6150.000	10.000	2666.016	0.019
6160.000	10.000	2666.016	0.019
6170.000	10.000	2630.859	0.006
6180.000	10.000	2630.859	0.006
6190.000	10.000	2630.859	0.006
6200.000	10.000	2626.953	-0.014
6210.000	10.000	2626.953	-0.014
6220.000	10.000	2626.953	-0.014
6230.000	10.000	2656.250	-0.012
6240.000	10.000	2656.250	-0.012
6250.000	10.000	2656.250	-0.012
6260.000	10.000	2630.859	-0.008
6270.000	10.000	2630.859	-0.008
6280.000	10.000	2630.859	-0.008
6290.000	10.000	2607.422	-0.005
6300.000	10.000	2607.422	-0.005
6310.000	10.000	2607.422	-0.005
6320.000	10.000	2574.219	-0.036
6330.000	10.000	2574.219	-0.036
6340.000	10.000	2574.219	-0.036
6350.000	10.000	2580.078	-0.021
6360.000	10.000	2580.078	-0.021
6370.000	10.000	2580.078	-0.021
6380.000	10.000	2583.984	-0.018
6390.000	10.000	2583.984	-0.018
6400.000	10.000	2583.984	-0.018
6410.000	10.000	2552.734	-0.023
6420.000	10.000	2552.734	-0.023
6430.000	10.000	2552.734	-0.023
6440.000	10.000	2537.109	-0.007
6450.000	10.000	2537.109	-0.007
6460.000	10.000	2537.109	-0.007
6470.000	10.000	2503.906	-0.021
6480.000	10.000	2503.906	-0.021
6490.000	10.000	2503.906	-0.021
6500.000	10.000	2486.328	-0.003
6510.000	10.000	2486.328	-0.003
6520.000	10.000	2486.328	-0.003
6530.000	10.000	2478.516	-0.033
6540.000	10.000	2478.516	-0.033
6550.000	10.000	2478.516	-0.033
6560.000	10.000	2451.172	-0.007
6570.000	10.000	2451.172	-0.007
6580.000	10.000	2451.172	-0.007
6590.000	10.000	2419.922	-0.013
6600.000	10.000	2419.922	-0.013
6610.000	10.000	2419.922	-0.013
6620.000	10.000	2464.844	-0.024
6630.000	10.000	2464.844	-0.024
6640.000	10.000	2464.844	-0.024
6650.000	10.000	2431.641	-0.004
6660.000	10.000	2431.641	-0.004
6670.000	10.000	2431.641	-0.004
6680.000	10.000	2406.250	-0.019
6690.000	10.000	2406.250	-0.019
6700.000	10.000	2406.250	-0.019
6710.000	10.000	2419.922	-0.011
6720.000	10.000	2419.922	-0.011
6730.000	10.000	2419.922	-0.011
6740.000	10.000	2402.344	-0.006
6750.000	10.000	2402.344	-0.006
6760.000	10.000	2402.344	-0.006
6770.000	10.000	2367.187	-0.033
6780.000	10.000	2367.187	-0.033
6790.000	10.000	2367.187	-0.033
6800.000	10.000	2349.609	-0.026
6810.000	10.000	2349.609	-0.026
6820.000	10.000	2349.609	-0.026
6830.000	10.000	2361.328	-0.015
6840.000	10.000	2361.328	-0.015
6850.000	10.000	2361.328	-0.015
6860.000	10.000	2328.125	-0.037
6870.000	10.000	2328.125	-0.037
6880.000	10.000	2328.125	-0.037
6890.000	10.000	2332.031	-0.028
6900.000	10.000	2332.031	-0.028
6910.000	10.000	2332.031	-0.028
6920.000	10.000	2291.016	-0.025
6930.000	10.000	2291.016	-0.025
6940.000	10.000	2291.016	-0.025
6950.000	10.000	2287.109	-0.033
6960.000	10.000	2287.109	-0.033
6970.000	10.000	2287.109	-0.033
6980.000	10.000	2296.875	-0.021
6990.000	10.000	2296.875	-0.021
7000.000	10.000	2296.875	-0.021
7010.000	10.000	2255.859	-0.024
7020.000	10.000	2255.859	-0.024
