%Time [ms]	Commanded Torque [mNm]	Angular Velocity [RPM]	Actual Current [Amp]	%9/2/20212:19 PM
0.000	0.000	0.000	0.000
20.000	15.000	-23.437	-0.025
30.000	15.000	-23.437	-0.025
40.000	15.000	-23.437	-0.025
50.000	15.000	11.719	-0.018
60.000	15.000	11.719	-0.018
70.000	15.000	11.719	-0.018
80.000	15.000	-41.016	-0.002
90.000	15.000	-41.016	-0.002
100.000	15.000	-41.016	-0.002
110.000	15.000	-19.531	-0.011
120.000	15.000	-19.531	-0.011
130.000	15.000	-19.531	-0.011
140.000	15.000	-17.578	-0.037
150.000	15.000	-17.578	-0.037
160.000	15.000	-17.578	-0.037
170.000	15.000	7.812	-0.035
180.000	15.000	7.812	-0.035
190.000	15.000	7.812	-0.035
200.000	15.000	-23.437	-0.027
210.000	15.000	-23.437	-0.027
220.000	15.000	-23.437	-0.027
230.000	15.000	-29.297	-0.031
240.000	15.000	-29.297	-0.031
250.000	15.000	-29.297	-0.031
260.000	15.000	7.812	-0.017
270.000	15.000	7.812	-0.017
280.000	15.000	7.812	-0.017
290.000	15.000	-13.672	-0.020
300.000	15.000	-13.672	-0.020
310.000	15.000	-13.672	-0.020
320.000	15.000	9.766	-0.018
330.000	15.000	9.766	-0.018
340.000	15.000	9.766	-0.018
350.000	15.000	-33.203	-0.004
360.000	15.000	-33.203	-0.004
370.000	15.000	-33.203	-0.004
380.000	15.000	-25.391	-0.013
390.000	15.000	-25.391	-0.013
400.000	15.000	-25.391	-0.013
410.000	15.000	-7.812	-0.012
420.000	15.000	-7.812	-0.012
430.000	15.000	-7.812	-0.012
440.000	15.000	-13.672	-0.037
450.000	15.000	-13.672	-0.037
460.000	15.000	-13.672	-0.037
470.000	15.000	-17.578	-0.025
480.000	15.000	-17.578	-0.025
490.000	15.000	-17.578	-0.025
500.000	15.000	-9.766	-0.025
510.000	15.000	-9.766	-0.025
520.000	15.000	-9.766	-0.025
530.000	15.000	-21.484	-0.014
540.000	15.000	-21.484	-0.014
550.000	15.000	-21.484	-0.014
560.000	15.000	-3.906	-0.009
570.000	15.000	-3.906	-0.009
580.000	15.000	-3.906	-0.009
590.000	15.000	-1.953	-0.016
600.000	15.000	-1.953	-0.016
610.000	15.000	-1.953	-0.016
620.000	15.000	-5.859	-0.027
630.000	15.000	-5.859	-0.027
640.000	15.000	-5.859	-0.027
650.000	15.000	1.953	-0.023
660.000	15.000	1.953	-0.023
670.000	15.000	1.953	-0.023
680.000	15.000	-29.297	-0.020
690.000	15.000	-29.297	-0.020
700.000	15.000	-29.297	-0.020
710.000	15.000	-11.719	-0.004
720.000	15.000	-11.719	-0.004
730.000	15.000	-11.719	-0.004
740.000	15.000	7.812	0.002
750.000	15.000	7.812	0.002
760.000	15.000	7.812	0.002
770.000	15.000	13.672	-0.037
780.000	15.000	13.672	-0.037
790.000	15.000	13.672	-0.037
800.000	15.000	11.719	-0.007
810.000	15.000	11.719	-0.007
820.000	15.000	11.719	-0.007
830.000	15.000	-42.969	-0.021
840.000	15.000	-42.969	-0.021
850.000	15.000	-42.969	-0.021
860.000	15.000	-21.484	-0.011
870.000	15.000	-21.484	-0.011
880.000	15.000	-21.484	-0.011
890.000	15.000	15.625	-0.005
900.000	15.000	15.625	-0.005
910.000	15.000	15.625	-0.005
920.000	15.000	-46.875	-0.018
930.000	15.000	-46.875	-0.018
940.000	15.000	-46.875	-0.018
950.000	15.000	5.859	-0.041
960.000	15.000	5.859	-0.041
970.000	15.000	5.859	-0.041
980.000	15.000	-7.812	-0.012
990.000	15.000	-7.812	-0.012
1000.000	15.000	-7.812	-0.012
1010.000	15.000	-3.906	-0.001
1020.000	15.000	-3.906	-0.001
1030.000	15.000	-3.906	-0.001
1040.000	15.000	-29.297	-0.031
1050.000	15.000	-29.297	-0.031
1060.000	15.000	-29.297	-0.031
1070.000	15.000	0.000	-0.021
1080.000	15.000	0.000	-0.021
1090.000	15.000	0.000	-0.021
1100.000	15.000	-19.531	0.198
1110.000	15.000	-19.531	0.198
1120.000	15.000	-19.531	0.198
1130.000	15.000	7.812	0.354
1140.000	15.000	7.812	0.354
1150.000	15.000	7.812	0.354
1160.000	15.000	-1.953	0.404
1170.000	15.000	-1.953	0.404
1180.000	15.000	-1.953	0.404
1190.000	15.000	89.844	0.402
1200.000	15.000	89.844	0.402
1210.000	15.000	89.844	0.402
1220.000	15.000	109.375	0.417
1230.000	15.000	109.375	0.417
1240.000	15.000	109.375	0.417
1250.000	15.000	134.766	0.450
1260.000	15.000	134.766	0.450
1270.000	15.000	134.766	0.450
1280.000	15.000	171.875	0.437
1290.000	15.000	171.875	0.437
1300.000	15.000	171.875	0.437
1310.000	15.000	238.281	0.410
1320.000	15.000	238.281	0.410
1330.000	15.000	238.281	0.410
1340.000	15.000	242.187	0.419
1350.000	15.000	242.187	0.419
1360.000	15.000	242.187	0.419
1370.000	15.000	275.391	0.417
1380.000	15.000	275.391	0.417
1390.000	15.000	275.391	0.417
1400.000	15.000	349.609	0.427
1410.000	15.000	349.609	0.427
1420.000	15.000	349.609	0.427
1430.000	15.000	361.328	0.424
1440.000	15.000	361.328	0.424
1450.000	15.000	361.328	0.424
1460.000	15.000	376.953	0.450
1470.000	15.000	376.953	0.450
1480.000	15.000	376.953	0.450
1490.000	15.000	414.062	0.447
1500.000	15.000	414.062	0.447
1510.000	15.000	414.062	0.447
1520.000	15.000	462.891	0.422
1530.000	15.000	462.891	0.422
1540.000	15.000	462.891	0.422
1550.000	15.000	492.187	0.423
1560.000	15.000	492.187	0.423
1570.000	15.000	492.187	0.423
1580.000	15.000	535.156	0.414
1590.000	15.000	535.156	0.414
1600.000	15.000	535.156	0.414
1610.000	15.000	556.641	0.422
1620.000	15.000	556.641	0.422
1630.000	15.000	556.641	0.422
1640.000	15.000	560.547	0.436
1650.000	15.000	560.547	0.436
1660.000	15.000	560.547	0.436
1670.000	15.000	626.953	0.437
1680.000	15.000	626.953	0.437
1690.000	15.000	626.953	0.437
1700.000	15.000	677.734	0.423
1710.000	15.000	677.734	0.423
1720.000	15.000	677.734	0.423
1730.000	15.000	679.687	0.443
1740.000	15.000	679.687	0.443
1750.000	15.000	679.687	0.443
1760.000	15.000	746.094	0.438
1770.000	15.000	746.094	0.438
1780.000	15.000	746.094	0.438
1790.000	15.000	748.047	0.426
1800.000	15.000	748.047	0.426
1810.000	15.000	748.047	0.426
1820.000	15.000	802.734	0.432
1830.000	15.000	802.734	0.432
1840.000	15.000	802.734	0.432
1850.000	15.000	816.406	0.442
1860.000	15.000	816.406	0.442
1870.000	15.000	816.406	0.442
1880.000	15.000	890.625	0.425
1890.000	15.000	890.625	0.425
1900.000	15.000	890.625	0.425
1910.000	15.000	880.859	0.429
1920.000	15.000	880.859	0.429
1930.000	15.000	880.859	0.429
1940.000	15.000	892.578	0.441
1950.000	15.000	892.578	0.441
1960.000	15.000	892.578	0.441
1970.000	15.000	939.453	0.434
1980.000	15.000	939.453	0.434
1990.000	15.000	939.453	0.434
2000.000	15.000	1023.437	0.437
2010.000	15.000	1023.437	0.437
2020.000	15.000	1023.437	0.437
2030.000	15.000	1056.641	0.433
2040.000	15.000	1056.641	0.433
2050.000	15.000	1056.641	0.433
2060.000	15.000	1037.109	0.437
2070.000	15.000	1037.109	0.437
2080.000	15.000	1037.109	0.437
2090.000	15.000	1103.516	0.427
2100.000	15.000	1103.516	0.427
2110.000	15.000	1103.516	0.427
2120.000	15.000	1154.297	0.438
2130.000	15.000	1154.297	0.438
2140.000	15.000	1154.297	0.438
2150.000	15.000	1150.391	0.434
2160.000	15.000	1150.391	0.434
2170.000	15.000	1150.391	0.434
2180.000	15.000	1177.734	0.442
2190.000	15.000	1177.734	0.442
2200.000	15.000	1177.734	0.442
2210.000	15.000	1242.187	0.446
2220.000	15.000	1242.187	0.446
2230.000	15.000	1242.187	0.446
2240.000	15.000	1226.562	0.432
2250.000	15.000	1226.562	0.432
2260.000	15.000	1226.562	0.432
2270.000	15.000	1242.187	0.429
2280.000	15.000	1242.187	0.429
2290.000	15.000	1242.187	0.429
2300.000	15.000	1306.641	0.423
2310.000	15.000	1306.641	0.423
2320.000	15.000	1306.641	0.423
2330.000	15.000	1328.125	0.421
2340.000	15.000	1328.125	0.421
2350.000	15.000	1328.125	0.421
2360.000	15.000	1357.422	0.428
2370.000	15.000	1357.422	0.428
2380.000	15.000	1357.422	0.428
2390.000	15.000	1390.625	0.436
2400.000	15.000	1390.625	0.436
2410.000	15.000	1390.625	0.436
2420.000	15.000	1414.062	0.425
2430.000	15.000	1414.062	0.425
2440.000	15.000	1414.062	0.425
2450.000	15.000	1462.891	0.424
2460.000	15.000	1462.891	0.424
2470.000	15.000	1462.891	0.424
2480.000	15.000	1494.141	0.410
2490.000	15.000	1494.141	0.410
2500.000	15.000	1494.141	0.410
2510.000	15.000	1509.766	0.431
2520.000	15.000	1509.766	0.431
2530.000	15.000	1509.766	0.431
2540.000	15.000	1550.781	0.429
2550.000	15.000	1550.781	0.429
2560.000	15.000	1550.781	0.429
2570.000	15.000	1599.609	0.432
2580.000	15.000	1599.609	0.432
2590.000	15.000	1599.609	0.432
2600.000	15.000	1630.859	0.437
2610.000	15.000	1630.859	0.437
2620.000	15.000	1630.859	0.437
2630.000	15.000	1671.875	0.425
2640.000	15.000	1671.875	0.425
2650.000	15.000	1671.875	0.425
2660.000	15.000	1679.687	0.440
2670.000	15.000	1679.687	0.440
2680.000	15.000	1679.687	0.440
2690.000	15.000	1716.797	0.426
2700.000	15.000	1716.797	0.426
2710.000	15.000	1716.797	0.426
2720.000	15.000	1744.141	0.462
2730.000	15.000	1744.141	0.462
2740.000	15.000	1744.141	0.462
2750.000	15.000	1789.062	0.445
2760.000	15.000	1789.062	0.445
2770.000	15.000	1789.062	0.445
2780.000	15.000	1798.828	0.436
2790.000	15.000	1798.828	0.436
2800.000	15.000	1798.828	0.436
2810.000	15.000	1822.266	0.422
2820.000	15.000	1822.266	0.422
2830.000	15.000	1822.266	0.422
2840.000	15.000	1876.953	0.419
2850.000	15.000	1876.953	0.419
2860.000	15.000	1876.953	0.419
2870.000	15.000	1929.687	0.436
2880.000	15.000	1929.687	0.436
2890.000	15.000	1929.687	0.436
2900.000	15.000	1941.406	0.442
2910.000	15.000	1941.406	0.442
2920.000	15.000	1941.406	0.442
2930.000	15.000	1957.031	0.417
2940.000	15.000	1957.031	0.417
2950.000	15.000	1957.031	0.417
2960.000	15.000	1966.797	0.430
2970.000	15.000	1966.797	0.430
2980.000	15.000	1966.797	0.430
2990.000	15.000	2017.578	0.426
3000.000	15.000	2017.578	0.426
3010.000	15.000	2017.578	0.426
3020.000	15.000	2037.109	0.443
3030.000	15.000	2037.109	0.443
3040.000	15.000	2037.109	0.443
3050.000	15.000	2041.016	0.432
3060.000	15.000	2041.016	0.432
3070.000	15.000	2041.016	0.432
3080.000	15.000	2085.937	0.429
3090.000	15.000	2085.937	0.429
3100.000	15.000	2085.937	0.429
3110.000	15.000	2089.844	0.437
3120.000	15.000	2089.844	0.437
3130.000	15.000	2089.844	0.437
3140.000	15.000	2148.437	0.413
3150.000	15.000	2148.437	0.413
3160.000	15.000	2148.437	0.413
3170.000	15.000	2146.484	0.441
3180.000	15.000	2146.484	0.441
3190.000	15.000	2146.484	0.441
3200.000	15.000	2218.750	0.417
3210.000	15.000	2218.750	0.417
3220.000	15.000	2218.750	0.417
3230.000	15.000	2216.797	0.440
3240.000	15.000	2216.797	0.440
3250.000	15.000	2216.797	0.440
3260.000	15.000	2273.437	0.416
3270.000	15.000	2273.437	0.416
3280.000	15.000	2273.437	0.416
3290.000	15.000	2308.594	0.417
3300.000	15.000	2308.594	0.417
3310.000	15.000	2308.594	0.417
3320.000	15.000	2330.078	0.451
3330.000	15.000	2330.078	0.451
3340.000	15.000	2330.078	0.451
3350.000	15.000	2355.469	0.445
3360.000	15.000	2355.469	0.445
3370.000	15.000	2355.469	0.445
3380.000	15.000	2371.094	0.410
3390.000	15.000	2371.094	0.410
3400.000	15.000	2371.094	0.410
3410.000	15.000	2388.672	0.433
3420.000	15.000	2388.672	0.433
3430.000	15.000	2388.672	0.433
3440.000	15.000	2421.875	0.438
3450.000	15.000	2421.875	0.438
3460.000	15.000	2421.875	0.438
3470.000	15.000	2472.656	0.419
3480.000	15.000	2472.656	0.419
3490.000	15.000	2472.656	0.419
3500.000	15.000	2460.937	0.423
3510.000	15.000	2460.937	0.423
3520.000	15.000	2460.937	0.423
3530.000	15.000	2498.047	0.435
3540.000	15.000	2498.047	0.435
3550.000	15.000	2498.047	0.435
3560.000	15.000	2556.641	0.402
3570.000	15.000	2556.641	0.402
3580.000	15.000	2556.641	0.402
3590.000	15.000	2562.500	0.409
3600.000	15.000	2562.500	0.409
3610.000	15.000	2562.500	0.409
3620.000	15.000	2578.125	0.443
3630.000	15.000	2578.125	0.443
3640.000	15.000	2578.125	0.443
3650.000	15.000	2640.625	0.421
3660.000	15.000	2640.625	0.421
3670.000	15.000	2640.625	0.421
3680.000	15.000	2667.969	0.416
3690.000	15.000	2667.969	0.416
3700.000	15.000	2667.969	0.416
3710.000	15.000	2681.641	0.444
3720.000	15.000	2681.641	0.444
3730.000	15.000	2681.641	0.444
3740.000	15.000	2714.844	0.416
3750.000	15.000	2714.844	0.416
3760.000	15.000	2714.844	0.416
3770.000	15.000	2728.516	0.427
3780.000	15.000	2728.516	0.427
3790.000	15.000	2728.516	0.427
3800.000	15.000	2787.109	0.420
3810.000	15.000	2787.109	0.420
3820.000	15.000	2787.109	0.420
3830.000	15.000	2791.016	0.437
3840.000	15.000	2791.016	0.437
3850.000	15.000	2791.016	0.437
3860.000	15.000	2800.781	0.452
3870.000	15.000	2800.781	0.452
3880.000	15.000	2800.781	0.452
3890.000	15.000	2837.891	0.415
3900.000	15.000	2837.891	0.415
3910.000	15.000	2837.891	0.415
3920.000	15.000	2884.766	0.431
3930.000	15.000	2884.766	0.431
3940.000	15.000	2884.766	0.431
3950.000	15.000	2884.766	0.436
3960.000	15.000	2884.766	0.436
3970.000	15.000	2884.766	0.436
3980.000	15.000	2921.875	0.439
3990.000	15.000	2921.875	0.439
4000.000	15.000	2921.875	0.439
4010.000	15.000	2935.547	0.422
4020.000	15.000	2935.547	0.422
4030.000	15.000	2935.547	0.422
4040.000	15.000	3001.953	0.443
4050.000	15.000	3001.953	0.443
4060.000	15.000	3001.953	0.443
4070.000	15.000	3023.437	0.429
4080.000	15.000	3023.437	0.429
4090.000	15.000	3023.437	0.429
4100.000	15.000	3025.391	0.229
4110.000	15.000	3025.391	0.229
4120.000	15.000	3025.391	0.229
4130.000	15.000	3001.953	0.077
4140.000	15.000	3001.953	0.077
4150.000	15.000	3001.953	0.077
4160.000	15.000	3000.000	0.030
4170.000	15.000	3000.000	0.030
4180.000	15.000	3000.000	0.030
4190.000	15.000	3001.953	0.005
4200.000	15.000	3001.953	0.005
4210.000	15.000	3001.953	0.005
4220.000	15.000	2978.516	-0.019
4230.000	15.000	2978.516	-0.019
4240.000	15.000	2978.516	-0.019
4250.000	15.000	2941.406	-0.021
4260.000	15.000	2941.406	-0.021
4270.000	15.000	2941.406	-0.021
4280.000	15.000	2966.797	-0.006
4290.000	15.000	2966.797	-0.006
4300.000	15.000	2966.797	-0.006
4310.000	15.000	2912.109	-0.014
4320.000	15.000	2912.109	-0.014
4330.000	15.000	2912.109	-0.014
4340.000	15.000	2888.672	-0.002
4350.000	15.000	2888.672	-0.002
4360.000	15.000	2888.672	-0.002
4370.000	15.000	2914.062	-0.023
4380.000	15.000	2914.062	-0.023
4390.000	15.000	2914.062	-0.023
4400.000	15.000	2894.531	-0.035
4410.000	15.000	2894.531	-0.035
4420.000	15.000	2894.531	-0.035
4430.000	15.000	2876.953	-0.009
4440.000	15.000	2876.953	-0.009
4450.000	15.000	2876.953	-0.009
4460.000	15.000	2871.094	-0.030
4470.000	15.000	2871.094	-0.030
4480.000	15.000	2871.094	-0.030
4490.000	15.000	2833.984	-0.017
4500.000	15.000	2833.984	-0.017
4510.000	15.000	2833.984	-0.017
4520.000	15.000	2853.516	-0.005
4530.000	15.000	2853.516	-0.005
4540.000	15.000	2853.516	-0.005
4550.000	15.000	2835.937	-0.015
4560.000	15.000	2835.937	-0.015
4570.000	15.000	2835.937	-0.015
4580.000	15.000	2818.359	-0.009
4590.000	15.000	2818.359	-0.009
4600.000	15.000	2818.359	-0.009
4610.000	15.000	2785.156	-0.010
4620.000	15.000	2785.156	-0.010
4630.000	15.000	2785.156	-0.010
4640.000	15.000	2798.828	-0.027
4650.000	15.000	2798.828	-0.027
4660.000	15.000	2798.828	-0.027
4670.000	15.000	2742.187	-0.023
4680.000	15.000	2742.187	-0.023
4690.000	15.000	2742.187	-0.023
4700.000	15.000	2757.812	-0.024
4710.000	15.000	2757.812	-0.024
4720.000	15.000	2757.812	-0.024
4730.000	15.000	2730.469	-0.009
4740.000	15.000	2730.469	-0.009
4750.000	15.000	2730.469	-0.009
4760.000	15.000	2720.703	-0.016
4770.000	15.000	2720.703	-0.016
4780.000	15.000	2720.703	-0.016
4790.000	15.000	2701.172	-0.020
4800.000	15.000	2701.172	-0.020
4810.000	15.000	2701.172	-0.020
4820.000	15.000	2703.125	-0.017
4830.000	15.000	2703.125	-0.017
4840.000	15.000	2703.125	-0.017
4850.000	15.000	2681.641	-0.036
4860.000	15.000	2681.641	-0.036
4870.000	15.000	2681.641	-0.036
4880.000	15.000	2689.453	-0.043
4890.000	15.000	2689.453	-0.043
4900.000	15.000	2689.453	-0.043
4910.000	15.000	2628.906	-0.028
4920.000	15.000	2628.906	-0.028
4930.000	15.000	2628.906	-0.028
4940.000	15.000	2603.516	-0.001
4950.000	15.000	2603.516	-0.001
4960.000	15.000	2603.516	-0.001
4970.000	15.000	2611.328	-0.039
4980.000	15.000	2611.328	-0.039
4990.000	15.000	2611.328	-0.039
5000.000	15.000	2607.422	-0.032
5010.000	15.000	2607.422	-0.032
5020.000	15.000	2607.422	-0.032
