% Time (s)	Gyro Output (rads/s)	Input Rate (RPM)	%9/2/20212:03 PM
0.000	0.000	0.000
4631.290	0.010	0.000
4631.300	0.010	0.000
4631.310	0.010	0.000
4631.320	0.010	0.000
4631.330	0.010	0.000
4631.340	0.010	0.000
4631.350	0.010	0.000
4631.360	0.010	-0.073
4631.370	0.020	-0.073
4631.380	0.020	-0.073
4631.390	0.020	-0.146
4631.400	0.030	-0.146
4631.410	0.030	-0.146
4631.420	0.030	-0.146
4631.430	0.020	-0.146
4631.440	0.020	-0.146
4631.450	0.020	-0.146
4631.460	0.000	0.000
4631.470	0.000	0.073
4631.480	0.000	0.146
4631.490	-0.040	0.293
4631.500	-0.040	0.439
4631.510	-0.040	0.586
4631.520	-0.100	0.732
4631.530	-0.100	0.879
4631.540	-0.100	1.099
4631.550	-0.180	1.318
4631.560	-0.180	1.465
4631.570	-0.180	1.831
4631.580	-0.270	2.344
4631.590	-0.270	2.710
4631.600	-0.270	3.003
4631.610	-0.390	3.369
4631.620	-0.390	3.882
4631.630	-0.390	4.395
4631.640	-0.530	4.761
4631.650	-0.530	5.200
4631.660	-0.530	6.079
4631.670	-0.650	6.372
4631.680	-0.650	6.812
4631.690	-0.650	7.251
4631.700	-0.800	7.617
4631.710	-0.800	8.423
4631.720	-0.800	8.716
4631.730	-0.940	9.375
4631.740	-0.940	9.741
4631.750	-0.940	10.693
4631.760	-1.100	10.986
4631.770	-1.100	11.499
4631.780	-1.100	12.012
4631.790	-1.260	12.524
4631.800	-1.260	13.257
4631.810	-1.260	13.623
4631.820	-1.370	14.429
4631.830	-1.370	14.648
4631.840	-1.370	15.601
4631.850	-1.530	15.820
4631.860	-1.530	15.894
4631.870	-1.530	16.772
4631.880	-1.640	17.212
4631.890	-1.640	17.871
4631.900	-1.640	18.384
4631.910	-1.780	18.604
4631.920	-1.780	18.970
4631.930	-1.780	19.336
4631.940	-1.860	19.702
4631.950	-1.860	19.922
4631.960	-1.860	20.801
4631.970	-1.940	20.874
4631.980	-1.940	21.167
4631.990	-1.940	21.240
4632.000	-2.000	21.606
4632.010	-2.000	21.899
4632.020	-2.000	22.046
4632.030	-2.010	22.412
4632.040	-2.010	22.412
4632.050	-2.010	22.632
4632.060	-2.050	22.559
4632.070	-2.050	22.632
4632.080	-2.050	22.559
4632.090	-2.030	22.778
4632.100	-2.030	22.266
4632.110	-2.030	22.339
4632.120	-1.980	22.119
4632.130	-1.980	22.119
4632.140	-1.980	21.826
4632.150	-1.900	21.753
4632.160	-1.900	21.460
4632.170	-1.900	21.240
4632.180	-1.830	21.167
4632.190	-1.830	20.288
4632.200	-1.830	20.361
4632.210	-1.690	19.922
4632.220	-1.690	19.702
4632.230	-1.690	19.043
4632.240	-1.580	18.604
4632.250	-1.580	18.091
4632.260	-1.580	17.578
4632.270	-1.400	16.846
4632.280	-1.400	16.187
4632.290	-1.400	16.040
4632.300	-1.220	15.381
4632.310	-1.220	14.429
4632.320	-1.220	13.843
4632.330	-1.050	13.257
4632.340	-1.050	12.598
4632.350	-1.050	11.865
4632.360	-0.860	10.986
4632.370	-0.860	10.400
4632.380	-0.860	9.814
4632.390	-0.660	9.082
4632.400	-0.660	8.130
4632.410	-0.660	7.764
4632.420	-0.460	7.031
4632.430	-0.460	6.299
4632.440	-0.460	5.566
4632.450	-0.270	4.761
4632.460	-0.270	4.248
4632.470	-0.270	2.710
4632.480	-0.080	2.710
4632.490	-0.080	2.051
4632.500	-0.080	0.879
4632.510	0.100	0.879
4632.520	0.100	0.073
4632.530	0.100	-1.245
4632.540	0.240	-1.245
4632.550	0.240	-1.758
4632.560	0.240	-2.783
4632.570	0.370	-2.783
4632.580	0.370	-3.516
4632.590	0.370	-4.395
4632.600	0.490	-4.395
4632.610	0.490	-4.761
4632.620	0.490	-5.200
4632.630	0.570	-5.493
4632.640	0.570	-5.640
4632.650	0.570	-6.079
4632.660	0.640	-6.592
4632.670	0.640	-6.592
4632.680	0.640	-6.519
4632.690	0.690	-6.812
4632.700	0.690	-7.031
4632.710	0.690	-7.251
4632.720	0.700	-7.544
4632.730	0.700	-7.397
4632.740	0.700	-7.397
4632.750	0.700	-7.471
4632.760	0.700	-7.251
4632.770	0.700	-7.397
4632.780	0.670	-7.690
4632.790	0.670	-7.471
4632.800	0.670	-7.178
4632.810	0.600	-6.958
4632.820	0.600	-6.592
4632.830	0.600	-6.592
4632.840	0.530	-6.445
4632.850	0.530	-6.006
4632.860	0.530	-6.006
4632.870	0.450	-5.859
4632.880	0.450	-5.200
4632.890	0.450	-4.761
4632.900	0.330	-4.541
4632.910	0.330	-4.102
4632.920	0.330	-3.589
4632.930	0.190	-3.076
4632.940	0.190	-2.637
4632.950	0.190	-2.197
4632.960	0.040	-1.538
4632.970	0.040	-0.879
4632.980	0.040	-0.513
4632.990	-0.110	-0.073
4633.000	-0.110	0.366
4633.010	-0.110	0.806
4633.020	-0.260	1.538
4633.030	-0.260	2.197
4633.040	-0.260	2.710
4633.050	-0.420	3.223
4633.060	-0.420	3.955
4633.070	-0.420	4.468
4633.080	-0.560	4.980
4633.090	-0.560	5.566
4633.100	-0.560	6.445
4633.110	-0.710	6.885
4633.120	-0.710	7.397
4633.130	-0.710	7.617
4633.140	-0.860	8.350
4633.150	-0.860	8.936
4633.160	-0.860	9.521
4633.170	-1.010	9.888
4633.180	-1.010	10.620
4633.190	-1.010	11.133
4633.200	-1.150	11.499
4633.210	-1.150	11.792
4633.220	-1.150	12.378
4633.230	-1.260	13.257
4633.240	-1.260	13.184
4633.250	-1.260	13.843
4633.260	-1.370	14.209
4633.270	-1.370	14.502
4633.280	-1.370	15.015
4633.290	-1.430	15.527
4633.300	-1.430	15.454
4633.310	-1.430	16.113
4633.320	-1.510	16.260
4633.330	-1.510	16.333
4633.340	-1.510	16.846
4633.350	-1.550	16.699
4633.360	-1.550	16.919
4633.370	-1.550	17.358
4633.380	-1.560	17.065
4633.390	-1.560	17.139
4633.400	-1.560	17.505
4633.410	-1.580	17.432
4633.420	-1.580	17.212
4633.430	-1.580	17.065
4633.440	-1.520	17.212
4633.450	-1.520	17.212
4633.460	-1.520	16.772
4633.470	-1.500	16.772
4633.480	-1.500	16.699
4633.490	-1.500	16.260
4633.500	-1.400	16.187
4633.510	-1.400	15.820
4633.520	-1.400	15.601
4633.530	-1.290	15.234
4633.540	-1.290	14.795
4633.550	-1.290	14.502
4633.560	-1.190	14.062
4633.570	-1.190	13.550
4633.580	-1.190	13.257
4633.590	-1.040	12.891
4633.600	-1.040	12.085
4633.610	-1.040	11.426
4633.620	-0.870	11.133
4633.630	-0.870	10.620
4633.640	-0.870	9.814
4633.650	-0.690	9.229
4633.660	-0.690	8.716
4633.670	-0.690	7.837
4633.680	-0.480	7.031
4633.690	-0.480	6.152
4633.700	-0.480	5.566
4633.710	-0.300	5.200
4633.720	-0.300	4.248
4633.730	-0.300	3.662
4633.740	-0.120	3.076
4633.750	-0.120	2.271
4633.760	-0.120	1.538
4633.770	0.050	0.952
4633.780	0.050	0.293
4633.790	0.050	-0.220
4633.800	0.240	-0.806
4633.810	0.240	-1.465
4633.820	0.240	-2.124
4633.830	0.430	-3.003
4633.840	0.430	-3.516
4633.850	0.430	-4.102
4633.860	0.580	-4.907
4633.870	0.580	-5.347
4633.880	0.580	-5.640
4633.890	0.710	-6.372
4633.900	0.710	-6.885
4633.910	0.710	-7.617
4633.920	0.820	-8.130
4633.930	0.820	-8.130
4633.940	0.820	-8.789
4633.950	0.900	-9.082
4633.960	0.900	-9.302
4633.970	0.900	-9.521
4633.980	0.960	-9.961
4633.990	0.960	-10.107
4634.000	0.960	-10.547
4634.010	1.010	-10.620
4634.020	1.010	-10.547
4634.030	1.010	-11.060
4634.040	1.040	-11.060
4634.050	1.040	-11.279
4634.060	1.040	-10.913
4634.070	1.050	-11.353
4634.080	1.050	-11.353
4634.090	1.050	-11.499
4634.100	1.020	-11.060
4634.110	1.020	-11.060
4634.120	1.020	-11.060
4634.130	0.980	-11.133
4634.140	0.980	-10.693
4634.150	0.980	-10.254
4634.160	0.910	-10.474
4634.170	0.910	-9.961
4634.180	0.910	-10.034
4634.190	0.820	-9.521
4634.200	0.820	-9.302
4634.210	0.820	-8.789
4634.220	0.700	-8.569
4634.230	0.700	-7.764
4634.240	0.700	-7.544
4634.250	0.550	-7.471
4634.260	0.550	-6.885
4634.270	0.550	-6.445
4634.280	0.400	-5.566
4634.290	0.400	-4.980
4634.300	0.400	-4.541
4634.310	0.270	-4.028
4634.320	0.270	-3.296
4634.330	0.270	-2.856
4634.340	0.110	-2.344
4634.350	0.110	-1.685
4634.360	0.110	-1.025
4634.370	-0.050	-0.513
4634.380	-0.050	-0.146
4634.390	-0.050	0.293
4634.400	-0.210	0.732
4634.410	-0.210	1.392
4634.420	-0.210	2.051
4634.430	-0.380	2.710
4634.440	-0.380	3.223
4634.450	-0.380	3.955
4634.460	-0.540	4.541
4634.470	-0.540	4.980
4634.480	-0.540	5.640
4634.490	-0.680	6.592
4634.500	-0.680	7.104
4634.510	-0.680	7.690
4634.520	-0.800	7.837
4634.530	-0.800	8.130
4634.540	-0.800	8.862
4634.550	-0.940	9.302
4634.560	-0.940	9.668
4634.570	-0.940	10.107
4634.580	-1.030	10.767
4634.590	-1.030	10.913
4634.600	-1.030	11.206
4634.610	-1.140	11.572
4634.620	-1.140	12.012
4634.630	-1.140	12.598
4634.640	-1.210	12.524
4634.650	-1.210	12.964
4634.660	-1.210	13.330
4634.670	-1.250	13.550
4634.680	-1.250	13.623
4634.690	-1.250	13.696
4634.700	-1.290	13.989
4634.710	-1.290	14.136
4634.720	-1.290	14.282
4634.730	-1.310	14.355
4634.740	-1.310	14.429
4634.750	-1.310	14.282
4634.760	-1.270	14.355
4634.770	-1.270	14.209
4634.780	-1.270	14.282
4634.790	-1.250	14.282
4634.800	-1.250	14.062
4634.810	-1.250	13.623
4634.820	-1.150	13.623
4634.830	-1.150	13.330
4634.840	-1.150	13.110
4634.850	-1.100	12.891
4634.860	-1.100	12.451
4634.870	-1.100	12.378
4634.880	-0.970	11.719
4634.890	-0.970	10.986
4634.900	-0.970	10.986
4634.910	-0.840	10.620
4634.920	-0.840	9.888
4634.930	-0.840	9.448
4634.940	-0.670	8.936
4634.950	-0.670	8.130
4634.960	-0.670	7.471
4634.970	-0.490	6.885
4634.980	-0.490	6.445
4634.990	-0.490	6.079
4635.000	-0.320	5.127
4635.010	-0.320	4.468
4635.020	-0.320	3.882
4635.030	-0.130	3.076
4635.040	-0.130	2.563
4635.050	-0.130	1.978
4635.060	0.060	1.318
4635.070	0.060	0.513
4635.080	0.060	-0.513
4635.090	0.270	-1.392
4635.100	0.270	-1.904
4635.110	0.270	-2.490
4635.120	0.460	-3.223
4635.130	0.460	-4.028
4635.140	0.460	-4.687
4635.150	0.650	-5.420
4635.160	0.650	-6.152
4635.170	0.650	-6.445
4635.180	0.780	-6.958
4635.190	0.780	-7.397
4635.200	0.780	-8.203
4635.210	0.920	-8.936
4635.220	0.920	-9.302
4635.230	0.920	-9.741
4635.240	1.040	-10.474
4635.250	1.040	-10.693
4635.260	1.040	-10.986
4635.270	1.140	-11.646
4635.280	1.140	-12.231
4635.290	1.140	-12.305
4635.300	1.220	-12.671
4635.310	1.220	-12.891
4635.320	1.220	-13.257
4635.330	1.270	-13.477
4635.340	1.270	-13.403
4635.350	1.270	-13.916
4635.360	1.300	-14.062
4635.370	1.300	-14.062
4635.380	1.300	-14.136
4635.390	1.320	-14.282
4635.400	1.320	-14.282
4635.410	1.320	-14.502
4635.420	1.310	-14.282
4635.430	1.310	-14.282
4635.440	1.310	-14.282
4635.450	1.270	-14.136
4635.460	1.270	-13.843
4635.470	1.270	-13.916
4635.480	1.210	-13.770
4635.490	1.210	-13.550
4635.500	1.210	-13.184
4635.510	1.120	-12.744
4635.520	1.120	-12.891
4635.530	1.120	-12.305
4635.540	1.030	-11.865
4635.550	1.030	-11.426
4635.560	1.030	-11.206
4635.570	0.910	-11.060
4635.580	0.910	-10.181
4635.590	0.910	-9.814
4635.600	0.760	-9.448
4635.610	0.760	-8.862
4635.620	0.760	-8.057
4635.630	0.590	-7.690
4635.640	0.590	-7.471
4635.650	0.590	-6.885
4635.660	0.400	-6.226
4635.670	0.400	-5.200
4635.680	0.400	-4.687
4635.690	0.230	-4.175
4635.700	0.230	-3.442
4635.710	0.230	-2.856
4635.720	0.090	-2.344
4635.730	0.090	-1.758
4635.740	0.090	-0.952
4635.750	-0.080	-0.366
4635.760	-0.080	0.073
4635.770	-0.080	0.659
4635.780	-0.240	1.392
4635.790	-0.240	1.978
4635.800	-0.240	2.490
4635.810	-0.400	3.076
4635.820	-0.400	3.735
4635.830	-0.400	4.321
4635.840	-0.550	4.761
4635.850	-0.550	5.347
4635.860	-0.550	6.152
4635.870	-0.690	6.665
4635.880	-0.690	7.031
4635.890	-0.690	7.324
4635.900	-0.770	7.617
4635.910	-0.770	8.203
4635.920	-0.770	8.496
4635.930	-0.880	9.082
4635.940	-0.880	9.302
4635.950	-0.880	9.888
4635.960	-0.960	9.888
4635.970	-0.960	10.254
4635.980	-0.960	10.327
4635.990	-1.030	10.620
4636.000	-1.030	11.133
4636.010	-1.030	11.206
4636.020	-1.060	11.353
4636.030	-1.060	11.206
4636.040	-1.060	11.792
4636.050	-1.090	12.158
4636.060	-1.090	11.792
4636.070	-1.090	11.719
4636.080	-1.070	11.938
4636.090	-1.070	12.012
4636.100	-1.070	11.792
4636.110	-1.050	11.719
4636.120	-1.050	11.792
4636.130	-1.050	11.792
4636.140	-0.980	11.426
4636.150	-0.980	10.767
4636.160	-0.980	11.060
4636.170	-0.900	10.767
4636.180	-0.900	10.400
4636.190	-0.900	10.034
4636.200	-0.780	9.595
4636.210	-0.780	9.229
4636.220	-0.780	8.423
4636.230	-0.660	8.423
4636.240	-0.660	7.983
4636.250	-0.660	7.178
4636.260	-0.540	7.178
4636.270	-0.540	6.592
4636.280	-0.540	5.347
4636.290	-0.370	5.347
4636.300	-0.370	4.980
4636.310	-0.370	4.321
4636.320	-0.180	3.516
4636.330	-0.180	2.930
4636.340	-0.180	1.538
4636.350	0.000	1.538
4636.360	0.000	0.879
4636.370	0.000	-0.146
4636.380	0.190	-0.146
4636.390	0.190	-0.659
4636.400	0.190	-2.124
4636.410	0.390	-2.124
4636.420	0.390	-2.856
4636.430	0.390	-4.395
4636.440	0.550	-4.395
4636.450	0.550	-4.980
4636.460	0.550	-6.226
4636.470	0.710	-6.226
4636.480	0.710	-6.885
4636.490	0.710	-8.350
4636.500	0.860	-8.350
4636.510	0.860	-8.569
4636.520	0.860	-9.155
4636.530	1.000	-9.741
4636.540	1.000	-10.181
4636.550	1.000	-10.474
4636.560	1.120	-11.206
4636.570	1.120	-11.719
4636.580	1.120	-11.938
4636.590	1.280	-12.524
4636.600	1.280	-12.598
4636.610	1.280	-13.330
4636.620	1.300	-13.477
4636.630	1.300	-13.696
4636.640	1.300	-13.989
4636.650	1.370	-14.355
4636.660	1.370	-14.795
4636.670	1.370	-15.015
4636.680	1.420	-15.088
4636.690	1.420	-15.088
4636.700	1.420	-15.161
4636.710	1.440	-15.454
4636.720	1.440	-15.454
4636.730	1.440	-15.601
4636.740	1.440	-15.674
4636.750	1.440	-15.674
4636.760	1.440	-15.454
4636.770	1.430	-15.527
4636.780	1.430	-15.527
4636.790	1.430	-15.234
4636.800	1.380	-15.234
4636.810	1.380	-15.381
4636.820	1.380	-14.648
4636.830	1.300	-14.648
4636.840	1.300	-14.575
4636.850	1.300	-13.989
4636.860	1.190	-13.989
4636.870	1.190	-13.623
4636.880	1.190	-13.330
4636.890	1.070	-12.598
4636.900	1.070	-12.598
4636.910	1.070	-11.865
4636.920	0.930	-11.133
4636.930	0.930	-10.986
4636.940	0.930	-10.327
4636.950	0.790	-10.034
4636.960	0.790	-9.302
4636.970	0.790	-8.789
4636.980	0.610	-7.983
4636.990	0.610	-7.397
4637.000	0.610	-6.665
4637.010	0.430	-6.299
4637.020	0.430	-5.640
4637.030	0.430	-4.907
4637.040	0.250	-4.248
4637.050	0.250	-3.442
4637.060	0.250	-2.710
4637.070	0.080	-2.271
4637.080	0.080	-1.831
4637.090	0.080	-1.318
4637.100	-0.090	-0.586
4637.110	-0.090	0.073
4637.120	-0.090	0.659
4637.130	-0.230	1.392
4637.140	-0.230	1.831
4637.150	-0.230	2.344
4637.160	-0.390	2.783
4637.170	-0.390	3.589
4637.180	-0.390	4.248
4637.190	-0.540	4.834
4637.200	-0.540	5.420
4637.210	-0.540	5.933
4637.220	-0.660	6.226
4637.230	-0.660	6.592
4637.240	-0.660	7.251
4637.250	-0.780	7.690
4637.260	-0.780	8.350
4637.270	-0.780	8.276
4637.280	-0.870	8.789
4637.290	-0.870	9.155
4637.300	-0.870	9.375
4637.310	-0.920	9.668
4637.320	-0.920	9.961
4637.330	-0.920	10.400
4637.340	-0.980	10.400
4637.350	-0.980	10.693
4637.360	-0.980	10.474
4637.370	-0.990	11.206
4637.380	-0.990	10.913
4637.390	-0.990	11.133
4637.400	-1.010	10.986
4637.410	-1.010	11.133
4637.420	-1.010	11.206
4637.430	-0.970	11.060
4637.440	-0.970	10.840
4637.450	-0.970	10.693
4637.460	-0.940	10.986
4637.470	-0.940	10.400
4637.480	-0.940	10.474
4637.490	-0.850	9.961
4637.500	-0.850	9.741
4637.510	-0.850	9.521
4637.520	-0.770	9.229
4637.530	-0.770	8.716
4637.540	-0.770	8.716
4637.550	-0.630	8.203
4637.560	-0.630	7.397
4637.570	-0.630	6.958
4637.580	-0.490	6.519
4637.590	-0.490	6.299
4637.600	-0.490	5.933
4637.610	-0.330	5.127
4637.620	-0.330	4.614
4637.630	-0.330	4.028
4637.640	-0.150	3.296
4637.650	-0.150	2.783
4637.660	-0.150	1.831
4637.670	0.010	1.831
4637.680	0.010	1.099
4637.690	0.010	-0.366
4637.700	0.180	-0.366
4637.710	0.180	-1.172
4637.720	0.180	-2.417
4637.730	0.370	-2.417
4637.740	0.370	-2.930
4637.750	0.370	-4.395
4637.760	0.550	-4.395
4637.770	0.550	-4.980
4637.780	0.550	-6.445
4637.790	0.740	-6.445
4637.800	0.740	-6.812
4637.810	0.740	-7.910
4637.820	0.910	-7.910
4637.830	0.910	-8.936
4637.840	0.910	-10.034
4637.850	1.030	-10.034
4637.860	1.030	-10.400
4637.870	1.030	-11.206
4637.880	1.160	-11.206
4637.890	1.160	-11.865
4637.900	1.160	-12.817
4637.910	1.270	-12.817
4637.920	1.270	-13.403
4637.930	1.270	-13.623
4637.940	1.370	-14.136
4637.950	1.370	-14.429
4637.960	1.370	-15.088
4637.970	1.440	-14.868
4637.980	1.440	-15.454
4637.990	1.440	-15.894
4638.000	1.490	-15.527
4638.010	1.490	-16.113
4638.020	1.490	-16.406
4638.030	1.520	-16.333
4638.040	1.520	-16.479
4638.050	1.520	-16.626
4638.060	1.530	-16.406
4638.070	1.530	-16.699
4638.080	1.530	-16.699
4638.090	1.520	-16.553
4638.100	1.520	-16.919
4638.110	1.520	-16.553
4638.120	1.470	-16.260
4638.130	1.470	-16.333
4638.140	1.470	-16.187
4638.150	1.410	-16.040
4638.160	1.410	-15.820
4638.170	1.410	-15.674
4638.180	1.340	-15.308
4638.190	1.340	-14.795
4638.200	1.340	-14.722
4638.210	1.220	-14.282
4638.220	1.220	-13.916
4638.230	1.220	-13.257
4638.240	1.090	-13.257
4638.250	1.090	-12.378
4638.260	1.090	-11.938
4638.270	0.940	-11.426
4638.280	0.940	-10.913
4638.290	0.940	-10.693
4638.300	0.770	-9.741
4638.310	0.770	-9.229
4638.320	0.770	-8.569
4638.330	0.590	-8.203
4638.340	0.590	-7.251
4638.350	0.590	-6.885
4638.360	0.430	-6.226
4638.370	0.430	-5.493
4638.380	0.430	-4.980
4638.390	0.270	-4.175
4638.400	0.270	-3.662
4638.410	0.270	-3.223
4638.420	0.090	-2.637
4638.430	0.090	-1.831
4638.440	0.090	-1.172
4638.450	-0.070	-0.586
4638.460	-0.070	0.000
4638.470	-0.070	0.513
4638.480	-0.230	1.099
4638.490	-0.230	1.758
4638.500	-0.230	2.490
4638.510	-0.370	3.003
4638.520	-0.370	3.442
4638.530	-0.370	4.248
4638.540	-0.480	4.248
4638.550	-0.480	4.907
4638.560	-0.480	5.859
4638.570	-0.610	5.859
4638.580	-0.610	6.445
4638.590	-0.610	6.958
4638.600	-0.720	6.958
4638.610	-0.720	7.471
4638.620	-0.720	8.496
4638.630	-0.800	8.496
4638.640	-0.800	8.496
4638.650	-0.800	9.082
4638.660	-0.870	9.082
4638.670	-0.870	9.302
4638.680	-0.870	9.595
4638.690	-0.890	9.595
4638.700	-0.890	9.961
4638.710	-0.890	9.888
4638.720	-0.920	10.254
4638.730	-0.920	9.961
4638.740	-0.920	10.181
4638.750	-0.900	10.327
4638.760	-0.900	10.107
4638.770	-0.900	10.107
4638.780	-0.880	9.888
4638.790	-0.880	10.034
4638.800	-0.880	9.741
4638.810	-0.800	9.521
4638.820	-0.800	9.229
4638.830	-0.800	9.155
4638.840	-0.720	8.789
4638.850	-0.720	8.276
4638.860	-0.720	8.203
4638.870	-0.610	7.764
4638.880	-0.610	7.471
4638.890	-0.610	7.104
4638.900	-0.490	6.592
4638.910	-0.490	6.152
4638.920	-0.490	5.493
4638.930	-0.350	4.980
4638.940	-0.350	4.541
4638.950	-0.350	3.882
4638.960	-0.170	3.149
4638.970	-0.170	2.563
4638.980	-0.170	2.124
4638.990	0.010	1.392
4639.000	0.010	0.732
4639.010	0.010	0.293
4639.020	0.200	-0.220
4639.030	0.200	-0.806
4639.040	0.200	-2.124
4639.050	0.390	-2.124
4639.060	0.390	-2.710
4639.070	0.390	-4.395
4639.080	0.550	-4.395
4639.090	0.550	-4.907
4639.100	0.550	-5.493
4639.110	0.720	-6.445
4639.120	0.720	-7.031
4639.130	0.720	-7.910
4639.140	0.890	-8.276
4639.150	0.890	-8.789
4639.160	0.890	-9.448
4639.170	1.040	-10.327
4639.180	1.040	-10.327
4639.190	1.040	-11.719
4639.200	1.180	-11.719
4639.210	1.180	-12.158
4639.220	1.180	-12.817
4639.230	1.300	-12.817
4639.240	1.300	-13.696
4639.250	1.300	-14.062
4639.260	1.390	-14.502
4639.270	1.390	-14.722
4639.280	1.390	-15.308
4639.290	1.490	-15.674
4639.300	1.490	-15.894
4639.310	1.490	-16.113
4639.320	1.550	-16.772
4639.330	1.550	-16.699
4639.340	1.550	-16.772
4639.350	1.590	-17.285
4639.360	1.590	-17.358
4639.370	1.590	-17.285
4639.380	1.620	-17.505
4639.390	1.620	-17.505
4639.400	1.620	-17.871
4639.410	1.610	-17.578
4639.420	1.610	-17.358
4639.430	1.610	-17.798
4639.440	1.570	-17.578
4639.450	1.570	-17.139
4639.460	1.570	-17.285
4639.470	1.520	-17.212
4639.480	1.520	-16.846
4639.490	1.520	-16.699
4639.500	1.450	-16.260
4639.510	1.450	-16.113
4639.520	1.450	-16.040
4639.530	1.340	-15.381
4639.540	1.340	-15.161
4639.550	1.340	-15.088
4639.560	1.210	-14.282
4639.570	1.210	-13.843
4639.580	1.210	-13.477
4639.590	1.020	-13.184
4639.600	1.020	-12.524
4639.610	1.020	-12.012
4639.620	0.940	-11.353
4639.630	0.940	-10.913
4639.640	0.940	-10.400
4639.650	0.760	-9.741
4639.660	0.760	-9.155
4639.670	0.760	-8.423
4639.680	0.570	-7.764
4639.690	0.570	-6.958
4639.700	0.570	-6.519
4639.710	0.390	-6.006
4639.720	0.390	-5.200
4639.730	0.390	-4.614
4639.740	0.220	-3.809
4639.750	0.220	-3.076
4639.760	0.220	-2.637
4639.770	0.080	-2.197
4639.780	0.080	-1.685
4639.790	0.080	-0.952
4639.800	-0.090	-0.293
4639.810	-0.090	0.220
4639.820	-0.090	0.879
4639.830	-0.250	1.538
4639.840	-0.250	2.051
4639.850	-0.250	2.490
4639.860	-0.400	2.930
4639.870	-0.400	4.248
4639.880	-0.400	4.248
4639.890	-0.520	4.687
4639.900	-0.520	5.127
4639.910	-0.520	5.786
4639.920	-0.630	6.006
4639.930	-0.630	6.152
4639.940	-0.630	6.812
4639.950	-0.730	7.324
4639.960	-0.730	7.764
4639.970	-0.730	8.203
4639.980	-0.790	8.057
4639.990	-0.790	8.569
4640.000	-0.790	8.789
4640.010	-0.860	8.936
4640.020	-0.860	9.229
4640.030	-0.860	9.375
4640.040	-0.870	9.595
4640.050	-0.870	9.595
4640.060	-0.870	9.814
4640.070	-0.880	9.668
4640.080	-0.880	9.741
4640.090	-0.880	9.741
4640.100	-0.860	9.741
4640.110	-0.860	9.668
4640.120	-0.860	9.521
4640.130	-0.810	9.448
4640.140	-0.810	9.155
4640.150	-0.810	9.009
4640.160	-0.730	8.643
4640.170	-0.730	8.643
4640.180	-0.730	8.423
4640.190	-0.620	7.690
4640.200	-0.620	7.324
4640.210	-0.620	7.104
4640.220	-0.510	6.812
4640.230	-0.510	6.372
4640.240	-0.510	5.713
4640.250	-0.350	5.200
4640.260	-0.350	4.761
4640.270	-0.350	4.175
4640.280	-0.200	3.735
4640.290	-0.200	3.369
4640.300	-0.200	2.930
4640.310	-0.060	2.124
4640.320	-0.060	1.465
4640.330	-0.060	0.879
4640.340	0.120	0.293
4640.350	0.120	-0.220
4640.360	0.120	-0.879
4640.370	0.300	-1.465
4640.380	0.300	-2.271
4640.390	0.300	-3.076
4640.400	0.480	-3.662
4640.410	0.480	-4.102
4640.420	0.480	-4.834
4640.430	0.660	-5.420
4640.440	0.660	-6.079
4640.450	0.660	-6.958
4640.460	0.830	-7.397
4640.470	0.830	-8.203
4640.480	0.830	-8.569
4640.490	0.970	-9.229
4640.500	0.970	-9.668
4640.510	0.970	-10.547
4640.520	1.120	-10.986
4640.530	1.120	-11.646
4640.540	1.120	-12.012
4640.550	1.250	-12.231
4640.560	1.250	-13.184
4640.570	1.250	-13.184
4640.580	1.360	-13.843
4640.590	1.360	-14.282
4640.600	1.360	-14.941
4640.610	1.450	-14.941
4640.620	1.450	-15.454
4640.630	1.450	-15.967
4640.640	1.520	-15.967
4640.650	1.520	-16.406
4640.660	1.520	-17.065
4640.670	1.570	-17.065
4640.680	1.570	-16.846
4640.690	1.570	-17.578
4640.700	1.600	-17.432
4640.710	1.600	-17.432
4640.720	1.600	-17.578
4640.730	1.600	-17.578
4640.740	1.600	-17.578
4640.750	1.600	-17.432
4640.760	1.600	-17.432
4640.770	1.600	-17.285
4640.780	1.600	-17.725
4640.790	1.540	-17.212
4640.800	1.540	-16.919
4640.810	1.540	-17.139
4640.820	1.470	-16.772
4640.830	1.470	-16.479
4640.840	1.470	-15.820
4640.850	1.400	-15.820
4640.860	1.400	-15.747
4640.870	1.400	-14.795
4640.880	1.290	-14.795
4640.890	1.290	-14.795
4640.900	1.290	-13.770
4640.910	1.160	-13.770
4640.920	1.160	-13.330
4640.930	1.160	-12.012
4640.940	1.000	-12.012
4640.950	1.000	-11.719
4640.960	1.000	-10.474
4640.970	0.820	-10.474
4640.980	0.820	-9.888
4640.990	0.820	-8.789
4641.000	0.670	-7.837
4641.010	0.670	-7.837
4641.020	0.670	-6.812
4641.030	0.480	-6.812
4641.040	0.480	-6.299
4641.050	0.480	-4.761
4641.060	0.300	-4.761
4641.070	0.300	-4.175
4641.080	0.300	-2.930
4641.090	0.120	-2.930
4641.100	0.120	-2.344
4641.110	0.120	-1.172
4641.120	-0.050	-1.172
4641.130	-0.050	-0.439
4641.140	-0.050	1.172
4641.150	-0.220	1.172
4641.160	-0.220	1.758
4641.170	-0.220	2.783
4641.180	-0.360	2.783
4641.190	-0.360	3.442
4641.200	-0.360	4.395
4641.210	-0.490	4.395
4641.220	-0.490	4.834
4641.230	-0.490	5.786
4641.240	-0.590	5.786
4641.250	-0.590	6.152
4641.260	-0.590	6.885
4641.270	-0.710	6.885
4641.280	-0.710	7.251
4641.290	-0.710	7.690
4641.300	-0.780	7.910
4641.310	-0.780	8.569
4641.320	-0.780	8.716
4641.330	-0.860	8.789
4641.340	-0.860	9.229
4641.350	-0.860	9.302
4641.360	-0.900	9.448
4641.370	-0.900	9.668
4641.380	-0.900	9.961
4641.390	-0.900	9.888
4641.400	-0.900	10.107
4641.410	-0.900	9.961
4641.420	-0.900	9.961
4641.430	-0.900	10.181
4641.440	-0.900	9.888
4641.450	-0.860	10.107
4641.460	-0.860	9.741
4641.470	-0.860	9.595
4641.480	-0.820	9.521
4641.490	-0.820	9.229
4641.500	-0.820	8.936
4641.510	-0.700	8.862
4641.520	-0.700	8.569
4641.530	-0.700	7.837
4641.540	-0.620	7.617
4641.550	-0.620	7.251
4641.560	-0.620	6.958
4641.570	-0.480	6.665
4641.580	-0.480	5.933
4641.590	-0.480	5.566
4641.600	-0.320	5.127
4641.610	-0.320	4.468
4641.620	-0.320	4.102
4641.630	-0.160	3.662
4641.640	-0.160	3.003
4641.650	-0.160	2.271
4641.660	0.010	1.758
4641.670	0.010	1.172
4641.680	0.010	0.439
4641.690	0.190	-0.293
4641.700	0.190	-0.952
4641.710	0.190	-1.538
4641.720	0.350	-2.271
4641.730	0.350	-3.076
4641.740	0.350	-3.735
4641.750	0.530	-4.248
4641.760	0.530	-4.907
4641.770	0.530	-5.640
4641.780	0.690	-6.079
4641.790	0.690	-6.885
4641.800	0.690	-7.324
4641.810	0.860	-7.910
4641.820	0.860	-8.496
4641.830	0.860	-8.936
4641.840	1.010	-9.595
4641.850	1.010	-10.181
4641.860	1.010	-10.767
4641.870	1.140	-11.353
4641.880	1.140	-11.646
4641.890	1.140	-11.938
4641.900	1.240	-12.598
4641.910	1.240	-13.184
4641.920	1.240	-13.477
4641.930	1.340	-13.696
4641.940	1.340	-14.062
4641.950	1.340	-14.502
4641.960	1.410	-14.722
4641.970	1.410	-14.941
4641.980	1.410	-15.747
4641.990	1.490	-15.747
4642.000	1.490	-15.820
4642.010	1.490	-16.479
4642.020	1.530	-16.479
4642.030	1.530	-16.479
4642.040	1.530	-16.919
4642.050	1.540	-16.919
4642.060	1.540	-16.772
4642.070	1.540	-16.919
4642.080	1.540	-16.919
4642.090	1.540	-16.846
4642.100	1.540	-16.772
4642.110	1.510	-16.772
4642.120	1.510	-16.406
4642.130	1.510	-16.406
4642.140	1.440	-16.406
4642.150	1.440	-16.040
4642.160	1.440	-15.820
4642.170	1.370	-15.820
4642.180	1.370	-15.234
4642.190	1.370	-14.868
4642.200	1.250	-14.868
4642.210	1.250	-14.209
4642.220	1.250	-13.403
4642.230	1.120	-13.403
4642.240	1.120	-13.110
4642.250	1.120	-12.451
4642.260	0.990	-11.865
4642.270	0.990	-11.353
4642.280	0.990	-10.767
4642.290	0.820	-10.327
4642.300	0.820	-9.741
4642.310	0.820	-9.155
4642.320	0.630	-8.350
4642.330	0.630	-7.837
4642.340	0.630	-7.031
4642.350	0.440	-6.519
4642.360	0.440	-5.933
4642.370	0.440	-5.054
4642.380	0.250	-4.541
4642.390	0.250	-3.735
4642.400	0.250	-2.930
4642.410	0.080	-2.490
4642.420	0.080	-1.978
4642.430	0.080	-1.318
4642.440	-0.070	-0.586
4642.450	-0.070	0.000
4642.460	-0.070	0.586
4642.470	-0.230	1.245
4642.480	-0.230	1.831
4642.490	-0.230	2.344
4642.500	-0.390	2.856
4642.510	-0.390	3.516
4642.520	-0.390	4.321
4642.530	-0.540	4.761
4642.540	-0.540	5.273
4642.550	-0.540	5.933
4642.560	-0.660	6.226
4642.570	-0.660	6.445
4642.580	-0.660	7.178
4642.590	-0.780	7.544
4642.600	-0.780	8.203
4642.610	-0.780	8.350
4642.620	-0.850	8.423
4642.630	-0.850	9.009
4642.640	-0.850	9.229
4642.650	-0.910	9.521
4642.660	-0.910	9.741
4642.670	-0.910	10.327
4642.680	-0.980	10.181
4642.690	-0.980	10.547
4642.700	-0.980	10.327
4642.710	-0.980	10.913
4642.720	-0.980	10.986
4642.730	-0.980	11.060
4642.740	-1.000	11.060
4642.750	-1.000	10.840
4642.760	-1.000	11.133
4642.770	-0.900	10.913
4642.780	-0.900	10.913
4642.790	-0.900	10.547
4642.800	-0.930	10.913
4642.810	-0.930	10.400
4642.820	-0.930	10.400
4642.830	-0.860	10.034
4642.840	-0.860	9.668
4642.850	-0.860	9.668
4642.860	-0.750	9.302
4642.870	-0.750	8.862
4642.880	-0.750	8.569
4642.890	-0.640	8.423
4642.900	-0.640	7.617
4642.910	-0.640	7.104
4642.920	-0.510	6.519
4642.930	-0.510	6.152
4642.940	-0.510	6.006
4642.950	-0.280	5.347
4642.960	-0.280	4.761
4642.970	-0.280	3.589
4642.980	-0.190	3.589
4642.990	-0.190	2.930
4643.000	-0.190	2.051
4643.010	-0.020	2.051
4643.020	-0.020	1.465
4643.030	-0.020	0.732
4643.040	0.170	-0.073
4643.050	0.170	-0.879
4643.060	0.170	-1.611
4643.070	0.350	-2.197
4643.080	0.350	-2.710
4643.090	0.350	-3.223
4643.100	0.530	-4.102
4643.110	0.530	-4.687
4643.120	0.530	-6.152
4643.130	0.670	-6.152
4643.140	0.670	-6.445
4643.150	0.670	-7.397
4643.160	0.820	-7.397
4643.170	0.820	-8.057
4643.180	0.820	-8.862
4643.190	0.970	-9.302
4643.200	0.970	-9.741
4643.210	0.970	-10.327
4643.220	1.090	-10.913
4643.230	1.090	-10.986
4643.240	1.090	-11.719
4643.250	1.190	-12.524
4643.260	1.190	-12.598
4643.270	1.190	-12.964
4643.280	1.290	-13.403
4643.290	1.290	-13.696
4643.300	1.290	-13.989
4643.310	1.360	-14.355
4643.320	1.360	-14.429
4643.330	1.360	-14.868
4643.340	1.410	-15.161
4643.350	1.410	-14.795
4643.360	1.410	-15.234
4643.370	1.430	-15.527
4643.380	1.430	-15.234
4643.390	1.430	-15.601
4643.400	1.430	-15.674
4643.410	1.430	-15.381
4643.420	1.430	-15.601
4643.430	1.410	-15.601
4643.440	1.410	-15.308
4643.450	1.410	-15.527
4643.460	1.350	-15.234
4643.470	1.350	-15.015
4643.480	1.350	-14.795
4643.490	1.280	-14.575
4643.500	1.280	-14.355
4643.510	1.280	-14.062
4643.520	1.190	-13.770
4643.530	1.190	-13.110
4643.540	1.190	-12.964
4643.550	1.040	-12.378
4643.560	1.040	-11.865
4643.570	1.040	-11.353
4643.580	0.890	-10.986
4643.590	0.890	-10.620
4643.600	0.890	-9.888
4643.610	0.760	-9.375
4643.620	0.760	-8.643
4643.630	0.760	-8.350
4643.640	0.560	-7.617
4643.650	0.560	-7.031
4643.660	0.560	-6.519
4643.670	0.410	-5.859
4643.680	0.410	-4.541
4643.690	0.410	-4.541
4643.700	0.230	-3.955
4643.710	0.230	-3.516
4643.720	0.230	-2.930
4643.730	0.080	-2.124
4643.740	0.080	-1.392
4643.750	0.080	-0.806
4643.760	-0.120	-0.220
4643.770	-0.120	0.439
4643.780	-0.120	0.952
4643.790	-0.270	1.685
4643.800	-0.270	2.344
4643.810	-0.270	3.003
4643.820	-0.430	3.516
4643.830	-0.430	3.809
4643.840	-0.430	4.321
4643.850	-0.550	5.054
4643.860	-0.550	5.493
4643.870	-0.550	6.006
4643.880	-0.680	6.592
4643.890	-0.680	6.812
4643.900	-0.680	7.397
4643.910	-0.770	7.764
4643.920	-0.770	8.203
4643.930	-0.770	8.862
4643.940	-0.880	9.009
4643.950	-0.880	9.375
4643.960	-0.880	10.107
4643.970	-0.980	10.107
4643.980	-0.980	10.107
4643.990	-0.980	10.767
4644.000	-1.030	10.767
4644.010	-1.030	11.133
4644.020	-1.030	11.572
4644.030	-1.070	11.572
4644.040	-1.070	11.792
4644.050	-1.070	11.792
4644.060	-1.070	11.792
4644.070	-1.070	11.865
4644.080	-1.070	12.085
4644.090	-1.080	12.012
4644.100	-1.080	11.865
4644.110	-1.080	11.938
4644.120	-1.020	11.938
4644.130	-1.020	11.646
4644.140	-1.020	11.353
4644.150	-0.970	11.206
4644.160	-0.970	11.206
4644.170	-0.970	10.767
4644.180	-0.920	10.620
4644.190	-0.920	10.034
4644.200	-0.920	9.961
4644.210	-0.780	9.448
4644.220	-0.780	9.082
4644.230	-0.780	8.569
4644.240	-0.640	8.423
4644.250	-0.640	7.690
4644.260	-0.640	7.104
4644.270	-0.510	6.519
4644.280	-0.510	6.006
4644.290	-0.510	5.786
4644.300	-0.310	5.200
4644.310	-0.310	4.468
4644.320	-0.310	3.955
4644.330	-0.170	3.296
4644.340	-0.170	2.637
4644.350	-0.170	2.197
4644.360	0.030	1.685
4644.370	0.030	1.099
4644.380	0.030	0.220
4644.390	0.170	-0.659
4644.400	0.170	-1.318
4644.410	0.170	-1.831
4644.420	0.350	-2.417
4644.430	0.350	-3.003
4644.440	0.350	-3.809
4644.450	0.530	-4.395
4644.460	0.530	-4.980
4644.470	0.530	-5.786
4644.480	0.680	-6.079
4644.490	0.680	-6.519
4644.500	0.680	-7.178
4644.510	0.840	-7.764
4644.520	0.840	-8.496
4644.530	0.840	-8.789
4644.540	0.960	-9.229
4644.550	0.960	-9.741
4644.560	0.960	-10.474
4644.570	1.060	-10.474
4644.580	1.060	-11.133
4644.590	1.060	-11.572
4644.600	1.160	-11.938
4644.610	1.160	-12.231
4644.620	1.160	-12.378
4644.630	1.240	-13.257
4644.640	1.240	-13.110
4644.650	1.240	-13.550
4644.660	1.300	-13.770
4644.670	1.300	-13.916
4644.680	1.300	-14.062
4644.690	1.320	-14.355
4644.700	1.320	-14.282
4644.710	1.320	-14.575
4644.720	1.350	-14.648
4644.730	1.350	-14.355
4644.740	1.350	-14.575
4644.750	1.320	-14.502
4644.760	1.320	-14.429
4644.770	1.320	-14.355
4644.780	1.280	-14.282
4644.790	1.280	-14.136
4644.800	1.280	-13.989
4644.810	1.220	-13.696
4644.820	1.220	-13.403
4644.830	1.220	-13.403
4644.840	1.120	-13.037
4644.850	1.120	-12.744
4644.860	1.120	-12.158
4644.870	1.030	-12.158
4644.880	1.030	-11.646
4644.890	1.030	-10.840
4644.900	0.900	-10.693
4644.910	0.900	-10.181
4644.920	0.900	-9.741
4644.930	0.750	-9.229
4644.940	0.750	-8.789
4644.950	0.750	-8.057
4644.960	0.580	-7.397
4644.970	0.580	-6.665
4644.980	0.580	-6.152
4644.990	0.400	-5.786
4645.000	0.400	-4.907
4645.010	0.400	-4.321
4645.020	0.200	-3.735
4645.030	0.200	-2.783
4645.040	0.200	-2.197
4645.050	0.030	-1.611
4645.060	0.030	-1.025
4645.070	0.030	-0.293
4645.080	-0.150	0.513
4645.090	-0.150	1.172
4645.100	-0.150	1.685
4645.110	-0.330	2.271
4645.120	-0.330	3.003
4645.130	-0.330	3.809
4645.140	-0.500	4.395
4645.150	-0.500	4.980
4645.160	-0.500	5.640
4645.170	-0.650	5.933
4645.180	-0.650	6.519
4645.190	-0.650	7.178
4645.200	-0.790	7.764
4645.210	-0.790	8.496
4645.220	-0.790	8.716
4645.230	-0.910	9.302
4645.240	-0.910	9.668
4645.250	-0.910	10.254
4645.260	-1.020	10.327
4645.270	-1.020	11.133
4645.280	-1.020	11.353
4645.290	-1.090	11.646
4645.300	-1.090	11.792
4645.310	-1.090	12.158
4645.320	-1.170	12.817
4645.330	-1.170	12.451
4645.340	-1.170	12.891
4645.350	-1.190	12.817
4645.360	-1.190	13.330
4645.370	-1.190	13.110
4645.380	-1.240	13.477
4645.390	-1.240	13.623
4645.400	-1.240	13.550
4645.410	-1.230	13.623
4645.420	-1.230	13.257
4645.430	-1.230	13.623
4645.440	-1.210	13.403
4645.450	-1.210	13.550
4645.460	-1.210	13.403
4645.470	-1.160	13.184
4645.480	-1.160	12.891
4645.490	-1.160	12.524
4645.500	-1.050	12.744
4645.510	-1.050	12.085
4645.520	-1.050	11.792
4645.530	-0.970	11.646
4645.540	-0.970	11.206
4645.550	-0.970	10.181
4645.560	-0.840	10.181
4645.570	-0.840	9.741
4645.580	-0.840	9.375
4645.590	-0.710	9.009
4645.600	-0.710	8.276
4645.610	-0.710	7.837
4645.620	-0.570	7.544
4645.630	-0.570	6.665
4645.640	-0.570	6.152
4645.650	-0.390	5.347
4645.660	-0.390	4.907
4645.670	-0.390	4.395
4645.680	-0.210	3.589
4645.690	-0.210	2.856
4645.700	-0.210	2.344
4645.710	-0.010	1.685
4645.720	-0.010	0.952
4645.730	-0.010	0.366
4645.740	0.180	-0.220
4645.750	0.180	-0.879
4645.760	0.180	-1.611
4645.770	0.330	-2.197
4645.780	0.330	-2.710
4645.790	0.330	-3.369
4645.800	0.500	-4.248
4645.810	0.500	-4.687
4645.820	0.500	-5.127
4645.830	0.640	-5.859
4645.840	0.640	-6.372
4645.850	0.640	-6.885
4645.860	0.780	-7.544
4645.870	0.780	-7.764
4645.880	0.780	-8.496
4645.890	0.900	-8.789
4645.900	0.900	-9.302
4645.910	0.900	-9.595
4645.920	1.000	-10.254
4645.930	1.000	-10.400
4645.940	1.000	-11.060
4645.950	1.070	-11.133
4645.960	1.070	-11.279
4645.970	1.070	-12.012
4645.980	1.140	-12.012
4645.990	1.140	-12.085
4646.000	1.140	-12.158
4646.010	1.180	-12.671
4646.020	1.180	-12.744
4646.030	1.180	-12.891
4646.040	1.190	-12.671
4646.050	1.190	-13.110
4646.060	1.190	-12.817
4646.070	1.190	-13.110
4646.080	1.190	-12.817
4646.090	1.190	-13.257
4646.100	1.180	-12.817
4646.110	1.180	-12.744
4646.120	1.180	-12.671
4646.130	1.130	-12.671
4646.140	1.130	-12.305
4646.150	1.130	-12.012
4646.160	1.050	-12.012
4646.170	1.050	-11.792
4646.180	1.050	-11.426
4646.190	0.950	-11.060
4646.200	0.950	-10.840
4646.210	0.950	-10.034
4646.220	0.830	-10.034
4646.230	0.830	-9.375
4646.240	0.830	-8.496
4646.250	0.680	-8.496
4646.260	0.680	-8.130
4646.270	0.680	-6.885
4646.280	0.530	-6.885
4646.290	0.530	-6.152
4646.300	0.530	-5.273
4646.310	0.350	-5.273
4646.320	0.350	-4.541
4646.330	0.350	-4.028
4646.340	0.190	-3.589
4646.350	0.190	-2.930
4646.360	0.190	-2.124
4646.370	0.000	-1.465
4646.380	0.000	-0.732
4646.390	0.000	0.000
4646.400	-0.180	0.806
4646.410	-0.180	1.465
4646.420	-0.180	2.051
4646.430	-0.360	2.856
4646.440	-0.360	3.516
4646.450	-0.360	4.028
4646.460	-0.500	4.468
4646.470	-0.500	5.713
4646.480	-0.500	6.152
4646.490	-0.660	6.812
4646.500	-0.660	7.251
4646.510	-0.660	7.251
4646.520	-0.800	8.203
4646.530	-0.800	8.423
4646.540	-0.800	9.082
4646.550	-0.930	9.521
4646.560	-0.930	10.181
4646.570	-0.930	10.327
4646.580	-1.060	10.986
4646.590	-1.060	11.206
4646.600	-1.060	11.792
4646.610	-1.160	12.305
4646.620	-1.160	12.231
4646.630	-1.160	12.671
4646.640	-1.210	12.891
4646.650	-1.210	13.403
4646.660	-1.210	13.916
4646.670	-1.290	13.989
4646.680	-1.290	14.136
4646.690	-1.290	14.136
4646.700	-1.310	14.282
4646.710	-1.310	14.429
4646.720	-1.310	14.429
4646.730	-1.350	14.868
4646.740	-1.350	14.795
4646.750	-1.350	14.648
4646.760	-1.320	15.015
4646.770	-1.320	14.648
4646.780	-1.320	14.575
4646.790	-1.290	14.722
4646.800	-1.290	14.429
4646.810	-1.290	14.355
4646.820	-1.230	14.136
4646.830	-1.230	13.696
4646.840	-1.230	13.403
4646.850	-1.140	13.477
4646.860	-1.140	12.671
4646.870	-1.140	12.671
4646.880	-1.040	12.158
4646.890	-1.040	11.865
4646.900	-1.040	11.279
4646.910	-0.890	10.547
4646.920	-0.890	10.547
4646.930	-0.890	9.888
4646.940	-0.740	9.448
4646.950	-0.740	8.716
4646.960	-0.740	8.496
4646.970	-0.580	7.617
4646.980	-0.580	6.958
4646.990	-0.580	6.299
4647.000	-0.420	5.713
4647.010	-0.420	5.347
4647.020	-0.420	4.541
4647.030	-0.230	3.955
4647.040	-0.230	3.296
4647.050	-0.230	2.637
4647.060	-0.020	1.831
4647.070	-0.020	1.025
4647.080	-0.020	0.439
4647.090	0.170	-0.220
4647.100	0.170	-0.879
4647.110	0.170	-1.538
4647.120	0.360	-2.271
4647.130	0.360	-3.076
4647.140	0.360	-3.662
4647.150	0.520	-4.321
4647.160	0.520	-5.054
4647.170	0.520	-5.420
4647.180	0.650	-5.786
4647.190	0.650	-6.445
4647.200	0.650	-6.958
4647.210	0.780	-7.617
4647.220	0.780	-8.203
4647.230	0.780	-9.009
4647.240	0.900	-9.009
4647.250	0.900	-9.302
4647.260	0.900	-9.741
4647.270	1.000	-9.888
4647.280	1.000	-10.474
4647.290	1.000	-10.620
4647.300	1.070	-11.279
4647.310	1.070	-11.206
4647.320	1.070	-11.499
4647.330	1.130	-11.938
4647.340	1.130	-12.085
4647.350	1.130	-12.231
4647.360	1.160	-12.158
4647.370	1.160	-12.744
4647.380	1.160	-12.671
4647.390	1.160	-12.964
4647.400	1.160	-12.524
4647.410	1.160	-13.037
4647.420	1.160	-12.598
4647.430	1.160	-12.671
4647.440	1.160	-12.378
4647.450	1.120	-12.744
4647.460	1.120	-12.305
4647.470	1.120	-12.085
4647.480	1.050	-11.865
4647.490	1.050	-11.719
4647.500	1.050	-11.426
4647.510	0.960	-10.840
4647.520	0.960	-10.840
4647.530	0.960	-10.327
4647.540	0.860	-10.254
4647.550	0.860	-9.521
4647.560	0.860	-9.155
4647.570	0.720	-8.569
4647.580	0.720	-8.276
4647.590	0.720	-7.178
4647.600	0.570	-7.178
4647.610	0.570	-6.738
4647.620	0.570	-6.226
4647.630	0.410	-5.859
4647.640	0.410	-4.980
4647.650	0.410	-4.468
4647.660	0.230	-4.028
4647.670	0.230	-3.369
4647.680	0.230	-2.710
4647.690	0.040	-2.124
4647.700	0.040	-1.465
4647.710	0.040	-0.806
4647.720	-0.110	0.073
4647.730	-0.110	0.952
4647.740	-0.110	1.465
4647.750	-0.270	2.124
4647.760	-0.270	2.637
4647.770	-0.270	3.369
4647.780	-0.440	3.955
4647.790	-0.440	4.395
4647.800	-0.440	4.980
4647.810	-0.590	5.786
4647.820	-0.590	6.079
4647.830	-0.590	6.665
4647.840	-0.740	7.178
4647.850	-0.740	7.544
4647.860	-0.740	8.350
4647.870	-0.880	8.569
4647.880	-0.880	9.229
4647.890	-0.880	9.668
4647.900	-0.980	10.327
4647.910	-0.980	10.474
4647.920	-0.980	11.060
4647.930	-1.110	11.133
4647.940	-1.110	11.719
4647.950	-1.110	12.305
4647.960	-1.180	12.305
4647.970	-1.180	12.964
4647.980	-1.180	13.037
4647.990	-1.250	13.550
4648.000	-1.250	13.477
4648.010	-1.250	13.696
4648.020	-1.280	13.916
4648.030	-1.280	14.062
4648.040	-1.280	14.282
4648.050	-1.280	14.429
4648.060	-1.280	14.282
4648.070	-1.280	14.282
4648.080	-1.290	14.355
4648.090	-1.290	14.136
4648.100	-1.290	14.282
4648.110	-1.240	14.136
4648.120	-1.240	13.989
4648.130	-1.240	13.770
4648.140	-1.210	13.696
4648.150	-1.210	13.257
4648.160	-1.210	13.330
4648.170	-1.120	12.817
