% Time (s)	Gyro Output (rads/s)	Input Rate (RPM)	%9/2/20211:58 PM
0.000	0.000	0.000
4333.220	0.010	0.000
4333.230	0.010	0.000
4333.240	0.010	0.000
4333.250	0.010	0.000
4333.260	0.010	0.000
4333.270	0.010	0.000
4333.280	0.010	0.000
4333.290	0.010	0.000
4333.300	0.010	0.000
4333.310	0.010	0.000
4333.320	0.010	0.000
4333.330	0.010	0.000
4333.340	0.010	0.000
4333.350	0.010	0.000
4333.360	0.010	0.000
4333.370	0.010	0.000
4333.380	0.010	0.000
4333.390	0.010	0.000
4333.400	0.010	0.000
4333.410	0.010	0.000
4333.420	0.010	0.000
4333.430	0.010	0.000
4333.440	0.010	0.000
4333.450	0.010	0.000
4333.460	0.010	0.000
4333.470	0.010	0.000
4333.480	0.010	0.000
4333.490	0.010	0.000
4333.500	0.010	0.000
4333.510	0.010	0.000
4333.520	0.010	0.000
4333.530	0.010	0.000
4333.540	0.010	0.000
4333.550	0.010	0.000
4333.560	0.010	0.000
4333.570	0.010	0.000
4333.580	0.010	0.000
4333.590	0.010	0.000
4333.600	0.010	0.000
4333.610	0.010	0.000
4333.620	0.010	0.000
4333.630	0.010	0.000
4333.640	0.010	0.000
4333.650	0.010	0.000
4333.660	0.010	0.000
4333.670	0.010	-0.073
4333.680	0.020	-0.073
4333.690	0.020	-0.146
4333.700	0.020	-0.293
4333.710	0.050	-0.293
4333.720	0.050	-0.366
4333.730	0.050	-0.513
4333.740	0.060	-0.513
4333.750	0.060	-0.513
4333.760	0.060	-0.513
4333.770	0.030	-0.513
4333.780	0.030	-0.293
4333.790	0.030	0.220
4333.800	-0.030	0.220
4333.810	-0.030	0.513
4333.820	-0.030	1.318
4333.830	-0.190	1.318
4333.840	-0.190	2.051
4333.850	-0.190	3.223
4333.860	-0.420	3.223
4333.870	-0.420	3.955
4333.880	-0.420	5.566
4333.890	-0.670	5.566
4333.900	-0.670	6.519
4333.910	-0.670	8.057
4333.920	-0.880	8.057
4333.930	-0.880	8.936
4333.940	-0.880	10.107
4333.950	-1.070	10.107
4333.960	-1.070	11.133
4333.970	-1.070	12.085
4333.980	-1.190	12.085
4333.990	-1.190	12.598
4334.000	-1.190	13.623
4334.010	-1.280	13.623
4334.020	-1.280	13.623
4334.030	-1.280	14.136
4334.040	-1.320	14.136
4334.050	-1.320	14.355
4334.060	-1.320	14.722
4334.070	-1.320	14.722
4334.080	-1.320	14.502
4334.090	-1.320	14.575
4334.100	-1.260	14.355
4334.110	-1.260	14.062
4334.120	-1.260	13.843
4334.130	-1.150	13.623
4334.140	-1.150	13.037
4334.150	-1.150	12.964
4334.160	-1.000	12.012
4334.170	-1.000	11.206
4334.180	-1.000	10.913
4334.190	-0.770	10.034
4334.200	-0.770	9.229
4334.210	-0.770	8.350
4334.220	-0.510	7.837
4334.230	-0.510	6.665
4334.240	-0.510	4.761
4334.250	-0.250	4.761
4334.260	-0.250	4.028
4334.270	-0.250	2.271
4334.280	0.000	2.271
4334.290	0.000	1.392
4334.300	0.000	-0.146
4334.310	0.200	-0.146
4334.320	0.200	-0.952
4334.330	0.200	-2.197
4334.340	0.320	-2.197
4334.350	0.320	-2.930
4334.360	0.320	-3.589
4334.370	0.450	-4.028
4334.380	0.450	-4.321
4334.390	0.450	-4.614
4334.400	0.540	-5.127
4334.410	0.540	-5.420
4334.420	0.540	-5.713
4334.430	0.620	-6.372
4334.440	0.620	-6.592
4334.450	0.620	-6.958
4334.460	0.710	-6.958
4334.470	0.710	-7.324
4334.480	0.710	-8.276
4334.490	0.810	-8.276
4334.500	0.810	-8.276
4334.510	0.810	-9.155
4334.520	0.900	-9.155
4334.530	0.900	-9.521
4334.540	0.900	-10.327
4334.550	0.990	-10.327
4334.560	0.990	-10.400
4334.570	0.990	-11.060
4334.580	1.080	-10.913
4334.590	1.080	-11.353
4334.600	1.080	-11.646
4334.610	1.110	-11.938
4334.620	1.110	-11.865
4334.630	1.110	-11.792
4334.640	1.110	-12.085
4334.650	1.110	-12.158
4334.660	1.110	-11.719
4334.670	1.080	-11.719
4334.680	1.080	-11.792
4334.690	1.080	-11.572
4334.700	1.030	-11.572
4334.710	1.030	-11.279
4334.720	1.030	-10.986
4334.730	0.950	-10.986
4334.740	0.950	-10.767
4334.750	0.950	-10.254
4334.760	0.870	-10.254
4334.770	0.870	-9.741
4334.780	0.870	-9.155
4334.790	0.770	-9.155
4334.800	0.770	-8.203
4334.810	0.770	-7.910
4334.820	0.640	-7.910
4334.830	0.640	-7.397
4334.840	0.640	-6.592
4334.850	0.500	-6.592
4334.860	0.500	-5.933
4334.870	0.500	-5.127
4334.880	0.380	-5.127
4334.890	0.380	-4.541
4334.900	0.380	-3.809
4334.910	0.250	-3.809
4334.920	0.250	-3.296
4334.930	0.250	-2.783
4334.940	0.130	-2.344
4334.950	0.130	-1.978
4334.960	0.130	-1.611
4334.970	0.030	-1.245
4334.980	0.030	-0.806
4334.990	0.030	-0.293
4335.000	-0.070	0.073
4335.010	-0.070	0.439
4335.020	-0.070	0.806
4335.030	-0.160	1.245
4335.040	-0.160	1.538
4335.050	-0.160	1.758
4335.060	-0.220	2.051
4335.070	-0.220	2.344
4335.080	-0.220	2.563
4335.090	-0.270	2.856
4335.100	-0.270	3.149
4335.110	-0.270	3.369
4335.120	-0.320	3.369
4335.130	-0.320	3.296
4335.140	-0.320	3.369
4335.150	-0.370	3.809
4335.160	-0.370	4.102
4335.170	-0.370	4.248
4335.180	-0.410	4.468
4335.190	-0.410	4.468
4335.200	-0.410	4.761
4335.210	-0.450	4.907
4335.220	-0.450	4.907
4335.230	-0.450	5.127
4335.240	-0.500	5.566
4335.250	-0.500	5.566
4335.260	-0.500	5.566
4335.270	-0.540	5.786
4335.280	-0.540	6.006
4335.290	-0.540	6.152
4335.300	-0.600	6.152
4335.310	-0.600	6.592
4335.320	-0.600	7.031
4335.330	-0.670	7.251
4335.340	-0.670	7.471
4335.350	-0.670	7.471
4335.360	-0.760	7.837
4335.370	-0.760	8.203
4335.380	-0.760	8.350
4335.390	-0.840	8.936
4335.400	-0.840	8.936
4335.410	-0.840	9.229
4335.420	-0.890	9.448
4335.430	-0.890	9.814
4335.440	-0.890	9.741
4335.450	-0.940	10.034
4335.460	-0.940	10.400
4335.470	-0.940	10.327
4335.480	-0.970	10.693
4335.490	-0.970	10.400
4335.500	-0.970	11.060
4335.510	-1.000	10.840
4335.520	-1.000	11.060
4335.530	-1.000	10.840
4335.540	-1.000	11.206
4335.550	-1.000	11.279
4335.560	-1.000	11.206
4335.570	-0.990	11.133
4335.580	-0.990	11.060
4335.590	-0.990	11.279
4335.600	-0.970	11.060
4335.610	-0.970	10.913
4335.620	-0.970	10.474
4335.630	-0.930	10.840
4335.640	-0.930	10.327
4335.650	-0.930	10.327
4335.660	-0.860	9.888
4335.670	-0.860	9.668
4335.680	-0.860	9.521
4335.690	-0.760	9.229
4335.700	-0.760	8.716
4335.710	-0.760	8.643
4335.720	-0.660	8.423
4335.730	-0.660	7.617
4335.740	-0.660	7.251
4335.750	-0.540	6.738
4335.760	-0.540	6.519
4335.770	-0.540	6.152
4335.780	-0.380	5.420
4335.790	-0.380	4.761
4335.800	-0.380	4.248
4335.810	-0.210	3.516
4335.820	-0.210	3.003
4335.830	-0.210	2.563
4335.840	-0.050	2.124
4335.850	-0.050	1.538
4335.860	-0.050	0.879
4335.870	0.080	0.439
4335.880	0.080	0.000
4335.890	0.080	-0.439
4335.900	0.190	-0.879
4335.910	0.190	-1.392
4335.920	0.190	-1.904
4335.930	0.280	-2.271
4335.940	0.280	-2.637
4335.950	0.280	-2.930
4335.960	0.380	-3.296
4335.970	0.380	-3.809
4335.980	0.380	-4.248
4335.990	0.490	-4.468
4336.000	0.490	-4.907
4336.010	0.490	-5.347
4336.020	0.570	-5.493
4336.030	0.570	-5.640
4336.040	0.570	-6.152
4336.050	0.660	-6.592
4336.060	0.660	-6.885
4336.070	0.660	-7.251
4336.080	0.730	-7.397
4336.090	0.730	-7.544
4336.100	0.730	-7.837
4336.110	0.790	-7.837
4336.120	0.790	-8.350
4336.130	0.790	-8.716
4336.140	0.820	-8.569
4336.150	0.820	-8.789
4336.160	0.820	-8.862
4336.170	0.840	-8.936
4336.180	0.840	-9.082
4336.190	0.840	-9.082
4336.200	0.830	-9.082
4336.210	0.830	-9.009
4336.220	0.830	-8.789
4336.230	0.810	-9.082
4336.240	0.810	-8.936
4336.250	0.810	-8.716
4336.260	0.780	-8.862
4336.270	0.780	-8.423
4336.280	0.780	-8.496
4336.290	0.740	-8.643
4336.300	0.740	-8.203
4336.310	0.740	-8.057
4336.320	0.700	-8.057
4336.330	0.700	-7.544
4336.340	0.700	-7.690
4336.350	0.670	-7.764
4336.360	0.670	-7.397
4336.370	0.670	-7.324
4336.380	0.650	-7.178
4336.390	0.650	-7.031
4336.400	0.650	-6.958
4336.410	0.620	-7.104
4336.420	0.620	-6.958
4336.430	0.620	-6.812
4336.440	0.590	-6.592
4336.450	0.590	-6.299
4336.460	0.590	-6.372
4336.470	0.560	-6.299
4336.480	0.560	-6.079
4336.490	0.560	-6.299
4336.500	0.540	-5.933
4336.510	0.540	-5.933
4336.520	0.540	-5.640
4336.530	0.520	-5.640
4336.540	0.520	-5.786
4336.550	0.520	-5.713
4336.560	0.490	-5.493
4336.570	0.490	-5.420
4336.580	0.490	-5.420
4336.590	0.450	-5.273
4336.600	0.450	-4.907
4336.610	0.450	-4.761
4336.620	0.390	-4.541
4336.630	0.390	-4.248
4336.640	0.390	-3.882
4336.650	0.300	-3.589
4336.660	0.300	-3.369
4336.670	0.300	-3.076
4336.680	0.180	-2.563
4336.690	0.180	-2.124
4336.700	0.180	-1.758
4336.710	0.050	-1.465
4336.720	0.050	-1.099
4336.730	0.050	-0.659
4336.740	-0.070	-0.146
4336.750	-0.070	0.293
4336.760	-0.070	0.732
4336.770	-0.180	1.099
4336.780	-0.180	1.392
4336.790	-0.180	1.758
4336.800	-0.260	2.124
4336.810	-0.260	2.563
4336.820	-0.260	3.003
4336.830	-0.340	3.223
4336.840	-0.340	3.369
4336.850	-0.340	3.662
4336.860	-0.400	4.028
4336.870	-0.400	4.395
4336.880	-0.400	4.614
4336.890	-0.460	4.761
4336.900	-0.460	5.054
4336.910	-0.460	5.420
4336.920	-0.520	5.493
4336.930	-0.520	5.640
4336.940	-0.520	6.079
4336.950	-0.580	6.152
4336.960	-0.580	6.079
4336.970	-0.580	6.299
4336.980	-0.620	6.738
4336.990	-0.620	6.885
4337.000	-0.620	7.031
4337.010	-0.650	7.031
4337.020	-0.650	6.958
4337.030	-0.650	7.031
4337.040	-0.660	7.251
4337.050	-0.660	7.324
4337.060	-0.660	7.544
4337.070	-0.670	7.617
4337.080	-0.670	7.397
4337.090	-0.670	7.690
4337.100	-0.690	7.690
4337.110	-0.690	7.690
4337.120	-0.690	7.910
4337.130	-0.730	8.203
4337.140	-0.730	7.837
4337.150	-0.730	8.130
4337.160	-0.760	8.423
4337.170	-0.760	8.350
4337.180	-0.760	8.716
4337.190	-0.790	8.789
4337.200	-0.790	8.496
4337.210	-0.790	8.862
4337.220	-0.800	8.862
4337.230	-0.800	8.862
4337.240	-0.800	9.009
4337.250	-0.800	8.789
4337.260	-0.800	8.862
4337.270	-0.800	8.862
4337.280	-0.780	8.716
4337.290	-0.780	8.862
4337.300	-0.780	8.716
4337.310	-0.730	8.203
4337.320	-0.730	8.350
4337.330	-0.730	8.057
4337.340	-0.660	7.837
4337.350	-0.660	7.764
4337.360	-0.660	7.251
4337.370	-0.550	6.812
4337.380	-0.550	6.299
4337.390	-0.550	5.786
4337.400	-0.420	5.640
4337.410	-0.420	5.420
4337.420	-0.420	4.761
4337.430	-0.280	4.321
4337.440	-0.280	3.809
4337.450	-0.280	3.296
4337.460	-0.130	2.710
4337.470	-0.130	2.344
4337.480	-0.130	1.978
4337.490	0.010	1.538
4337.500	0.010	0.879
4337.510	0.010	0.220
4337.520	0.130	-0.366
4337.530	0.130	-1.025
4337.540	0.130	-1.538
4337.550	0.260	-2.051
4337.560	0.260	-2.344
4337.570	0.260	-2.710
4337.580	0.390	-3.223
4337.590	0.390	-3.809
4337.600	0.390	-4.175
4337.610	0.510	-4.541
4337.620	0.510	-5.127
4337.630	0.510	-5.347
4337.640	0.610	-5.493
4337.650	0.610	-5.786
4337.660	0.610	-6.372
4337.670	0.690	-6.738
4337.680	0.690	-7.178
4337.690	0.690	-7.397
4337.700	0.740	-7.544
4337.710	0.740	-7.764
4337.720	0.740	-7.764
4337.730	0.760	-7.910
4337.740	0.760	-8.350
4337.750	0.760	-8.423
4337.760	0.780	-8.276
4337.770	0.780	-8.496
4337.780	0.780	-8.350
4337.790	0.790	-8.423
4337.800	0.790	-8.716
4337.810	0.790	-8.569
4337.820	0.800	-8.716
4337.830	0.800	-8.716
4337.840	0.800	-8.496
4337.850	0.810	-8.936
4337.860	0.810	-8.862
4337.870	0.810	-8.716
4337.880	0.810	-8.862
4337.890	0.810	-8.716
4337.900	0.810	-8.716
4337.910	0.800	-8.862
4337.920	0.800	-8.496
4337.930	0.800	-8.643
4337.940	0.770	-8.569
4337.950	0.770	-8.130
4337.960	0.770	-8.423
4337.970	0.720	-8.276
4337.980	0.720	-7.837
4337.990	0.720	-7.690
4338.000	0.650	-7.471
4338.010	0.650	-7.178
4338.020	0.650	-7.031
4338.030	0.570	-6.885
4338.040	0.570	-6.665
4338.050	0.570	-6.372
4338.060	0.490	-5.713
4338.070	0.490	-5.420
4338.080	0.490	-5.347
4338.090	0.390	-5.127
4338.100	0.390	-4.614
4338.110	0.390	-4.321
4338.120	0.290	-4.028
4338.130	0.290	-3.369
4338.140	0.290	-3.003
4338.150	0.190	-2.637
4338.160	0.190	-2.417
4338.170	0.190	-2.051
4338.180	0.080	-1.611
4338.190	0.080	-1.172
4338.200	0.080	-0.806
4338.210	-0.010	-0.513
4338.220	-0.010	-0.146
4338.230	-0.010	0.146
4338.240	-0.120	0.513
4338.250	-0.120	0.879
4338.260	-0.120	1.611
4338.270	-0.210	1.611
4338.280	-0.210	1.978
4338.290	-0.210	2.490
4338.300	-0.290	2.490
4338.310	-0.290	2.783
4338.320	-0.290	3.516
4338.330	-0.350	3.516
4338.340	-0.350	3.882
4338.350	-0.350	4.175
4338.360	-0.410	4.175
4338.370	-0.410	4.395
4338.380	-0.410	4.834
4338.390	-0.460	4.834
4338.400	-0.460	4.980
4338.410	-0.460	5.566
4338.420	-0.520	5.566
4338.430	-0.520	5.566
4338.440	-0.520	5.933
4338.450	-0.560	5.933
4338.460	-0.560	6.079
4338.470	-0.560	6.006
4338.480	-0.580	6.006
4338.490	-0.580	6.445
4338.500	-0.580	6.665
4338.510	-0.590	6.592
4338.520	-0.590	6.519
4338.530	-0.590	6.592
4338.540	-0.590	6.592
4338.550	-0.590	6.372
4338.560	-0.590	6.885
4338.570	-0.610	6.885
4338.580	-0.610	6.885
4338.590	-0.610	6.812
4338.600	-0.630	6.812
4338.610	-0.630	6.885
4338.620	-0.630	7.251
4338.630	-0.660	7.251
4338.640	-0.660	7.397
4338.650	-0.660	7.471
4338.660	-0.680	7.471
4338.670	-0.680	7.397
4338.680	-0.680	7.690
4338.690	-0.700	7.690
4338.700	-0.700	7.764
4338.710	-0.700	7.983
4338.720	-0.700	7.983
4338.730	-0.700	7.617
4338.740	-0.700	7.837
4338.750	-0.700	7.837
4338.760	-0.700	7.837
4338.770	-0.700	7.983
4338.780	-0.680	7.983
4338.790	-0.680	7.544
4338.800	-0.680	7.324
4338.810	-0.630	7.324
4338.820	-0.630	7.104
4338.830	-0.630	6.665
4338.840	-0.550	6.665
4338.850	-0.550	6.445
4338.860	-0.550	5.640
4338.870	-0.450	5.640
4338.880	-0.450	5.200
4338.890	-0.450	4.980
4338.900	-0.340	4.761
4338.910	-0.340	4.175
4338.920	-0.340	3.662
4338.930	-0.240	3.662
4338.940	-0.240	3.223
4338.950	-0.240	2.271
4338.960	-0.120	2.271
4338.970	-0.120	1.978
4338.980	-0.120	1.318
4338.990	0.000	1.318
4339.000	0.000	0.879
4339.010	0.000	-0.293
4339.020	0.110	-0.293
4339.030	0.110	-0.806
4339.040	0.110	-1.611
4339.050	0.210	-1.611
4339.060	0.210	-1.831
4339.070	0.210	-2.417
4339.080	0.310	-2.417
4339.090	0.310	-2.856
4339.100	0.310	-3.516
4339.110	0.380	-3.516
4339.120	0.380	-3.662
4339.130	0.380	-4.468
4339.140	0.480	-4.468
4339.150	0.480	-4.687
4339.160	0.480	-5.273
4339.170	0.560	-5.273
4339.180	0.560	-5.786
4339.190	0.560	-6.152
4339.200	0.620	-6.152
4339.210	0.620	-6.592
4339.220	0.620	-6.738
4339.230	0.660	-6.738
4339.240	0.660	-6.812
4339.250	0.660	-7.251
4339.260	0.680	-7.251
4339.270	0.680	-7.544
4339.280	0.680	-7.324
4339.290	0.680	-7.324
4339.300	0.680	-7.324
4339.310	0.680	-7.251
4339.320	0.680	-7.251
4339.330	0.680	-7.471
4339.340	0.680	-7.324
4339.350	0.660	-7.324
4339.360	0.660	-7.251
4339.370	0.660	-6.958
4339.380	0.630	-6.958
4339.390	0.630	-6.958
4339.400	0.630	-6.958
4339.410	0.600	-6.958
4339.420	0.600	-6.812
4339.430	0.600	-6.152
4339.440	0.560	-6.152
4339.450	0.560	-6.226
4339.460	0.560	-6.152
4339.470	0.540	-6.006
4339.480	0.540	-5.933
4339.490	0.540	-6.152
4339.500	0.520	-5.420
4339.510	0.520	-5.420
4339.520	0.520	-5.420
4339.530	0.490	-5.566
4339.540	0.490	-5.493
4339.550	0.490	-5.273
4339.560	0.460	-5.127
4339.570	0.460	-4.980
4339.580	0.460	-4.980
4339.590	0.410	-4.687
4339.600	0.410	-4.541
4339.610	0.410	-4.468
4339.620	0.340	-4.175
4339.630	0.340	-3.809
4339.640	0.340	-3.442
4339.650	0.280	-3.223
4339.660	0.280	-3.076
4339.670	0.280	-2.856
4339.680	0.190	-2.417
4339.690	0.190	-2.051
4339.700	0.190	-1.758
4339.710	0.090	-1.538
4339.720	0.090	-1.245
4339.730	0.090	-0.952
4339.740	-0.020	-0.586
4339.750	-0.020	-0.220
4339.760	-0.020	0.220
4339.770	-0.130	0.659
4339.780	-0.130	1.025
4339.790	-0.130	1.318
4339.800	-0.220	1.611
4339.810	-0.220	1.978
4339.820	-0.220	2.417
4339.830	-0.330	3.003
4339.840	-0.330	3.223
4339.850	-0.330	3.516
4339.860	-0.420	3.809
4339.870	-0.420	4.321
4339.880	-0.420	4.614
4339.890	-0.500	4.907
4339.900	-0.500	5.127
4339.910	-0.500	5.713
4339.920	-0.560	5.859
4339.930	-0.560	5.786
4339.940	-0.560	6.226
4339.950	-0.610	6.445
4339.960	-0.610	6.445
4339.970	-0.610	6.445
4339.980	-0.640	6.958
4339.990	-0.640	7.104
4340.000	-0.640	7.324
4340.010	-0.670	7.251
4340.020	-0.670	7.251
4340.030	-0.670	7.617
4340.040	-0.690	7.617
4340.050	-0.690	7.617
4340.060	-0.690	8.057
4340.070	-0.700	8.057
4340.080	-0.700	7.617
4340.090	-0.700	7.910
4340.100	-0.700	7.910
4340.110	-0.700	7.764
4340.120	-0.700	7.983
4340.130	-0.680	7.983
4340.140	-0.680	7.544
4340.150	-0.680	7.544
4340.160	-0.670	7.690
4340.170	-0.670	7.544
4340.180	-0.670	7.617
4340.190	-0.640	7.690
4340.200	-0.640	7.324
4340.210	-0.640	7.031
4340.220	-0.600	6.812
4340.230	-0.600	6.738
4340.240	-0.600	6.738
4340.250	-0.530	6.519
4340.260	-0.530	5.933
4340.270	-0.530	5.859
4340.280	-0.430	5.566
4340.290	-0.430	5.054
4340.300	-0.430	4.761
4340.310	-0.310	4.468
4340.320	-0.310	4.028
4340.330	-0.310	3.442
4340.340	-0.210	3.003
4340.350	-0.210	2.637
4340.360	-0.210	2.197
4340.370	-0.080	1.611
4340.380	-0.080	1.245
4340.390	-0.080	0.879
4340.400	0.050	0.439
4340.410	0.050	0.146
4340.420	0.050	-0.220
4340.430	0.170	-0.513
4340.440	0.170	-0.952
4340.450	0.170	-1.318
4340.460	0.280	-1.831
4340.470	0.280	-2.271
4340.480	0.280	-2.637
4340.490	0.370	-3.003
4340.500	0.370	-3.369
4340.510	0.370	-3.955
4340.520	0.450	-4.248
4340.530	0.450	-4.541
4340.540	0.450	-4.761
4340.550	0.530	-5.200
4340.560	0.530	-5.347
4340.570	0.530	-5.566
4340.580	0.600	-6.079
4340.590	0.600	-6.372
4340.600	0.600	-6.445
4340.610	0.650	-6.372
4340.620	0.650	-6.738
4340.630	0.650	-6.958
4340.640	0.670	-7.178
4340.650	0.670	-7.397
4340.660	0.670	-7.397
4340.670	0.690	-7.324
4340.680	0.690	-7.397
4340.690	0.690	-7.324
4340.700	0.710	-7.544
4340.710	0.710	-7.910
4340.720	0.710	-7.764
4340.730	0.720	-7.764
4340.740	0.720	-7.910
4340.750	0.720	-7.690
4340.760	0.720	-7.764
4340.770	0.720	-8.130
4340.780	0.720	-7.837
4340.790	0.710	-7.764
4340.800	0.710	-7.764
4340.810	0.710	-7.324
4340.820	0.670	-7.324
4340.830	0.670	-7.471
4340.840	0.670	-7.104
4340.850	0.620	-7.104
4340.860	0.620	-6.885
4340.870	0.620	-6.519
4340.880	0.570	-6.519
4340.890	0.570	-6.372
4340.900	0.570	-6.079
4340.910	0.510	-5.933
4340.920	0.510	-5.859
4340.930	0.510	-5.420
4340.940	0.420	-4.980
4340.950	0.420	-4.687
4340.960	0.420	-4.395
4340.970	0.320	-3.955
4340.980	0.320	-3.516
4340.990	0.320	-3.223
4341.000	0.190	-2.856
4341.010	0.190	-2.271
4341.020	0.190	-1.758
4341.030	0.050	-1.392
4341.040	0.050	-1.025
4341.050	0.050	-0.659
4341.060	-0.050	-0.293
4341.070	-0.050	0.073
4341.080	-0.050	0.439
4341.090	-0.160	0.732
4341.100	-0.160	1.099
4341.110	-0.160	1.318
4341.120	-0.240	1.685
4341.130	-0.240	2.197
4341.140	-0.240	2.563
4341.150	-0.310	2.856
4341.160	-0.310	3.003
4341.170	-0.310	3.296
4341.180	-0.370	3.589
4341.190	-0.370	4.028
4341.200	-0.370	4.248
4341.210	-0.440	4.468
4341.220	-0.440	4.614
4341.230	-0.440	4.980
4341.240	-0.500	5.127
4341.250	-0.500	5.273
4341.260	-0.500	5.713
4341.270	-0.580	6.079
4341.280	-0.580	6.079
4341.290	-0.580	6.152
4341.300	-0.650	6.738
4341.310	-0.650	7.031
4341.320	-0.650	7.324
4341.330	-0.690	7.324
4341.340	-0.690	7.324
4341.350	-0.690	7.397
4341.360	-0.690	7.764
4341.370	-0.690	7.617
4341.380	-0.690	7.837
4341.390	-0.670	7.983
4341.400	-0.670	7.544
4341.410	-0.670	7.324
4341.420	-0.630	7.324
4341.430	-0.630	7.104
4341.440	-0.630	7.104
4341.450	-0.570	7.031
4341.460	-0.570	6.592
4341.470	-0.570	6.445
4341.480	-0.510	6.079
4341.490	-0.510	5.713
4341.500	-0.510	5.566
4341.510	-0.440	5.640
4341.520	-0.440	5.347
4341.530	-0.440	5.054
4341.540	-0.360	4.761
4341.550	-0.360	4.395
4341.560	-0.360	4.028
4341.570	-0.210	3.809
4341.580	-0.210	3.662
4341.590	-0.210	3.442
4341.600	-0.180	3.076
4341.610	-0.180	2.563
4341.620	-0.180	2.051
4341.630	-0.060	1.685
4341.640	-0.060	1.392
4341.650	-0.060	1.099
4341.660	0.050	0.586
4341.670	0.050	0.073
4341.680	0.050	-0.366
4341.690	0.160	-0.879
4341.700	0.160	-1.172
4341.710	0.160	-1.758
4341.720	0.240	-1.758
4341.730	0.240	-2.563
4341.740	0.240	-3.003
4341.750	0.300	-3.223
4341.760	0.300	-3.223
4341.770	0.300	-3.296
4341.780	0.360	-3.442
4341.790	0.360	-3.442
4341.800	0.360	-3.735
4341.810	0.410	-4.102
4341.820	0.410	-4.321
4341.830	0.410	-4.468
4341.840	0.450	-4.468
4341.850	0.450	-4.761
4341.860	0.450	-4.907
4341.870	0.500	-4.980
4341.880	0.500	-4.980
4341.890	0.500	-5.566
4341.900	0.530	-5.566
4341.910	0.530	-5.493
4341.920	0.530	-6.079
4341.930	0.560	-6.079
4341.940	0.560	-6.152
4341.950	0.560	-6.006
4341.960	0.580	-6.006
4341.970	0.580	-6.299
4341.980	0.580	-6.372
4341.990	0.580	-6.226
4342.000	0.580	-6.372
4342.010	0.580	-6.519
4342.020	0.570	-6.372
4342.030	0.570	-5.933
4342.040	0.570	-5.933
4342.050	0.540	-6.152
4342.060	0.540	-5.933
4342.070	0.540	-5.713
4342.080	0.500	-5.786
4342.090	0.500	-5.859
4342.100	0.500	-5.493
4342.110	0.470	-5.200
4342.120	0.470	-4.980
4342.130	0.470	-4.980
4342.140	0.420	-4.834
4342.150	0.420	-4.614
4342.160	0.420	-4.468
4342.170	0.360	-4.248
4342.180	0.360	-3.882
4342.190	0.360	-3.516
4342.200	0.290	-3.296
4342.210	0.290	-3.223
4342.220	0.290	-3.223
4342.230	0.200	-2.930
4342.240	0.200	-2.637
4342.250	0.200	-2.271
4342.260	0.120	-2.051
4342.270	0.120	-1.758
4342.280	0.120	-1.538
4342.290	0.050	-1.245
4342.300	0.050	-1.025
4342.310	0.050	-0.659
4342.320	-0.030	-0.220
4342.330	-0.030	0.146
4342.340	-0.030	0.513
4342.350	-0.090	0.806
4342.360	-0.090	1.025
4342.370	-0.090	1.245
4342.380	-0.150	1.465
4342.390	-0.150	1.611
4342.400	-0.150	1.831
4342.410	-0.190	2.051
4342.420	-0.190	2.124
4342.430	-0.190	2.271
4342.440	-0.240	2.417
4342.450	-0.240	2.563
4342.460	-0.240	2.710
4342.470	-0.280	2.783
4342.480	-0.280	2.930
4342.490	-0.280	3.149
4342.500	-0.350	3.662
4342.510	-0.350	3.882
4342.520	-0.350	4.175
4342.530	-0.430	4.321
4342.540	-0.430	4.614
4342.550	-0.430	4.834
4342.560	-0.520	5.054
4342.570	-0.520	5.347
4342.580	-0.520	5.933
4342.590	-0.590	6.226
4342.600	-0.590	6.152
4342.610	-0.590	6.445
4342.620	-0.640	6.665
4342.630	-0.640	6.738
4342.640	-0.640	6.958
4342.650	-0.660	7.251
4342.660	-0.660	7.324
4342.670	-0.660	7.617
4342.680	-0.660	7.397
4342.690	-0.660	7.251
4342.700	-0.660	7.251
4342.710	-0.640	7.397
4342.720	-0.640	7.324
4342.730	-0.640	7.397
4342.740	-0.630	7.324
4342.750	-0.630	7.031
4342.760	-0.630	7.031
4342.770	-0.620	6.885
4342.780	-0.620	7.031
4342.790	-0.620	7.104
4342.800	-0.610	7.178
4342.810	-0.610	6.958
4342.820	-0.610	6.812
4342.830	-0.590	6.665
4342.840	-0.590	6.445
4342.850	-0.590	6.665
4342.860	-0.560	6.665
4342.870	-0.560	6.372
4342.880	-0.560	6.152
4342.890	-0.500	6.079
4342.900	-0.500	5.786
4342.910	-0.500	5.347
4342.920	-0.430	5.200
4342.930	-0.430	5.054
4342.940	-0.430	4.907
4342.950	-0.340	4.541
4342.960	-0.340	4.248
4342.970	-0.340	4.028
4342.980	-0.250	3.516
4342.990	-0.250	3.149
4343.000	-0.250	2.856
4343.010	-0.150	2.637
4343.020	-0.150	2.344
4343.030	-0.150	1.978
4343.040	-0.050	1.538
4343.050	-0.050	1.099
4343.060	-0.050	0.806
4343.070	0.020	0.513
4343.080	0.020	0.220
4343.090	0.020	-0.073
4343.100	0.140	-0.439
4343.110	0.140	-0.732
4343.120	0.140	-1.099
4343.130	0.210	-1.538
4343.140	0.210	-1.978
4343.150	0.210	-2.271
4343.160	0.290	-2.563
4343.170	0.290	-2.783
4343.180	0.290	-3.003
4343.190	0.360	-3.296
4343.200	0.360	-3.662
4343.210	0.360	-3.955
4343.220	0.440	-4.175
4343.230	0.440	-4.321
4343.240	0.440	-4.687
4343.250	0.520	-4.907
4343.260	0.520	-5.054
4343.270	0.520	-5.347
4343.280	0.590	-5.859
4343.290	0.590	-6.006
4343.300	0.590	-6.152
4343.310	0.630	-6.592
4343.320	0.630	-6.665
4343.330	0.630	-6.665
4343.340	0.660	-6.738
4343.350	0.660	-7.031
4343.360	0.660	-7.178
4343.370	0.690	-7.544
4343.380	0.690	-7.397
4343.390	0.690	-7.397
4343.400	0.700	-7.397
4343.410	0.700	-7.324
4343.420	0.700	-7.397
4343.430	0.690	-7.690
4343.440	0.690	-7.690
4343.450	0.690	-7.471
4343.460	0.690	-7.471
4343.470	0.690	-7.397
4343.480	0.690	-7.251
4343.490	0.640	-7.251
4343.500	0.640	-7.324
4343.510	0.640	-7.031
4343.520	0.590	-6.885
4343.530	0.590	-6.372
4343.540	0.590	-5.933
4343.550	0.500	-5.933
4343.560	0.500	-5.786
4343.570	0.500	-5.200
4343.580	0.400	-4.980
4343.590	0.400	-4.687
4343.600	0.400	-3.955
4343.610	0.300	-3.955
4343.620	0.300	-3.735
4343.630	0.300	-3.223
4343.640	0.210	-3.223
4343.650	0.210	-2.783
4343.660	0.210	-2.124
4343.670	0.120	-2.124
4343.680	0.120	-1.758
4343.690	0.120	-1.172
4343.700	0.020	-1.172
4343.710	0.020	-0.659
4343.720	0.020	0.146
4343.730	-0.070	0.146
4343.740	-0.070	0.586
4343.750	-0.070	1.392
4343.760	-0.170	1.392
4343.770	-0.170	1.685
4343.780	-0.170	1.904
4343.790	-0.230	2.197
4343.800	-0.230	2.563
4343.810	-0.230	2.783
4343.820	-0.300	3.149
4343.830	-0.300	3.369
4343.840	-0.300	3.442
4343.850	-0.350	3.369
4343.860	-0.350	3.442
4343.870	-0.350	3.735
4343.880	-0.400	4.175
4343.890	-0.400	4.321
4343.900	-0.400	4.321
4343.910	-0.420	4.468
4343.920	-0.420	4.541
4343.930	-0.420	4.687
4343.940	-0.450	4.761
4343.950	-0.450	4.907
4343.960	-0.450	5.127
4343.970	-0.460	5.273
4343.980	-0.460	5.127
4343.990	-0.460	5.200
4344.000	-0.490	5.420
4344.010	-0.490	5.566
4344.020	-0.490	5.493
4344.030	-0.510	5.420
4344.040	-0.510	5.493
4344.050	-0.510	5.859
4344.060	-0.530	5.933
4344.070	-0.530	5.713
4344.080	-0.530	5.859
4344.090	-0.540	6.079
4344.100	-0.540	5.933
4344.110	-0.540	5.786
4344.120	-0.550	5.933
4344.130	-0.550	6.299
4344.140	-0.550	6.372
4344.150	-0.550	6.152
4344.160	-0.550	6.152
4344.170	-0.550	6.226
4344.180	-0.530	6.006
4344.190	-0.530	5.640
4344.200	-0.530	5.786
4344.210	-0.490	5.933
4344.220	-0.490	5.786
4344.230	-0.490	5.347
4344.240	-0.440	5.200
4344.250	-0.440	5.054
4344.260	-0.440	4.907
4344.270	-0.380	4.687
4344.280	-0.380	4.541
4344.290	-0.380	4.395
4344.300	-0.330	4.102
4344.310	-0.330	3.735
4344.320	-0.330	3.662
4344.330	-0.290	3.735
4344.340	-0.290	3.589
4344.350	-0.290	3.369
4344.360	-0.230	3.076
4344.370	-0.230	2.930
4344.380	-0.230	2.783
4344.390	-0.170	2.710
4344.400	-0.170	2.490
4344.410	-0.170	2.344
4344.420	-0.110	1.978
4344.430	-0.110	1.538
4344.440	-0.110	1.318
4344.450	-0.040	1.099
4344.460	-0.040	0.879
4344.470	-0.040	0.586
4344.480	0.040	0.293
4344.490	0.040	0.000
4344.500	0.040	-0.513
4344.510	0.130	-0.513
4344.520	0.130	-0.806
4344.530	0.130	-1.465
4344.540	0.210	-1.465
4344.550	0.210	-1.904
4344.560	0.210	-2.637
4344.570	0.280	-2.637
4344.580	0.280	-2.783
4344.590	0.280	-3.149
4344.600	0.350	-3.149
4344.610	0.350	-3.809
4344.620	0.350	-3.955
4344.630	0.400	-3.955
4344.640	0.400	-4.102
4344.650	0.400	-4.395
4344.660	0.450	-4.395
4344.670	0.450	-4.614
4344.680	0.450	-4.761
4344.690	0.510	-4.980
4344.700	0.510	-5.200
4344.710	0.510	-5.493
4344.720	0.570	-5.493
4344.730	0.570	-5.713
4344.740	0.570	-6.226
4344.750	0.600	-6.372
4344.760	0.600	-6.226
4344.770	0.600	-6.299
4344.780	0.640	-6.665
4344.790	0.640	-6.812
4344.800	0.640	-7.031
4344.810	0.660	-7.178
4344.820	0.660	-7.178
4344.830	0.660	-7.104
4344.840	0.680	-7.104
4344.850	0.680	-7.178
4344.860	0.680	-7.397
4344.870	0.690	-7.764
4344.880	0.690	-7.544
4344.890	0.690	-7.544
4344.900	0.690	-7.617
4344.910	0.690	-7.397
4344.920	0.690	-7.471
4344.930	0.680	-7.837
4344.940	0.680	-7.471
4344.950	0.680	-7.324
4344.960	0.640	-7.178
4344.970	0.640	-6.885
4344.980	0.640	-6.812
4344.990	0.590	-6.738
4345.000	0.590	-6.519
4345.010	0.590	-6.519
4345.020	0.530	-6.299
4345.030	0.530	-5.713
4345.040	0.530	-5.566
4345.050	0.460	-5.493
4345.060	0.460	-5.347
4345.070	0.460	-4.980
4345.080	0.380	-4.761
4345.090	0.380	-4.395
4345.100	0.380	-4.028
4345.110	0.310	-3.662
4345.120	0.310	-3.516
4345.130	0.310	-3.442
4345.140	0.230	-3.223
4345.150	0.230	-2.930
4345.160	0.230	-2.490
4345.170	0.140	-2.197
4345.180	0.140	-1.904
4345.190	0.140	-1.685
4345.200	0.050	-1.392
4345.210	0.050	-1.099
4345.220	0.050	-0.732
4345.230	-0.040	-0.293
4345.240	-0.040	0.146
4345.250	-0.040	0.586
4345.260	-0.130	0.952
4345.270	-0.130	1.245
4345.280	-0.130	1.538
4345.290	-0.190	1.758
4345.300	-0.190	2.051
4345.310	-0.190	2.344
4345.320	-0.260	2.637
4345.330	-0.260	2.930
4345.340	-0.260	3.076
4345.350	-0.310	3.149
4345.360	-0.310	3.149
4345.370	-0.310	3.296
4345.380	-0.360	3.442
4345.390	-0.360	3.955
4345.400	-0.360	4.175
4345.410	-0.410	4.321
4345.420	-0.410	4.468
4345.430	-0.410	4.687
4345.440	-0.480	4.907
4345.450	-0.480	4.980
4345.460	-0.480	5.200
4345.470	-0.530	5.713
4345.480	-0.530	6.006
4345.490	-0.530	5.859
4345.500	-0.590	6.079
4345.510	-0.590	6.372
4345.520	-0.590	6.445
4345.530	-0.630	6.445
4345.540	-0.630	6.812
4345.550	-0.630	7.104
4345.560	-0.640	7.251
4345.570	-0.640	7.251
4345.580	-0.640	7.104
4345.590	-0.650	7.104
4345.600	-0.650	7.251
4345.610	-0.650	7.251
4345.620	-0.640	7.324
4345.630	-0.640	7.471
4345.640	-0.640	7.251
4345.650	-0.640	7.104
4345.660	-0.640	7.104
4345.670	-0.640	7.178
4345.680	-0.630	7.251
4345.690	-0.630	7.324
4345.700	-0.630	7.251
4345.710	-0.610	7.104
4345.720	-0.610	6.812
4345.730	-0.610	6.592
4345.740	-0.560	6.665
4345.750	-0.560	6.665
4345.760	-0.560	6.445
4345.770	-0.500	6.006
4345.780	-0.500	5.933
4345.790	-0.500	5.713
4345.800	-0.440	5.273
4345.810	-0.440	4.980
4345.820	-0.440	4.980
4345.830	-0.380	4.761
4345.840	-0.380	4.468
4345.850	-0.380	4.248
4345.860	-0.310	4.102
4345.870	-0.310	3.882
4345.880	-0.310	3.516
4345.890	-0.240	3.223
4345.900	-0.240	3.003
4345.910	-0.240	2.856
4345.920	-0.150	2.637
4345.930	-0.150	2.344
4345.940	-0.150	1.904
4345.950	-0.060	1.538
4345.960	-0.060	1.245
4345.970	-0.060	0.879
4345.980	0.030	0.586
4345.990	0.030	0.293
4346.000	0.030	0.000
4346.010	0.100	-0.293
4346.020	0.100	-0.586
4346.030	0.100	-0.879
4346.040	0.180	-1.172
4346.050	0.180	-1.465
4346.060	0.180	-1.758
4346.070	0.240	-2.197
4346.080	0.240	-2.417
4346.090	0.240	-2.563
4346.100	0.290	-2.710
4346.110	0.290	-2.856
4346.120	0.290	-3.003
4346.130	0.340	-3.223
4346.140	0.340	-3.516
4346.150	0.340	-3.662
4346.160	0.380	-3.735
4346.170	0.380	-3.662
4346.180	0.380	-3.955
4346.190	0.430	-4.321
4346.200	0.430	-4.614
4346.210	0.430	-4.614
4346.220	0.480	-4.761
4346.230	0.480	-4.907
4346.240	0.480	-5.054
4346.250	0.520	-5.127
4346.260	0.520	-5.347
4346.270	0.520	-5.713
4346.280	0.540	-5.786
4346.290	0.540	-5.566
4346.300	0.540	-5.640
4346.310	0.560	-5.933
4346.320	0.560	-6.079
4346.330	0.560	-6.079
4346.340	0.560	-6.079
4346.350	0.560	-6.372
4346.360	0.560	-6.299
4346.370	0.570	-5.933
4346.380	0.570	-5.859
4346.390	0.570	-6.152
4346.400	0.560	-6.152
4346.410	0.560	-6.006
4346.420	0.560	-6.079
4346.430	0.540	-6.226
4346.440	0.540	-6.079
4346.450	0.540	-5.713
4346.460	0.520	-5.640
4346.470	0.520	-5.859
4346.480	0.520	-5.713
4346.490	0.480	-5.420
4346.500	0.480	-5.347
4346.510	0.480	-5.273
4346.520	0.450	-5.273
4346.530	0.450	-4.907
4346.540	0.450	-4.687
4346.550	0.400	-4.541
4346.560	0.400	-4.395
4346.570	0.400	-4.028
4346.580	0.340	-4.028
4346.590	0.340	-3.882
4346.600	0.340	-3.735
4346.610	0.280	-3.442
4346.620	0.280	-2.930
4346.630	0.280	-2.783
4346.640	0.210	-2.637
4346.650	0.210	-2.417
4346.660	0.210	-2.271
4346.670	0.140	-2.051
4346.680	0.140	-1.685
4346.690	0.140	-1.392
4346.700	0.070	-1.099
4346.710	0.070	-0.879
4346.720	0.070	-0.659
4346.730	-0.010	-0.366
4346.740	-0.010	-0.146
4346.750	-0.010	0.146
4346.760	-0.100	0.439
4346.770	-0.100	0.659
4346.780	-0.100	0.952
4346.790	-0.170	1.245
4346.800	-0.170	1.538
4346.810	-0.170	1.978
4346.820	-0.250	2.197
4346.830	-0.250	2.417
4346.840	-0.250	2.783
4346.850	-0.320	3.076
4346.860	-0.320	3.076
4346.870	-0.320	3.882
4346.880	-0.370	3.882
4346.890	-0.370	4.028
4346.900	-0.370	4.321
4346.910	-0.430	4.321
4346.920	-0.430	4.614
4346.930	-0.430	4.980
4346.940	-0.480	4.980
4346.950	-0.480	5.200
4346.960	-0.480	5.566
4346.970	-0.510	5.566
4346.980	-0.510	5.566
4346.990	-0.510	6.079
4347.000	-0.540	6.079
4347.010	-0.540	5.933
4347.020	-0.540	6.226
4347.030	-0.570	6.226
4347.040	-0.570	6.519
4347.050	-0.570	6.445
4347.060	-0.590	6.445
4347.070	-0.590	6.665
4347.080	-0.590	6.592
4347.090	-0.610	6.592
4347.100	-0.610	6.738
4347.110	-0.610	7.031
4347.120	-0.630	7.104
4347.130	-0.630	7.178
4347.140	-0.630	6.958
4347.150	-0.630	6.958
4347.160	-0.630	6.885
4347.170	-0.630	7.031
4347.180	-0.610	7.031
4347.190	-0.610	7.031
4347.200	-0.610	6.738
4347.210	-0.570	6.738
4347.220	-0.570	6.519
4347.230	-0.570	6.299
4347.240	-0.540	6.299
4347.250	-0.540	6.372
4347.260	-0.540	5.786
4347.270	-0.490	5.786
4347.280	-0.490	5.786
4347.290	-0.490	5.347
4347.300	-0.430	5.347
4347.310	-0.430	5.054
4347.320	-0.430	4.907
4347.330	-0.370	4.834
4347.340	-0.370	4.395
4347.350	-0.370	4.248
4347.360	-0.300	4.102
4347.370	-0.300	3.882
4347.380	-0.300	3.442
4347.390	-0.220	3.149
4347.400	-0.220	2.783
4347.410	-0.220	2.563
4347.420	-0.130	2.344
4347.430	-0.130	2.051
4347.440	-0.130	1.685
4347.450	-0.030	1.245
4347.460	-0.030	0.806
4347.470	-0.030	0.513
4347.480	0.070	0.220
4347.490	0.070	-0.146
4347.500	0.070	-0.439
4347.510	0.160	-0.732
4347.520	0.160	-1.025
4347.530	0.160	-1.465
4347.540	0.230	-1.904
4347.550	0.230	-2.197
4347.560	0.230	-2.417
4347.570	0.290	-2.637
4347.580	0.290	-2.783
4347.590	0.290	-2.930
4347.600	0.340	-3.223
4347.610	0.340	-3.516
4347.620	0.340	-3.735
4347.630	0.410	-3.809
4347.640	0.410	-3.955
4347.650	0.410	-4.395
4347.660	0.470	-4.687
4347.670	0.470	-4.761
4347.680	0.470	-4.980
4347.690	0.530	-5.420
4347.700	0.530	-5.566
4347.710	0.530	-5.640
4347.720	0.590	-6.006
4347.730	0.590	-6.299
4347.740	0.590	-6.299
4347.750	0.620	-6.079
4347.760	0.620	-6.299
4347.770	0.620	-6.665
4347.780	0.640	-6.812
4347.790	0.640	-6.958
4347.800	0.640	-6.958
4347.810	0.640	-6.885
4347.820	0.640	-6.665
4347.830	0.640	-6.738
4347.840	0.610	-6.738
4347.850	0.610	-6.812
4347.860	0.610	-6.665
4347.870	0.570	-6.665
4347.880	0.570	-6.445
4347.890	0.570	-5.933
4347.900	0.520	-5.786
4347.910	0.520	-5.859
4347.920	0.520	-5.786
4347.930	0.470	-5.347
4347.940	0.470	-5.127
4347.950	0.470	-4.907
4347.960	0.390	-4.687
4347.970	0.390	-4.468
4347.980	0.390	-4.321
4347.990	0.300	-4.175
4348.000	0.300	-3.809
4348.010	0.300	-3.369
4348.020	0.210	-2.930
4348.030	0.210	-2.637
4348.040	0.210	-2.344
4348.050	0.110	-1.978
4348.060	0.110	-1.611
4348.070	0.110	-1.099
4348.080	0.010	-0.732
4348.090	0.010	-0.439
4348.100	0.010	-0.220
4348.110	-0.070	0.073
4348.120	-0.070	0.293
4348.130	-0.070	0.586
4348.140	-0.160	0.952
4348.150	-0.160	1.245
4348.160	-0.160	1.831
4348.170	-0.220	2.197
4348.180	-0.220	2.417
4348.190	-0.220	2.637
4348.200	-0.280	2.856
4348.210	-0.280	3.149
4348.220	-0.280	3.442
4348.230	-0.330	3.662
4348.240	-0.330	3.735
4348.250	-0.330	3.735
4348.260	-0.370	3.589
4348.270	-0.370	3.735
4348.280	-0.370	4.175
4348.290	-0.410	4.395
4348.300	-0.410	4.541
4348.310	-0.410	4.614
4348.320	-0.460	4.907
4348.330	-0.460	4.980
4348.340	-0.460	5.054
4348.350	-0.500	5.273
4348.360	-0.500	5.713
4348.370	-0.500	5.859
4348.380	-0.530	5.640
4348.390	-0.530	5.713
4348.400	-0.530	6.006
4348.410	-0.520	5.933
4348.420	-0.520	5.640
4348.430	-0.520	5.566
4348.440	-0.490	5.786
4348.450	-0.490	5.859
4348.460	-0.490	5.493
4348.470	-0.450	5.273
4348.480	-0.450	5.127
4348.490	-0.450	5.127
4348.500	-0.390	4.761
4348.510	-0.390	4.614
4348.520	-0.390	4.468
4348.530	-0.330	4.248
4348.540	-0.330	3.882
4348.550	-0.330	3.589
4348.560	-0.270	3.516
4348.570	-0.270	3.369
4348.580	-0.270	3.296
4348.590	-0.210	2.930
4348.600	-0.210	2.783
4348.610	-0.210	2.563
4348.620	-0.150	2.417
4348.630	-0.150	2.271
4348.640	-0.150	2.051
4348.650	-0.090	1.831
4348.660	-0.090	1.465
4348.670	-0.090	0.879
4348.680	-0.020	0.879
4348.690	-0.020	0.659
4348.700	-0.020	0.220
4348.710	0.050	0.220
4348.720	0.050	-0.073
4348.730	0.050	-0.513
4348.740	0.120	-0.513
4348.750	0.120	-0.806
4348.760	0.120	-1.465
4348.770	0.190	-1.465
4348.780	0.190	-1.831
4348.790	0.190	-2.344
4348.800	0.260	-2.344
4348.810	0.260	-2.490
4348.820	0.260	-2.856
4348.830	0.320	-2.856
4348.840	0.320	-3.223
4348.850	0.320	-3.516
4348.860	0.380	-3.662
4348.870	0.380	-3.662
4348.880	0.380	-3.882
4348.890	0.450	-4.321
4348.900	0.450	-4.541
4348.910	0.450	-4.687
4348.920	0.500	-4.834
4348.930	0.500	-5.127
4348.940	0.500	-5.273
4348.950	0.540	-5.347
4348.960	0.540	-5.420
4348.970	0.540	-5.933
4348.980	0.550	-5.933
4348.990	0.550	-5.640
4349.000	0.550	-5.566
4349.010	0.540	-5.859
4349.020	0.540	-6.006
4349.030	0.540	-5.786
4349.040	0.510	-5.640
4349.050	0.510	-5.713
4349.060	0.510	-5.786
4349.070	0.480	-5.347
4349.080	0.480	-5.127
4349.090	0.480	-5.054
4349.100	0.440	-5.054
4349.110	0.440	-4.907
4349.120	0.440	-4.761
4349.130	0.400	-4.687
4349.140	0.400	-4.468
4349.150	0.400	-4.102
4349.160	0.340	-3.955
4349.170	0.340	-3.955
4349.180	0.340	-3.882
4349.190	0.280	-3.735
4349.200	0.280	-3.516
4349.210	0.280	-3.076
4349.220	0.200	-2.783
4349.230	0.200	-2.490
4349.240	0.200	-2.271
4349.250	0.110	-1.978
4349.260	0.110	-1.538
4349.270	0.110	-1.099
4349.280	0.020	-0.806
4349.290	0.020	-0.513
4349.300	0.020	-0.146
4349.310	-0.070	0.000
4349.320	-0.070	0.293
4349.330	-0.070	0.586
4349.340	-0.150	0.879
4349.350	-0.150	1.172
4349.360	-0.150	1.538
4349.370	-0.200	1.904
4349.380	-0.200	2.197
4349.390	-0.200	2.417
4349.400	-0.240	2.490
4349.410	-0.240	2.783
4349.420	-0.240	3.003
4349.430	-0.280	3.223
4349.440	-0.280	3.442
4349.450	-0.280	3.442
4349.460	-0.330	3.369
4349.470	-0.330	3.369
4349.480	-0.330	3.589
4349.490	-0.390	3.955
4349.500	-0.390	4.248
4349.510	-0.390	4.321
4349.520	-0.440	4.541
4349.530	-0.440	4.761
4349.540	-0.440	4.834
4349.550	-0.490	5.054
4349.560	-0.490	5.273
4349.570	-0.490	5.786
4349.580	-0.540	5.933
4349.590	-0.540	5.859
4349.600	-0.540	6.152
4349.610	-0.580	6.372
4349.620	-0.580	6.299
4349.630	-0.580	6.152
4349.640	-0.600	6.592
4349.650	-0.600	6.738
4349.660	-0.600	6.812
4349.670	-0.610	6.738
4349.680	-0.610	6.738
4349.690	-0.610	6.665
4349.700	-0.600	6.445
4349.710	-0.600	6.665
4349.720	-0.600	6.812
4349.730	-0.580	6.885
4349.740	-0.580	6.665
4349.750	-0.580	6.665
4349.760	-0.560	6.519
4349.770	-0.560	6.152
4349.780	-0.560	6.079
4349.790	-0.510	6.226
4349.800	-0.510	6.152
4349.810	-0.510	5.713
4349.820	-0.440	5.420
4349.830	-0.440	5.273
4349.840	-0.440	5.054
4349.850	-0.360	4.687
4349.860	-0.360	4.468
4349.870	-0.360	4.175
4349.880	-0.260	3.735
4349.890	-0.260	3.223
4349.900	-0.260	2.783
4349.910	-0.140	2.417
4349.920	-0.140	2.051
4349.930	-0.140	1.611
4349.940	-0.020	1.099
4349.950	-0.020	0.732
4349.960	-0.020	0.366
4349.970	0.100	0.073
4349.980	0.100	-0.220
4349.990	0.100	-0.586
4350.000	0.200	-0.879
4350.010	0.200	-1.318
4350.020	0.200	-1.685
4350.030	0.280	-2.124
4350.040	0.280	-2.417
4350.050	0.280	-2.710
4350.060	0.340	-2.930
4350.070	0.340	-3.369
4350.080	0.340	-3.809
4350.090	0.400	-4.028
4350.100	0.400	-4.102
4350.110	0.400	-4.102
4350.120	0.440	-4.321
4350.130	0.440	-4.468
4350.140	0.440	-4.687
4350.150	0.470	-4.761
4350.160	0.470	-4.980
4350.170	0.470	-5.200
4350.180	0.500	-5.127
4350.190	0.500	-5.127
4350.200	0.500	-5.273
4350.210	0.520	-5.566
4350.220	0.520	-5.566
4350.230	0.520	-5.566
4350.240	0.530	-5.640
4350.250	0.530	-6.006
4350.260	0.530	-5.933
4350.270	0.550	-5.566
4350.280	0.550	-5.566
4350.290	0.550	-5.786
4350.300	0.560	-6.006
4350.310	0.560	-5.859
4350.320	0.560	-5.859
4350.330	0.540	-6.152
4350.340	0.540	-6.006
4350.350	0.540	-5.640
4350.360	0.510	-5.493
4350.370	0.510	-5.640
4350.380	0.510	-5.640
4350.390	0.460	-5.420
4350.400	0.460	-5.127
4350.410	0.460	-4.980
4350.420	0.400	-4.761
4350.430	0.400	-4.395
4350.440	0.400	-4.248
4350.450	0.310	-4.028
4350.460	0.310	-3.809
4350.470	0.310	-3.369
4350.480	0.200	-2.930
4350.490	0.200	-2.563
4350.500	0.200	-2.271
4350.510	0.100	-1.904
4350.520	0.100	-1.538
4350.530	0.100	-1.025
4350.540	-0.010	-0.659
4350.550	-0.010	-0.293
4350.560	-0.010	0.000
4350.570	-0.110	0.293
4350.580	-0.110	1.025
4350.590	-0.110	1.025
4350.600	-0.180	1.538
4350.610	-0.180	1.831
4350.620	-0.180	2.124
4350.630	-0.260	2.490
4350.640	-0.260	2.710
4350.650	-0.260	3.003
4350.660	-0.330	3.442
4350.670	-0.330	3.662
4350.680	-0.330	3.809
4350.690	-0.380	3.809
4350.700	-0.380	3.809
4350.710	-0.380	4.248
4350.720	-0.430	4.541
