%Time [ms]	Commanded Torque [mNm]	Angular Velocity [RPM]	Actual Current [Amp]	%9/2/20212:16 PM
0.000	0.000	0.000	0.000
20.000	6.000	13.672	-0.015
30.000	6.000	13.672	-0.015
40.000	6.000	15.625	-0.010
50.000	6.000	15.625	-0.010
60.000	6.000	15.625	-0.010
70.000	6.000	11.719	-0.031
80.000	6.000	11.719	-0.031
90.000	6.000	11.719	-0.031
100.000	6.000	19.531	-0.009
110.000	6.000	19.531	-0.009
120.000	6.000	19.531	-0.009
130.000	6.000	-19.531	-0.019
140.000	6.000	-19.531	-0.019
150.000	6.000	-19.531	-0.019
160.000	6.000	-15.625	-0.033
170.000	6.000	-15.625	-0.033
180.000	6.000	-15.625	-0.033
190.000	6.000	-9.766	-0.020
200.000	6.000	-9.766	-0.020
210.000	6.000	-9.766	-0.020
220.000	6.000	-35.156	-0.024
230.000	6.000	-35.156	-0.024
240.000	6.000	-35.156	-0.024
250.000	6.000	-35.156	-0.030
260.000	6.000	-35.156	-0.030
270.000	6.000	-35.156	-0.030
280.000	6.000	7.812	-0.036
290.000	6.000	7.812	-0.036
300.000	6.000	7.812	-0.036
310.000	6.000	-3.906	-0.001
320.000	6.000	-3.906	-0.001
330.000	6.000	-3.906	-0.001
340.000	6.000	-5.859	-0.024
350.000	6.000	-5.859	-0.024
360.000	6.000	-5.859	-0.024
370.000	6.000	-21.484	-0.014
380.000	6.000	-21.484	-0.014
390.000	6.000	-21.484	-0.014
400.000	6.000	3.906	-0.017
410.000	6.000	3.906	-0.017
420.000	6.000	3.906	-0.017
430.000	6.000	-1.953	-0.021
440.000	6.000	-1.953	-0.021
450.000	6.000	-1.953	-0.021
460.000	6.000	13.672	-0.032
470.000	6.000	13.672	-0.032
480.000	6.000	13.672	-0.032
490.000	6.000	-27.344	-0.023
500.000	6.000	-27.344	-0.023
510.000	6.000	-27.344	-0.023
520.000	6.000	-23.437	-0.033
530.000	6.000	-23.437	-0.033
540.000	6.000	-23.437	-0.033
550.000	6.000	-23.437	-0.006
560.000	6.000	-23.437	-0.006
570.000	6.000	-23.437	-0.006
580.000	6.000	3.906	-0.021
590.000	6.000	3.906	-0.021
600.000	6.000	3.906	-0.021
610.000	6.000	15.625	-0.024
620.000	6.000	15.625	-0.024
630.000	6.000	15.625	-0.024
640.000	6.000	-27.344	-0.027
650.000	6.000	-27.344	-0.027
660.000	6.000	-27.344	-0.027
670.000	6.000	-11.719	-0.015
680.000	6.000	-11.719	-0.015
690.000	6.000	-11.719	-0.015
700.000	6.000	-21.484	-0.017
710.000	6.000	-21.484	-0.017
720.000	6.000	-21.484	-0.017
730.000	6.000	-1.953	-0.008
740.000	6.000	-1.953	-0.008
750.000	6.000	-1.953	-0.008
760.000	6.000	-7.812	-0.014
770.000	6.000	-7.812	-0.014
780.000	6.000	-7.812	-0.014
790.000	6.000	3.906	-0.031
800.000	6.000	3.906	-0.031
810.000	6.000	3.906	-0.031
820.000	6.000	-1.953	-0.005
830.000	6.000	-1.953	-0.005
840.000	6.000	-1.953	-0.005
850.000	6.000	-19.531	-0.021
860.000	6.000	-19.531	-0.021
870.000	6.000	-19.531	-0.021
880.000	6.000	-1.953	-0.023
890.000	6.000	-1.953	-0.023
900.000	6.000	-1.953	-0.023
910.000	6.000	0.000	-0.023
920.000	6.000	0.000	-0.023
930.000	6.000	0.000	-0.023
940.000	6.000	-11.719	-0.020
950.000	6.000	-11.719	-0.020
960.000	6.000	-11.719	-0.020
970.000	6.000	-42.969	-0.024
980.000	6.000	-42.969	-0.024
990.000	6.000	-42.969	-0.024
1000.000	6.000	-11.719	-0.017
1010.000	6.000	-11.719	-0.017
1020.000	6.000	-11.719	-0.017
1030.000	6.000	-19.531	-0.018
1040.000	6.000	-19.531	-0.018
1050.000	6.000	-19.531	-0.018
1060.000	6.000	-15.625	-0.034
1070.000	6.000	-15.625	-0.034
1080.000	6.000	-15.625	-0.034
1090.000	6.000	13.672	0.059
1100.000	6.000	13.672	0.059
1110.000	6.000	13.672	0.059
1120.000	6.000	-23.437	0.116
1130.000	6.000	-23.437	0.116
1140.000	6.000	-23.437	0.116
1150.000	6.000	-13.672	0.125
1160.000	6.000	-13.672	0.125
1170.000	6.000	-13.672	0.125
1180.000	6.000	7.812	0.144
1190.000	6.000	7.812	0.144
1200.000	6.000	7.812	0.144
1210.000	6.000	25.391	0.167
1220.000	6.000	25.391	0.167
1230.000	6.000	25.391	0.167
1240.000	6.000	39.062	0.151
1250.000	6.000	39.062	0.151
1260.000	6.000	39.062	0.151
1270.000	6.000	17.578	0.175
1280.000	6.000	17.578	0.175
1290.000	6.000	17.578	0.175
1300.000	6.000	58.594	0.147
1310.000	6.000	58.594	0.147
1320.000	6.000	58.594	0.147
1330.000	6.000	87.891	0.169
1340.000	6.000	87.891	0.169
1350.000	6.000	87.891	0.169
1360.000	6.000	91.797	0.155
1370.000	6.000	91.797	0.155
1380.000	6.000	91.797	0.155
1390.000	6.000	60.547	0.173
1400.000	6.000	60.547	0.173
1410.000	6.000	60.547	0.173
1420.000	6.000	62.500	0.160
1430.000	6.000	62.500	0.160
1440.000	6.000	62.500	0.160
1450.000	6.000	125.000	0.163
1460.000	6.000	125.000	0.163
1470.000	6.000	125.000	0.163
1480.000	6.000	105.469	0.168
1490.000	6.000	105.469	0.168
1500.000	6.000	105.469	0.168
1510.000	6.000	109.375	0.159
1520.000	6.000	109.375	0.159
1530.000	6.000	109.375	0.159
1540.000	6.000	142.578	0.155
1550.000	6.000	142.578	0.155
1560.000	6.000	142.578	0.155
1570.000	6.000	140.625	0.145
1580.000	6.000	140.625	0.145
1590.000	6.000	140.625	0.145
1600.000	6.000	140.625	0.150
1610.000	6.000	140.625	0.150
1620.000	6.000	140.625	0.150
1630.000	6.000	144.531	0.174
1640.000	6.000	144.531	0.174
1650.000	6.000	144.531	0.174
1660.000	6.000	148.437	0.158
1670.000	6.000	148.437	0.158
1680.000	6.000	148.437	0.158
1690.000	6.000	183.594	0.150
1700.000	6.000	183.594	0.150
1710.000	6.000	183.594	0.150
1720.000	6.000	195.312	0.147
1730.000	6.000	195.312	0.147
1740.000	6.000	195.312	0.147
1750.000	6.000	179.687	0.170
1760.000	6.000	179.687	0.170
1770.000	6.000	179.687	0.170
1780.000	6.000	210.937	0.149
1790.000	6.000	210.937	0.149
1800.000	6.000	210.937	0.149
1810.000	6.000	222.656	0.153
1820.000	6.000	222.656	0.153
1830.000	6.000	222.656	0.153
1840.000	6.000	203.125	0.150
1850.000	6.000	203.125	0.150
1860.000	6.000	203.125	0.150
1870.000	6.000	232.422	0.161
1880.000	6.000	232.422	0.161
1890.000	6.000	232.422	0.161
1900.000	6.000	267.578	0.146
1910.000	6.000	267.578	0.146
1920.000	6.000	267.578	0.146
1930.000	6.000	246.094	0.166
1940.000	6.000	246.094	0.166
1950.000	6.000	246.094	0.166
1960.000	6.000	232.422	0.165
1970.000	6.000	232.422	0.165
1980.000	6.000	232.422	0.165
1990.000	6.000	240.234	0.160
2000.000	6.000	240.234	0.160
2010.000	6.000	240.234	0.160
2020.000	6.000	279.297	0.146
2030.000	6.000	279.297	0.146
2040.000	6.000	279.297	0.146
2050.000	6.000	275.391	0.148
2060.000	6.000	275.391	0.148
2070.000	6.000	275.391	0.148
2080.000	6.000	306.641	0.147
2090.000	6.000	306.641	0.147
2100.000	6.000	306.641	0.147
2110.000	6.000	281.250	0.164
2120.000	6.000	281.250	0.164
2130.000	6.000	281.250	0.164
2140.000	6.000	287.109	0.149
2150.000	6.000	287.109	0.149
2160.000	6.000	287.109	0.149
2170.000	6.000	310.547	0.151
2180.000	6.000	310.547	0.151
2190.000	6.000	310.547	0.151
2200.000	6.000	337.891	0.145
2210.000	6.000	337.891	0.145
2220.000	6.000	337.891	0.145
2230.000	6.000	296.875	0.159
2240.000	6.000	296.875	0.159
2250.000	6.000	296.875	0.159
2260.000	6.000	351.562	0.152
2270.000	6.000	351.562	0.152
2280.000	6.000	351.562	0.152
2290.000	6.000	326.172	0.159
2300.000	6.000	326.172	0.159
2310.000	6.000	326.172	0.159
2320.000	6.000	384.766	0.145
2330.000	6.000	384.766	0.145
2340.000	6.000	384.766	0.145
2350.000	6.000	361.328	0.168
2360.000	6.000	361.328	0.168
2370.000	6.000	361.328	0.168
2380.000	6.000	359.375	0.165
2390.000	6.000	359.375	0.165
2400.000	6.000	359.375	0.165
2410.000	6.000	367.187	0.171
2420.000	6.000	367.187	0.171
2430.000	6.000	367.187	0.171
2440.000	6.000	410.156	0.151
2450.000	6.000	410.156	0.151
2460.000	6.000	410.156	0.151
2470.000	6.000	396.484	0.151
2480.000	6.000	396.484	0.151
2490.000	6.000	396.484	0.151
2500.000	6.000	388.672	0.174
2510.000	6.000	388.672	0.174
2520.000	6.000	388.672	0.174
2530.000	6.000	431.641	0.165
2540.000	6.000	431.641	0.165
2550.000	6.000	431.641	0.165
2560.000	6.000	412.109	0.146
2570.000	6.000	412.109	0.146
2580.000	6.000	412.109	0.146
2590.000	6.000	458.984	0.142
2600.000	6.000	458.984	0.142
2610.000	6.000	458.984	0.142
2620.000	6.000	453.125	0.159
2630.000	6.000	453.125	0.159
2640.000	6.000	453.125	0.159
2650.000	6.000	443.359	0.182
2660.000	6.000	443.359	0.182
2670.000	6.000	443.359	0.182
2680.000	6.000	464.844	0.156
2690.000	6.000	464.844	0.156
2700.000	6.000	464.844	0.156
2710.000	6.000	470.703	0.162
2720.000	6.000	470.703	0.162
2730.000	6.000	470.703	0.162
2740.000	6.000	445.312	0.156
2750.000	6.000	445.312	0.156
2760.000	6.000	445.312	0.156
2770.000	6.000	466.797	0.167
2780.000	6.000	466.797	0.167
2790.000	6.000	466.797	0.167
2800.000	6.000	445.312	0.162
2810.000	6.000	445.312	0.162
2820.000	6.000	445.312	0.162
2830.000	6.000	511.719	0.155
2840.000	6.000	511.719	0.155
2850.000	6.000	511.719	0.155
2860.000	6.000	480.469	0.155
2870.000	6.000	480.469	0.155
2880.000	6.000	480.469	0.155
2890.000	6.000	523.437	0.158
2900.000	6.000	523.437	0.158
2910.000	6.000	523.437	0.158
2920.000	6.000	521.484	0.152
2930.000	6.000	521.484	0.152
2940.000	6.000	521.484	0.152
2950.000	6.000	484.375	0.165
2960.000	6.000	484.375	0.165
2970.000	6.000	484.375	0.165
2980.000	6.000	505.859	0.162
2990.000	6.000	505.859	0.162
3000.000	6.000	505.859	0.162
3010.000	6.000	527.344	0.154
3020.000	6.000	527.344	0.154
3030.000	6.000	527.344	0.154
3040.000	6.000	541.016	0.136
3050.000	6.000	541.016	0.136
3060.000	6.000	541.016	0.136
3070.000	6.000	566.406	0.168
3080.000	6.000	566.406	0.168
3090.000	6.000	566.406	0.168
3100.000	6.000	523.437	0.165
3110.000	6.000	523.437	0.165
3120.000	6.000	523.437	0.165
3130.000	6.000	597.656	0.144
3140.000	6.000	597.656	0.144
3150.000	6.000	597.656	0.144
3160.000	6.000	566.406	0.154
3170.000	6.000	566.406	0.154
3180.000	6.000	566.406	0.154
3190.000	6.000	576.172	0.144
3200.000	6.000	576.172	0.144
3210.000	6.000	576.172	0.144
3220.000	6.000	601.562	0.172
3230.000	6.000	601.562	0.172
3240.000	6.000	601.562	0.172
3250.000	6.000	580.078	0.159
3260.000	6.000	580.078	0.159
3270.000	6.000	580.078	0.159
3280.000	6.000	638.672	0.147
3290.000	6.000	638.672	0.147
3300.000	6.000	638.672	0.147
3310.000	6.000	628.906	0.150
3320.000	6.000	628.906	0.150
3330.000	6.000	628.906	0.150
3340.000	6.000	615.234	0.133
3350.000	6.000	615.234	0.133
3360.000	6.000	615.234	0.133
3370.000	6.000	634.766	0.165
3380.000	6.000	634.766	0.165
3390.000	6.000	634.766	0.165
3400.000	6.000	623.047	0.159
3410.000	6.000	623.047	0.159
3420.000	6.000	623.047	0.159
3430.000	6.000	611.328	0.163
3440.000	6.000	611.328	0.163
3450.000	6.000	611.328	0.163
3460.000	6.000	673.828	0.172
3470.000	6.000	673.828	0.172
3480.000	6.000	673.828	0.172
3490.000	6.000	650.391	0.142
3500.000	6.000	650.391	0.142
3510.000	6.000	650.391	0.142
3520.000	6.000	679.687	0.170
3530.000	6.000	679.687	0.170
3540.000	6.000	679.687	0.170
3550.000	6.000	683.594	0.165
3560.000	6.000	683.594	0.165
3570.000	6.000	683.594	0.165
3580.000	6.000	669.922	0.168
3590.000	6.000	669.922	0.168
3600.000	6.000	669.922	0.168
3610.000	6.000	703.125	0.160
3620.000	6.000	703.125	0.160
3630.000	6.000	703.125	0.160
3640.000	6.000	683.594	0.153
3650.000	6.000	683.594	0.153
3660.000	6.000	683.594	0.153
3670.000	6.000	722.656	0.151
3680.000	6.000	722.656	0.151
3690.000	6.000	722.656	0.151
3700.000	6.000	728.516	0.156
3710.000	6.000	728.516	0.156
3720.000	6.000	728.516	0.156
3730.000	6.000	685.547	0.166
3740.000	6.000	685.547	0.166
3750.000	6.000	685.547	0.166
3760.000	6.000	726.562	0.134
3770.000	6.000	726.562	0.134
3780.000	6.000	726.562	0.134
3790.000	6.000	716.797	0.173
3800.000	6.000	716.797	0.173
3810.000	6.000	716.797	0.173
3820.000	6.000	726.562	0.164
3830.000	6.000	726.562	0.164
3840.000	6.000	726.562	0.164
3850.000	6.000	759.766	0.164
3860.000	6.000	759.766	0.164
3870.000	6.000	759.766	0.164
3880.000	6.000	740.234	0.159
3890.000	6.000	740.234	0.159
3900.000	6.000	740.234	0.159
3910.000	6.000	748.047	0.162
3920.000	6.000	748.047	0.162
3930.000	6.000	748.047	0.162
3940.000	6.000	783.203	0.149
3950.000	6.000	783.203	0.149
3960.000	6.000	783.203	0.149
3970.000	6.000	740.234	0.166
3980.000	6.000	740.234	0.166
3990.000	6.000	740.234	0.166
4000.000	6.000	779.297	0.152
4010.000	6.000	779.297	0.152
4020.000	6.000	779.297	0.152
4030.000	6.000	789.062	0.160
4040.000	6.000	789.062	0.160
4050.000	6.000	789.062	0.160
4060.000	6.000	792.969	0.155
4070.000	6.000	792.969	0.155
4080.000	6.000	792.969	0.155
4090.000	6.000	791.016	0.173
4100.000	6.000	791.016	0.173
4110.000	6.000	791.016	0.173
4120.000	6.000	835.937	0.151
4130.000	6.000	835.937	0.151
4140.000	6.000	835.937	0.151
4150.000	6.000	814.453	0.174
4160.000	6.000	814.453	0.174
4170.000	6.000	814.453	0.174
4180.000	6.000	826.172	0.173
4190.000	6.000	826.172	0.173
4200.000	6.000	826.172	0.173
4210.000	6.000	859.375	0.148
4220.000	6.000	859.375	0.148
4230.000	6.000	859.375	0.148
4240.000	6.000	835.937	0.157
4250.000	6.000	835.937	0.157
4260.000	6.000	835.937	0.157
4270.000	6.000	855.469	0.160
4280.000	6.000	855.469	0.160
4290.000	6.000	855.469	0.160
4300.000	6.000	880.859	0.148
4310.000	6.000	880.859	0.148
4320.000	6.000	880.859	0.148
4330.000	6.000	888.672	0.141
4340.000	6.000	888.672	0.141
4350.000	6.000	888.672	0.141
4360.000	6.000	876.953	0.151
4370.000	6.000	876.953	0.151
4380.000	6.000	876.953	0.151
4390.000	6.000	902.344	0.143
4400.000	6.000	902.344	0.143
4410.000	6.000	902.344	0.143
4420.000	6.000	869.141	0.162
4430.000	6.000	869.141	0.162
4440.000	6.000	869.141	0.162
4450.000	6.000	904.297	0.146
4460.000	6.000	904.297	0.146
4470.000	6.000	904.297	0.146
4480.000	6.000	888.672	0.137
4490.000	6.000	888.672	0.137
4500.000	6.000	888.672	0.137
4510.000	6.000	916.016	0.172
4520.000	6.000	916.016	0.172
4530.000	6.000	916.016	0.172
4540.000	6.000	888.672	0.159
4550.000	6.000	888.672	0.159
4560.000	6.000	888.672	0.159
4570.000	6.000	888.672	0.161
4580.000	6.000	888.672	0.161
4590.000	6.000	888.672	0.161
4600.000	6.000	902.344	0.160
4610.000	6.000	902.344	0.160
4620.000	6.000	902.344	0.160
4630.000	6.000	935.547	0.156
4640.000	6.000	935.547	0.156
4650.000	6.000	935.547	0.156
4660.000	6.000	964.844	0.151
4670.000	6.000	964.844	0.151
4680.000	6.000	964.844	0.151
4690.000	6.000	966.797	0.151
4700.000	6.000	966.797	0.151
4710.000	6.000	966.797	0.151
4720.000	6.000	964.844	0.165
4730.000	6.000	964.844	0.165
4740.000	6.000	964.844	0.165
4750.000	6.000	929.687	0.164
4760.000	6.000	929.687	0.164
4770.000	6.000	929.687	0.164
4780.000	6.000	990.234	0.146
4790.000	6.000	990.234	0.146
4800.000	6.000	990.234	0.146
4810.000	6.000	974.609	0.142
4820.000	6.000	974.609	0.142
4830.000	6.000	974.609	0.142
4840.000	6.000	972.656	0.134
4850.000	6.000	972.656	0.134
4860.000	6.000	972.656	0.134
4870.000	6.000	998.047	0.151
4880.000	6.000	998.047	0.151
4890.000	6.000	998.047	0.151
4900.000	6.000	1001.953	0.165
4910.000	6.000	1001.953	0.165
4920.000	6.000	1001.953	0.165
4930.000	6.000	968.750	0.142
4940.000	6.000	968.750	0.142
4950.000	6.000	968.750	0.142
4960.000	6.000	992.187	0.155
4970.000	6.000	992.187	0.155
4980.000	6.000	992.187	0.155
4990.000	6.000	966.797	0.164
5000.000	6.000	966.797	0.164
5010.000	6.000	966.797	0.164
5020.000	6.000	1015.625	0.129
5030.000	6.000	1015.625	0.129
5040.000	6.000	1015.625	0.129
5050.000	6.000	1003.906	0.161
5060.000	6.000	1003.906	0.161
5070.000	6.000	1003.906	0.161
5080.000	6.000	1027.344	0.147
5090.000	6.000	1027.344	0.147
5100.000	6.000	1027.344	0.147
5110.000	6.000	998.047	0.175
5120.000	6.000	998.047	0.175
5130.000	6.000	998.047	0.175
5140.000	6.000	1001.953	0.160
5150.000	6.000	1001.953	0.160
5160.000	6.000	1001.953	0.160
5170.000	6.000	1037.109	0.168
5180.000	6.000	1037.109	0.168
5190.000	6.000	1037.109	0.168
5200.000	6.000	1035.156	0.165
5210.000	6.000	1035.156	0.165
5220.000	6.000	1035.156	0.165
5230.000	6.000	1056.641	0.136
5240.000	6.000	1056.641	0.136
5250.000	6.000	1056.641	0.136
5260.000	6.000	1039.062	0.135
5270.000	6.000	1039.062	0.135
5280.000	6.000	1039.062	0.135
5290.000	6.000	1064.453	0.151
5300.000	6.000	1064.453	0.151
5310.000	6.000	1064.453	0.151
5320.000	6.000	1070.312	0.159
5330.000	6.000	1070.312	0.159
5340.000	6.000	1070.312	0.159
5350.000	6.000	1103.516	0.166
5360.000	6.000	1103.516	0.166
5370.000	6.000	1103.516	0.166
5380.000	6.000	1066.406	0.155
5390.000	6.000	1066.406	0.155
5400.000	6.000	1066.406	0.155
5410.000	6.000	1123.047	0.147
5420.000	6.000	1123.047	0.147
5430.000	6.000	1123.047	0.147
5440.000	6.000	1097.656	0.138
5450.000	6.000	1097.656	0.138
5460.000	6.000	1097.656	0.138
5470.000	6.000	1123.047	0.145
5480.000	6.000	1123.047	0.145
5490.000	6.000	1123.047	0.145
5500.000	6.000	1119.141	0.172
5510.000	6.000	1119.141	0.172
5520.000	6.000	1119.141	0.172
5530.000	6.000	1109.375	0.155
5540.000	6.000	1109.375	0.155
5550.000	6.000	1109.375	0.155
5560.000	6.000	1109.375	0.136
5570.000	6.000	1109.375	0.136
5580.000	6.000	1109.375	0.136
5590.000	6.000	1113.281	0.176
5600.000	6.000	1113.281	0.176
5610.000	6.000	1113.281	0.176
5620.000	6.000	1152.344	0.147
5630.000	6.000	1152.344	0.147
5640.000	6.000	1152.344	0.147
5650.000	6.000	1119.141	0.151
5660.000	6.000	1119.141	0.151
5670.000	6.000	1119.141	0.151
5680.000	6.000	1140.625	0.178
5690.000	6.000	1140.625	0.178
5700.000	6.000	1140.625	0.178
5710.000	6.000	1136.719	0.167
5720.000	6.000	1136.719	0.167
5730.000	6.000	1136.719	0.167
5740.000	6.000	1164.062	0.153
5750.000	6.000	1164.062	0.153
5760.000	6.000	1164.062	0.153
5770.000	6.000	1148.437	0.161
5780.000	6.000	1148.437	0.161
5790.000	6.000	1148.437	0.161
5800.000	6.000	1185.547	0.146
5810.000	6.000	1185.547	0.146
5820.000	6.000	1185.547	0.146
5830.000	6.000	1205.078	0.148
5840.000	6.000	1205.078	0.148
5850.000	6.000	1205.078	0.148
5860.000	6.000	1203.125	0.168
5870.000	6.000	1203.125	0.168
5880.000	6.000	1203.125	0.168
5890.000	6.000	1185.547	0.174
5900.000	6.000	1185.547	0.174
5910.000	6.000	1185.547	0.174
5920.000	6.000	1181.641	0.139
5930.000	6.000	1181.641	0.139
5940.000	6.000	1181.641	0.139
5950.000	6.000	1218.750	0.141
5960.000	6.000	1218.750	0.141
5970.000	6.000	1218.750	0.141
5980.000	6.000	1205.078	0.176
5990.000	6.000	1205.078	0.176
6000.000	6.000	1205.078	0.176
6010.000	6.000	1195.312	0.155
6020.000	6.000	1195.312	0.155
6030.000	6.000	1195.312	0.155
6040.000	6.000	1207.031	0.141
6050.000	6.000	1207.031	0.141
6060.000	6.000	1207.031	0.141
6070.000	6.000	1220.703	0.154
6080.000	6.000	1220.703	0.154
6090.000	6.000	1220.703	0.154
6100.000	6.000	1236.328	0.171
6110.000	6.000	1236.328	0.171
6120.000	6.000	1236.328	0.171
6130.000	6.000	1259.766	0.151
6140.000	6.000	1259.766	0.151
6150.000	6.000	1259.766	0.151
6160.000	6.000	1234.375	0.165
6170.000	6.000	1234.375	0.165
6180.000	6.000	1234.375	0.165
6190.000	6.000	1248.047	0.158
6200.000	6.000	1248.047	0.158
6210.000	6.000	1248.047	0.158
6220.000	6.000	1238.281	0.169
6230.000	6.000	1238.281	0.169
6240.000	6.000	1238.281	0.169
6250.000	6.000	1271.484	0.151
6260.000	6.000	1271.484	0.151
6270.000	6.000	1271.484	0.151
6280.000	6.000	1226.562	0.173
6290.000	6.000	1226.562	0.173
6300.000	6.000	1226.562	0.173
6310.000	6.000	1269.531	0.170
6320.000	6.000	1269.531	0.170
6330.000	6.000	1269.531	0.170
6340.000	6.000	1261.719	0.171
6350.000	6.000	1261.719	0.171
6360.000	6.000	1261.719	0.171
6370.000	6.000	1292.969	0.172
6380.000	6.000	1292.969	0.172
6390.000	6.000	1292.969	0.172
6400.000	6.000	1277.344	0.168
6410.000	6.000	1277.344	0.168
6420.000	6.000	1277.344	0.168
6430.000	6.000	1283.203	0.167
6440.000	6.000	1283.203	0.167
6450.000	6.000	1283.203	0.167
6460.000	6.000	1277.344	0.164
6470.000	6.000	1277.344	0.164
6480.000	6.000	1277.344	0.164
6490.000	6.000	1267.578	0.165
6500.000	6.000	1267.578	0.165
6510.000	6.000	1267.578	0.165
6520.000	6.000	1314.453	0.173
6530.000	6.000	1314.453	0.173
6540.000	6.000	1314.453	0.173
6550.000	6.000	1330.078	0.147
6560.000	6.000	1330.078	0.147
6570.000	6.000	1330.078	0.147
6580.000	6.000	1312.500	0.162
6590.000	6.000	1312.500	0.162
6600.000	6.000	1312.500	0.162
6610.000	6.000	1312.500	0.159
6620.000	6.000	1312.500	0.159
6630.000	6.000	1312.500	0.159
6640.000	6.000	1361.328	0.158
6650.000	6.000	1361.328	0.158
6660.000	6.000	1361.328	0.158
6670.000	6.000	1353.516	0.159
6680.000	6.000	1353.516	0.159
6690.000	6.000	1353.516	0.159
6700.000	6.000	1318.359	0.167
6710.000	6.000	1318.359	0.167
6720.000	6.000	1318.359	0.167
6730.000	6.000	1371.094	0.147
6740.000	6.000	1371.094	0.147
6750.000	6.000	1371.094	0.147
6760.000	6.000	1357.422	0.134
6770.000	6.000	1357.422	0.134
6780.000	6.000	1357.422	0.134
6790.000	6.000	1349.609	0.142
6800.000	6.000	1349.609	0.142
6810.000	6.000	1349.609	0.142
6820.000	6.000	1339.844	0.159
6830.000	6.000	1339.844	0.159
6840.000	6.000	1339.844	0.159
6850.000	6.000	1335.937	0.161
6860.000	6.000	1335.937	0.161
6870.000	6.000	1335.937	0.161
6880.000	6.000	1396.484	0.143
6890.000	6.000	1396.484	0.143
6900.000	6.000	1396.484	0.143
6910.000	6.000	1375.000	0.138
6920.000	6.000	1375.000	0.138
6930.000	6.000	1375.000	0.138
6940.000	6.000	1386.719	0.140
6950.000	6.000	1386.719	0.140
6960.000	6.000	1386.719	0.140
6970.000	6.000	1371.094	0.162
6980.000	6.000	1371.094	0.162
6990.000	6.000	1371.094	0.162
7000.000	6.000	1400.391	0.168
7010.000	6.000	1400.391	0.168
7020.000	6.000	1400.391	0.168
7030.000	6.000	1408.203	0.137
7040.000	6.000	1408.203	0.137
7050.000	6.000	1408.203	0.137
7060.000	6.000	1406.250	0.151
7070.000	6.000	1406.250	0.151
7080.000	6.000	1406.250	0.151
7090.000	6.000	1373.047	0.164
7100.000	6.000	1373.047	0.164
7110.000	6.000	1373.047	0.164
7120.000	6.000	1433.594	0.143
7130.000	6.000	1433.594	0.143
7140.000	6.000	1433.594	0.143
7150.000	6.000	1402.344	0.135
7160.000	6.000	1402.344	0.135
7170.000	6.000	1402.344	0.135
7180.000	6.000	1443.359	0.157
7190.000	6.000	1443.359	0.157
7200.000	6.000	1443.359	0.157
7210.000	6.000	1435.547	0.165
7220.000	6.000	1435.547	0.165
7230.000	6.000	1435.547	0.165
7240.000	6.000	1425.781	0.179
7250.000	6.000	1425.781	0.179
7260.000	6.000	1425.781	0.179
7270.000	6.000	1453.125	0.152
7280.000	6.000	1453.125	0.152
7290.000	6.000	1453.125	0.152
7300.000	6.000	1439.453	0.138
7310.000	6.000	1439.453	0.138
7320.000	6.000	1439.453	0.138
7330.000	6.000	1427.734	0.169
7340.000	6.000	1427.734	0.169
7350.000	6.000	1427.734	0.169
7360.000	6.000	1441.406	0.142
7370.000	6.000	1441.406	0.142
7380.000	6.000	1441.406	0.142
7390.000	6.000	1472.656	0.151
7400.000	6.000	1472.656	0.151
7410.000	6.000	1472.656	0.151
7420.000	6.000	1462.891	0.148
7430.000	6.000	1462.891	0.148
7440.000	6.000	1462.891	0.148
7450.000	6.000	1464.844	0.144
7460.000	6.000	1464.844	0.144
7470.000	6.000	1464.844	0.144
7480.000	6.000	1498.047	0.162
7490.000	6.000	1498.047	0.162
7500.000	6.000	1498.047	0.162
7510.000	6.000	1441.406	0.166
7520.000	6.000	1441.406	0.166
7530.000	6.000	1441.406	0.166
7540.000	6.000	1498.047	0.147
7550.000	6.000	1498.047	0.147
7560.000	6.000	1498.047	0.147
7570.000	6.000	1476.562	0.175
7580.000	6.000	1476.562	0.175
7590.000	6.000	1476.562	0.175
7600.000	6.000	1492.187	0.170
7610.000	6.000	1492.187	0.170
7620.000	6.000	1492.187	0.170
7630.000	6.000	1509.766	0.147
7640.000	6.000	1509.766	0.147
7650.000	6.000	1509.766	0.147
7660.000	6.000	1519.531	0.147
7670.000	6.000	1519.531	0.147
7680.000	6.000	1519.531	0.147
7690.000	6.000	1496.094	0.164
7700.000	6.000	1496.094	0.164
7710.000	6.000	1496.094	0.164
7720.000	6.000	1523.437	0.162
7730.000	6.000	1523.437	0.162
7740.000	6.000	1523.437	0.162
7750.000	6.000	1533.203	0.158
7760.000	6.000	1533.203	0.158
7770.000	6.000	1533.203	0.158
7780.000	6.000	1544.922	0.154
7790.000	6.000	1544.922	0.154
7800.000	6.000	1544.922	0.154
7810.000	6.000	1531.250	0.138
7820.000	6.000	1531.250	0.138
7830.000	6.000	1531.250	0.138
7840.000	6.000	1513.672	0.167
7850.000	6.000	1513.672	0.167
7860.000	6.000	1513.672	0.167
7870.000	6.000	1544.922	0.169
7880.000	6.000	1544.922	0.169
7890.000	6.000	1544.922	0.169
7900.000	6.000	1525.391	0.163
7910.000	6.000	1525.391	0.163
7920.000	6.000	1525.391	0.163
7930.000	6.000	1578.125	0.148
7940.000	6.000	1578.125	0.148
7950.000	6.000	1578.125	0.148
7960.000	6.000	1576.172	0.164
7970.000	6.000	1576.172	0.164
7980.000	6.000	1576.172	0.164
7990.000	6.000	1548.828	0.148
8000.000	6.000	1548.828	0.148
8010.000	6.000	1548.828	0.148
8020.000	6.000	1566.406	0.153
8030.000	6.000	1566.406	0.153
8040.000	6.000	1566.406	0.153
8050.000	6.000	1566.406	0.150
8060.000	6.000	1566.406	0.150
8070.000	6.000	1566.406	0.150
8080.000	6.000	1568.359	0.169
8090.000	6.000	1568.359	0.169
8100.000	6.000	1568.359	0.169
8110.000	6.000	1587.891	0.157
8120.000	6.000	1587.891	0.157
8130.000	6.000	1587.891	0.157
8140.000	6.000	1566.406	0.150
8150.000	6.000	1566.406	0.150
8160.000	6.000	1566.406	0.150
8170.000	6.000	1603.516	0.171
8180.000	6.000	1603.516	0.171
8190.000	6.000	1603.516	0.171
8200.000	6.000	1585.937	0.179
8210.000	6.000	1585.937	0.179
8220.000	6.000	1585.937	0.179
8230.000	6.000	1621.094	0.161
8240.000	6.000	1621.094	0.161
8250.000	6.000	1621.094	0.161
8260.000	6.000	1593.750	0.162
8270.000	6.000	1593.750	0.162
8280.000	6.000	1593.750	0.162
8290.000	6.000	1570.312	0.149
8300.000	6.000	1570.312	0.149
8310.000	6.000	1570.312	0.149
8320.000	6.000	1621.094	0.163
8330.000	6.000	1621.094	0.163
8340.000	6.000	1621.094	0.163
8350.000	6.000	1619.141	0.159
8360.000	6.000	1619.141	0.159
8370.000	6.000	1619.141	0.159
8380.000	6.000	1605.469	0.148
8390.000	6.000	1605.469	0.148
8400.000	6.000	1605.469	0.148
8410.000	6.000	1595.703	0.150
8420.000	6.000	1595.703	0.150
8430.000	6.000	1595.703	0.150
8440.000	6.000	1640.625	0.173
8450.000	6.000	1640.625	0.173
8460.000	6.000	1640.625	0.173
8470.000	6.000	1642.578	0.161
8480.000	6.000	1642.578	0.161
8490.000	6.000	1642.578	0.161
8500.000	6.000	1628.906	0.169
8510.000	6.000	1628.906	0.169
8520.000	6.000	1628.906	0.169
8530.000	6.000	1662.109	0.170
8540.000	6.000	1662.109	0.170
8550.000	6.000	1662.109	0.170
8560.000	6.000	1636.719	0.152
8570.000	6.000	1636.719	0.152
8580.000	6.000	1636.719	0.152
8590.000	6.000	1666.016	0.164
8600.000	6.000	1666.016	0.164
8610.000	6.000	1666.016	0.164
8620.000	6.000	1689.453	0.157
8630.000	6.000	1689.453	0.157
8640.000	6.000	1689.453	0.157
8650.000	6.000	1664.062	0.137
8660.000	6.000	1664.062	0.137
8670.000	6.000	1664.062	0.137
8680.000	6.000	1691.406	0.161
8690.000	6.000	1691.406	0.161
8700.000	6.000	1691.406	0.161
8710.000	6.000	1679.687	0.164
8720.000	6.000	1679.687	0.164
8730.000	6.000	1679.687	0.164
8740.000	6.000	1642.578	0.141
8750.000	6.000	1642.578	0.141
8760.000	6.000	1642.578	0.141
8770.000	6.000	1691.406	0.142
8780.000	6.000	1691.406	0.142
8790.000	6.000	1691.406	0.142
8800.000	6.000	1691.406	0.146
8810.000	6.000	1691.406	0.146
8820.000	6.000	1691.406	0.146
8830.000	6.000	1679.687	0.146
8840.000	6.000	1679.687	0.146
8850.000	6.000	1679.687	0.146
8860.000	6.000	1701.172	0.145
8870.000	6.000	1701.172	0.145
8880.000	6.000	1701.172	0.145
8890.000	6.000	1697.266	0.153
8900.000	6.000	1697.266	0.153
8910.000	6.000	1697.266	0.153
8920.000	6.000	1701.172	0.153
8930.000	6.000	1701.172	0.153
8940.000	6.000	1701.172	0.153
8950.000	6.000	1744.141	0.160
8960.000	6.000	1744.141	0.160
8970.000	6.000	1744.141	0.160
8980.000	6.000	1740.234	0.163
8990.000	6.000	1740.234	0.163
9000.000	6.000	1740.234	0.163
9010.000	6.000	1695.312	0.147
9020.000	6.000	1695.312	0.147
9030.000	6.000	1695.312	0.147
9040.000	6.000	1707.031	0.168
9050.000	6.000	1707.031	0.168
9060.000	6.000	1707.031	0.168
9070.000	6.000	1705.078	0.151
9080.000	6.000	1705.078	0.151
9090.000	6.000	1705.078	0.151
9100.000	6.000	1753.906	0.164
9110.000	6.000	1753.906	0.164
9120.000	6.000	1753.906	0.164
9130.000	6.000	1744.141	0.140
9140.000	6.000	1744.141	0.140
9150.000	6.000	1744.141	0.140
9160.000	6.000	1759.766	0.135
9170.000	6.000	1759.766	0.135
9180.000	6.000	1759.766	0.135
9190.000	6.000	1732.422	0.160
9200.000	6.000	1732.422	0.160
9210.000	6.000	1732.422	0.160
9220.000	6.000	1744.141	0.135
9230.000	6.000	1744.141	0.135
9240.000	6.000	1744.141	0.135
9250.000	6.000	1755.859	0.168
9260.000	6.000	1755.859	0.168
9270.000	6.000	1755.859	0.168
9280.000	6.000	1757.812	0.160
9290.000	6.000	1757.812	0.160
9300.000	6.000	1757.812	0.160
9310.000	6.000	1759.766	0.147
9320.000	6.000	1759.766	0.147
9330.000	6.000	1759.766	0.147
9340.000	6.000	1732.422	0.149
9350.000	6.000	1732.422	0.149
9360.000	6.000	1732.422	0.149
9370.000	6.000	1751.953	0.139
9380.000	6.000	1751.953	0.139
9390.000	6.000	1751.953	0.139
9400.000	6.000	1783.203	0.154
9410.000	6.000	1783.203	0.154
9420.000	6.000	1783.203	0.154
9430.000	6.000	1787.109	0.158
9440.000	6.000	1787.109	0.158
9450.000	6.000	1787.109	0.158
9460.000	6.000	1761.719	0.145
9470.000	6.000	1761.719	0.145
9480.000	6.000	1761.719	0.145
9490.000	6.000	1765.625	0.140
9500.000	6.000	1765.625	0.140
9510.000	6.000	1765.625	0.140
9520.000	6.000	1796.875	0.176
9530.000	6.000	1796.875	0.176
9540.000	6.000	1796.875	0.176
9550.000	6.000	1769.531	0.146
9560.000	6.000	1769.531	0.146
9570.000	6.000	1769.531	0.146
9580.000	6.000	1794.922	0.145
9590.000	6.000	1794.922	0.145
9600.000	6.000	1794.922	0.145
9610.000	6.000	1828.125	0.140
9620.000	6.000	1828.125	0.140
9630.000	6.000	1828.125	0.140
9640.000	6.000	1808.594	0.159
9650.000	6.000	1808.594	0.159
9660.000	6.000	1808.594	0.159
9670.000	6.000	1839.844	0.160
9680.000	6.000	1839.844	0.160
9690.000	6.000	1839.844	0.160
9700.000	6.000	1779.297	0.141
9710.000	6.000	1779.297	0.141
9720.000	6.000	1779.297	0.141
9730.000	6.000	1835.937	0.160
9740.000	6.000	1835.937	0.160
9750.000	6.000	1835.937	0.160
9760.000	6.000	1818.359	0.159
9770.000	6.000	1818.359	0.159
9780.000	6.000	1818.359	0.159
9790.000	6.000	1832.031	0.157
9800.000	6.000	1832.031	0.157
9810.000	6.000	1832.031	0.157
9820.000	6.000	1849.609	0.166
9830.000	6.000	1849.609	0.166
9840.000	6.000	1849.609	0.166
9850.000	6.000	1812.500	0.146
9860.000	6.000	1812.500	0.146
9870.000	6.000	1812.500	0.146
9880.000	6.000	1835.937	0.156
9890.000	6.000	1835.937	0.156
9900.000	6.000	1835.937	0.156
9910.000	6.000	1851.562	0.159
9920.000	6.000	1851.562	0.159
9930.000	6.000	1851.562	0.159
9940.000	6.000	1843.750	0.133
9950.000	6.000	1843.750	0.133
9960.000	6.000	1843.750	0.133
9970.000	6.000	1837.891	0.158
9980.000	6.000	1837.891	0.158
9990.000	6.000	1837.891	0.158
10000.000	6.000	1851.562	0.160
10010.000	6.000	1851.562	0.160
10020.000	6.000	1851.562	0.160
10030.000	6.000	1876.953	0.152
10040.000	6.000	1876.953	0.152
10050.000	6.000	1876.953	0.152
10060.000	6.000	1847.656	0.161
10070.000	6.000	1847.656	0.161
10080.000	6.000	1847.656	0.161
10090.000	6.000	1886.719	0.137
10100.000	6.000	1886.719	0.137
10110.000	6.000	1886.719	0.137
10120.000	6.000	1873.047	0.147
10130.000	6.000	1873.047	0.147
10140.000	6.000	1873.047	0.147
10150.000	6.000	1880.859	0.151
10160.000	6.000	1880.859	0.151
10170.000	6.000	1880.859	0.151
10180.000	6.000	1880.859	0.147
10190.000	6.000	1880.859	0.147
10200.000	6.000	1880.859	0.147
10210.000	6.000	1908.203	0.166
10220.000	6.000	1908.203	0.166
10230.000	6.000	1908.203	0.166
10240.000	6.000	1867.187	0.147
10250.000	6.000	1867.187	0.147
10260.000	6.000	1867.187	0.147
10270.000	6.000	1910.156	0.158
10280.000	6.000	1910.156	0.158
10290.000	6.000	1910.156	0.158
10300.000	6.000	1882.812	0.151
10310.000	6.000	1882.812	0.151
10320.000	6.000	1882.812	0.151
10330.000	6.000	1902.344	0.163
10340.000	6.000	1902.344	0.163
10350.000	6.000	1902.344	0.163
10360.000	6.000	1886.719	0.137
10370.000	6.000	1886.719	0.137
10380.000	6.000	1886.719	0.137
10390.000	6.000	1910.156	0.160
10400.000	6.000	1910.156	0.160
10410.000	6.000	1910.156	0.160
10420.000	6.000	1896.484	0.177
10430.000	6.000	1896.484	0.177
10440.000	6.000	1896.484	0.177
10450.000	6.000	1906.250	0.166
10460.000	6.000	1906.250	0.166
10470.000	6.000	1906.250	0.166
10480.000	6.000	1896.484	0.143
10490.000	6.000	1896.484	0.143
10500.000	6.000	1896.484	0.143
10510.000	6.000	1933.594	0.178
10520.000	6.000	1933.594	0.178
10530.000	6.000	1933.594	0.178
10540.000	6.000	1945.312	0.162
10550.000	6.000	1945.312	0.162
10560.000	6.000	1945.312	0.162
10570.000	6.000	1914.062	0.162
10580.000	6.000	1914.062	0.162
10590.000	6.000	1914.062	0.162
10600.000	6.000	1945.312	0.157
10610.000	6.000	1945.312	0.157
10620.000	6.000	1945.312	0.157
10630.000	6.000	1955.078	0.170
10640.000	6.000	1955.078	0.170
10650.000	6.000	1955.078	0.170
10660.000	6.000	1927.734	0.149
10670.000	6.000	1927.734	0.149
10680.000	6.000	1927.734	0.149
10690.000	6.000	1929.687	0.158
10700.000	6.000	1929.687	0.158
10710.000	6.000	1929.687	0.158
10720.000	6.000	1941.406	0.161
10730.000	6.000	1941.406	0.161
10740.000	6.000	1941.406	0.161
10750.000	6.000	1939.453	0.150
10760.000	6.000	1939.453	0.150
10770.000	6.000	1939.453	0.150
10780.000	6.000	1951.172	0.152
10790.000	6.000	1951.172	0.152
10800.000	6.000	1951.172	0.152
10810.000	6.000	1996.094	0.159
10820.000	6.000	1996.094	0.159
10830.000	6.000	1996.094	0.159
10840.000	6.000	1953.125	0.130
10850.000	6.000	1953.125	0.130
10860.000	6.000	1953.125	0.130
10870.000	6.000	1941.406	0.160
10880.000	6.000	1941.406	0.160
10890.000	6.000	1941.406	0.160
10900.000	6.000	1947.266	0.148
10910.000	6.000	1947.266	0.148
10920.000	6.000	1947.266	0.148
10930.000	6.000	1992.187	0.148
10940.000	6.000	1992.187	0.148
10950.000	6.000	1992.187	0.148
10960.000	6.000	2007.812	0.143
10970.000	6.000	2007.812	0.143
10980.000	6.000	2007.812	0.143
10990.000	6.000	1984.375	0.138
11000.000	6.000	1984.375	0.138
11010.000	6.000	1984.375	0.138
11020.000	6.000	2009.766	0.143
11030.000	6.000	2009.766	0.143
11040.000	6.000	2009.766	0.143
11050.000	6.000	2017.578	0.169
11060.000	6.000	2017.578	0.169
11070.000	6.000	2017.578	0.169
11080.000	6.000	2013.672	0.167
11090.000	6.000	2013.672	0.167
11100.000	6.000	2013.672	0.167
11110.000	6.000	1958.984	0.062
11120.000	6.000	1958.984	0.062
11130.000	6.000	1958.984	0.062
11140.000	6.000	1994.141	0.017
11150.000	6.000	1994.141	0.017
11160.000	6.000	1994.141	0.017
11170.000	6.000	1962.891	-0.009
11180.000	6.000	1962.891	-0.009
11190.000	6.000	1962.891	-0.009
11200.000	6.000	1958.984	-0.034
11210.000	6.000	1958.984	-0.034
11220.000	6.000	1958.984	-0.034
11230.000	6.000	1970.703	-0.032
11240.000	6.000	1970.703	-0.032
11250.000	6.000	1970.703	-0.032
11260.000	6.000	1947.266	-0.020
11270.000	6.000	1947.266	-0.020
11280.000	6.000	1947.266	-0.020
11290.000	6.000	1966.797	-0.015
11300.000	6.000	1966.797	-0.015
11310.000	6.000	1966.797	-0.015
11320.000	6.000	1876.953	-0.023
11330.000	6.000	1876.953	-0.023
11340.000	6.000	1876.953	-0.023
11350.000	6.000	1914.062	-0.009
11360.000	6.000	1914.062	-0.009
11370.000	6.000	1914.062	-0.009
11380.000	6.000	1876.953	-0.023
11390.000	6.000	1876.953	-0.023
11400.000	6.000	1876.953	-0.023
11410.000	6.000	1882.812	-0.006
11420.000	6.000	1882.812	-0.006
11430.000	6.000	1882.812	-0.006
11440.000	6.000	1878.906	-0.018
11450.000	6.000	1878.906	-0.018
11460.000	6.000	1878.906	-0.018
11470.000	6.000	1818.359	-0.030
11480.000	6.000	1818.359	-0.030
11490.000	6.000	1818.359	-0.030
11500.000	6.000	1845.703	-0.020
11510.000	6.000	1845.703	-0.020
11520.000	6.000	1845.703	-0.020
11530.000	6.000	1833.984	-0.022
11540.000	6.000	1833.984	-0.022
11550.000	6.000	1833.984	-0.022
11560.000	6.000	1824.219	-0.011
11570.000	6.000	1824.219	-0.011
11580.000	6.000	1824.219	-0.011
11590.000	6.000	1816.406	-0.012
11600.000	6.000	1816.406	-0.012
11610.000	6.000	1816.406	-0.012
11620.000	6.000	1789.062	-0.010
11630.000	6.000	1789.062	-0.010
11640.000	6.000	1789.062	-0.010
11650.000	6.000	1791.016	-0.032
11660.000	6.000	1791.016	-0.032
11670.000	6.000	1791.016	-0.032
11680.000	6.000	1753.906	-0.039
11690.000	6.000	1753.906	-0.039
11700.000	6.000	1753.906	-0.039
11710.000	6.000	1779.297	-0.013
11720.000	6.000	1779.297	-0.013
11730.000	6.000	1779.297	-0.013
11740.000	6.000	1718.750	-0.003
11750.000	6.000	1718.750	-0.003
11760.000	6.000	1718.750	-0.003
11770.000	6.000	1750.000	0.001
11780.000	6.000	1750.000	0.001
11790.000	6.000	1750.000	0.001
11800.000	6.000	1718.750	-0.006
11810.000	6.000	1718.750	-0.006
11820.000	6.000	1718.750	-0.006
11830.000	6.000	1703.125	-0.022
11840.000	6.000	1703.125	-0.022
11850.000	6.000	1703.125	-0.022
11860.000	6.000	1720.703	-0.012
11870.000	6.000	1720.703	-0.012
11880.000	6.000	1720.703	-0.012
11890.000	6.000	1707.031	-0.027
11900.000	6.000	1707.031	-0.027
11910.000	6.000	1707.031	-0.027
11920.000	6.000	1664.062	0.000
11930.000	6.000	1664.062	0.000
11940.000	6.000	1664.062	0.000
11950.000	6.000	1695.312	-0.005
11960.000	6.000	1695.312	-0.005
11970.000	6.000	1695.312	-0.005
11980.000	6.000	1658.203	-0.009
11990.000	6.000	1658.203	-0.009
12000.000	6.000	1658.203	-0.009
12010.000	6.000	1628.906	-0.010
12020.000	6.000	1628.906	-0.010
