%Time [ms]	Commanded Torque [mNm]	Angular Velocity [RPM]	Actual Current [Amp]	%9/2/20212:17 PM
0.000	0.000	0.000	0.000
20.000	7.000	-19.531	-0.013
30.000	7.000	-19.531	-0.013
40.000	7.000	-19.531	-0.013
50.000	7.000	-54.687	-0.021
60.000	7.000	-54.687	-0.021
70.000	7.000	-54.687	-0.021
80.000	7.000	5.859	-0.018
90.000	7.000	5.859	-0.018
100.000	7.000	5.859	-0.018
110.000	7.000	-35.156	-0.033
120.000	7.000	-35.156	-0.033
130.000	7.000	-35.156	-0.033
140.000	7.000	-17.578	-0.018
150.000	7.000	-17.578	-0.018
160.000	7.000	-17.578	-0.018
170.000	7.000	-11.719	-0.026
180.000	7.000	-11.719	-0.026
190.000	7.000	-11.719	-0.026
200.000	7.000	-23.437	-0.034
210.000	7.000	-23.437	-0.034
220.000	7.000	-23.437	-0.034
230.000	7.000	0.000	-0.008
240.000	7.000	0.000	-0.008
250.000	7.000	0.000	-0.008
260.000	7.000	-3.906	-0.017
270.000	7.000	-3.906	-0.017
280.000	7.000	-3.906	-0.017
290.000	7.000	-19.531	-0.024
300.000	7.000	-19.531	-0.024
310.000	7.000	-19.531	-0.024
320.000	7.000	-1.953	-0.012
330.000	7.000	-1.953	-0.012
340.000	7.000	-1.953	-0.012
350.000	7.000	-33.203	-0.010
360.000	7.000	-33.203	-0.010
370.000	7.000	-33.203	-0.010
380.000	7.000	-46.875	-0.013
390.000	7.000	-46.875	-0.013
400.000	7.000	-46.875	-0.013
410.000	7.000	5.859	-0.030
420.000	7.000	5.859	-0.030
430.000	7.000	5.859	-0.030
440.000	7.000	0.000	-0.021
450.000	7.000	0.000	-0.021
460.000	7.000	0.000	-0.021
470.000	7.000	-19.531	-0.025
480.000	7.000	-19.531	-0.025
490.000	7.000	-19.531	-0.025
500.000	7.000	-13.672	-0.013
510.000	7.000	-13.672	-0.013
520.000	7.000	-13.672	-0.013
530.000	7.000	-27.344	-0.015
540.000	7.000	-27.344	-0.015
550.000	7.000	-27.344	-0.015
560.000	7.000	-27.344	-0.018
570.000	7.000	-27.344	-0.018
580.000	7.000	-27.344	-0.018
590.000	7.000	-21.484	-0.021
600.000	7.000	-21.484	-0.021
610.000	7.000	-21.484	-0.021
620.000	7.000	-13.672	-0.021
630.000	7.000	-13.672	-0.021
640.000	7.000	-13.672	-0.021
650.000	7.000	-15.625	-0.037
660.000	7.000	-15.625	-0.037
670.000	7.000	-15.625	-0.037
680.000	7.000	-25.391	-0.030
690.000	7.000	-25.391	-0.030
700.000	7.000	-25.391	-0.030
710.000	7.000	-23.437	-0.012
720.000	7.000	-23.437	-0.012
730.000	7.000	-23.437	-0.012
740.000	7.000	-42.969	-0.027
750.000	7.000	-42.969	-0.027
760.000	7.000	-42.969	-0.027
770.000	7.000	0.000	-0.020
780.000	7.000	0.000	-0.020
790.000	7.000	0.000	-0.020
800.000	7.000	-5.859	-0.018
810.000	7.000	-5.859	-0.018
820.000	7.000	-5.859	-0.018
830.000	7.000	-39.062	-0.018
840.000	7.000	-39.062	-0.018
850.000	7.000	-39.062	-0.018
860.000	7.000	3.906	-0.028
870.000	7.000	3.906	-0.028
880.000	7.000	3.906	-0.028
890.000	7.000	-27.344	-0.013
900.000	7.000	-27.344	-0.013
910.000	7.000	-27.344	-0.013
920.000	7.000	-17.578	-0.040
930.000	7.000	-17.578	-0.040
940.000	7.000	-17.578	-0.040
950.000	7.000	-19.531	-0.041
960.000	7.000	-19.531	-0.041
970.000	7.000	-19.531	-0.041
980.000	7.000	17.578	-0.040
990.000	7.000	17.578	-0.040
1000.000	7.000	17.578	-0.040
1010.000	7.000	-35.156	-0.009
1020.000	7.000	-35.156	-0.009
1030.000	7.000	-35.156	-0.009
1040.000	7.000	17.578	-0.034
1050.000	7.000	17.578	-0.034
1060.000	7.000	17.578	-0.034
1070.000	7.000	-5.859	-0.011
1080.000	7.000	-5.859	-0.011
1090.000	7.000	-5.859	-0.011
1100.000	7.000	-11.719	0.081
1110.000	7.000	-11.719	0.081
1120.000	7.000	-11.719	0.081
1130.000	7.000	-35.156	0.146
1140.000	7.000	-35.156	0.146
1150.000	7.000	-35.156	0.146
1160.000	7.000	3.906	0.181
1170.000	7.000	3.906	0.181
1180.000	7.000	3.906	0.181
1190.000	7.000	-37.109	0.189
1200.000	7.000	-37.109	0.189
1210.000	7.000	-37.109	0.189
1220.000	7.000	48.828	0.197
1230.000	7.000	48.828	0.197
1240.000	7.000	48.828	0.197
1250.000	7.000	21.484	0.211
1260.000	7.000	21.484	0.211
1270.000	7.000	21.484	0.211
1280.000	7.000	52.734	0.202
1290.000	7.000	52.734	0.202
1300.000	7.000	52.734	0.202
1310.000	7.000	60.547	0.189
1320.000	7.000	60.547	0.189
1330.000	7.000	60.547	0.189
1340.000	7.000	64.453	0.206
1350.000	7.000	64.453	0.206
1360.000	7.000	64.453	0.206
1370.000	7.000	91.797	0.210
1380.000	7.000	91.797	0.210
1390.000	7.000	91.797	0.210
1400.000	7.000	121.094	0.194
1410.000	7.000	121.094	0.194
1420.000	7.000	121.094	0.194
1430.000	7.000	113.281	0.192
1440.000	7.000	113.281	0.192
1450.000	7.000	113.281	0.192
1460.000	7.000	138.672	0.211
1470.000	7.000	138.672	0.211
1480.000	7.000	138.672	0.211
1490.000	7.000	146.484	0.204
1500.000	7.000	146.484	0.204
1510.000	7.000	146.484	0.204
1520.000	7.000	191.406	0.190
1530.000	7.000	191.406	0.190
1540.000	7.000	191.406	0.190
1550.000	7.000	167.969	0.199
1560.000	7.000	167.969	0.199
1570.000	7.000	167.969	0.199
1580.000	7.000	175.781	0.212
1590.000	7.000	175.781	0.212
1600.000	7.000	175.781	0.212
1610.000	7.000	226.562	0.201
1620.000	7.000	226.562	0.201
1630.000	7.000	226.562	0.201
1640.000	7.000	222.656	0.190
1650.000	7.000	222.656	0.190
1660.000	7.000	222.656	0.190
1670.000	7.000	208.984	0.197
1680.000	7.000	208.984	0.197
1690.000	7.000	208.984	0.197
1700.000	7.000	234.375	0.203
1710.000	7.000	234.375	0.203
1720.000	7.000	234.375	0.203
1730.000	7.000	267.578	0.193
1740.000	7.000	267.578	0.193
1750.000	7.000	267.578	0.193
1760.000	7.000	289.062	0.191
1770.000	7.000	289.062	0.191
1780.000	7.000	289.062	0.191
1790.000	7.000	263.672	0.200
1800.000	7.000	263.672	0.200
1810.000	7.000	263.672	0.200
1820.000	7.000	277.344	0.204
1830.000	7.000	277.344	0.204
1840.000	7.000	277.344	0.204
1850.000	7.000	287.109	0.193
1860.000	7.000	287.109	0.193
1870.000	7.000	287.109	0.193
1880.000	7.000	300.781	0.195
1890.000	7.000	300.781	0.195
1900.000	7.000	300.781	0.195
1910.000	7.000	326.172	0.186
1920.000	7.000	326.172	0.186
1930.000	7.000	326.172	0.186
1940.000	7.000	365.234	0.174
1950.000	7.000	365.234	0.174
1960.000	7.000	365.234	0.174
1970.000	7.000	373.047	0.171
1980.000	7.000	373.047	0.171
1990.000	7.000	373.047	0.171
2000.000	7.000	355.469	0.188
2010.000	7.000	355.469	0.188
2020.000	7.000	355.469	0.188
2030.000	7.000	369.141	0.201
2040.000	7.000	369.141	0.201
2050.000	7.000	369.141	0.201
2060.000	7.000	361.328	0.196
2070.000	7.000	361.328	0.196
2080.000	7.000	361.328	0.196
2090.000	7.000	384.766	0.185
2100.000	7.000	384.766	0.185
2110.000	7.000	384.766	0.185
2120.000	7.000	394.531	0.197
2130.000	7.000	394.531	0.197
2140.000	7.000	394.531	0.197
2150.000	7.000	455.078	0.218
2160.000	7.000	455.078	0.218
2170.000	7.000	455.078	0.218
2180.000	7.000	427.734	0.207
2190.000	7.000	427.734	0.207
2200.000	7.000	427.734	0.207
2210.000	7.000	472.656	0.176
2220.000	7.000	472.656	0.176
2230.000	7.000	472.656	0.176
2240.000	7.000	437.500	0.199
2250.000	7.000	437.500	0.199
2260.000	7.000	437.500	0.199
2270.000	7.000	490.234	0.196
2280.000	7.000	490.234	0.196
2290.000	7.000	490.234	0.196
2300.000	7.000	486.328	0.188
2310.000	7.000	486.328	0.188
2320.000	7.000	486.328	0.188
2330.000	7.000	472.656	0.199
2340.000	7.000	472.656	0.199
2350.000	7.000	472.656	0.199
2360.000	7.000	527.344	0.191
2370.000	7.000	527.344	0.191
2380.000	7.000	527.344	0.191
2390.000	7.000	533.203	0.190
2400.000	7.000	533.203	0.190
2410.000	7.000	533.203	0.190
2420.000	7.000	515.625	0.194
2430.000	7.000	515.625	0.194
2440.000	7.000	515.625	0.194
2450.000	7.000	517.578	0.220
2460.000	7.000	517.578	0.220
2470.000	7.000	517.578	0.220
2480.000	7.000	558.594	0.194
2490.000	7.000	558.594	0.194
2500.000	7.000	558.594	0.194
2510.000	7.000	568.359	0.193
2520.000	7.000	568.359	0.193
2530.000	7.000	568.359	0.193
2540.000	7.000	566.406	0.174
2550.000	7.000	566.406	0.174
2560.000	7.000	566.406	0.174
2570.000	7.000	582.031	0.208
2580.000	7.000	582.031	0.208
2590.000	7.000	582.031	0.208
2600.000	7.000	593.750	0.187
2610.000	7.000	593.750	0.187
2620.000	7.000	593.750	0.187
2630.000	7.000	607.422	0.190
2640.000	7.000	607.422	0.190
2650.000	7.000	607.422	0.190
2660.000	7.000	609.375	0.211
2670.000	7.000	609.375	0.211
2680.000	7.000	609.375	0.211
2690.000	7.000	638.672	0.205
2700.000	7.000	638.672	0.205
2710.000	7.000	638.672	0.205
2720.000	7.000	623.047	0.192
2730.000	7.000	623.047	0.192
2740.000	7.000	623.047	0.192
2750.000	7.000	636.719	0.199
2760.000	7.000	636.719	0.199
2770.000	7.000	636.719	0.199
2780.000	7.000	652.344	0.215
2790.000	7.000	652.344	0.215
2800.000	7.000	652.344	0.215
2810.000	7.000	658.203	0.196
2820.000	7.000	658.203	0.196
2830.000	7.000	658.203	0.196
2840.000	7.000	638.672	0.209
2850.000	7.000	638.672	0.209
2860.000	7.000	638.672	0.209
2870.000	7.000	681.641	0.208
2880.000	7.000	681.641	0.208
2890.000	7.000	681.641	0.208
2900.000	7.000	714.844	0.206
2910.000	7.000	714.844	0.206
2920.000	7.000	714.844	0.206
2930.000	7.000	707.031	0.193
2940.000	7.000	707.031	0.193
2950.000	7.000	707.031	0.193
2960.000	7.000	707.031	0.211
2970.000	7.000	707.031	0.211
2980.000	7.000	707.031	0.211
2990.000	7.000	724.609	0.198
3000.000	7.000	724.609	0.198
3010.000	7.000	724.609	0.198
3020.000	7.000	732.422	0.195
3030.000	7.000	732.422	0.195
3040.000	7.000	732.422	0.195
3050.000	7.000	761.719	0.192
3060.000	7.000	761.719	0.192
3070.000	7.000	761.719	0.192
3080.000	7.000	732.422	0.206
3090.000	7.000	732.422	0.206
3100.000	7.000	732.422	0.206
3110.000	7.000	794.922	0.190
3120.000	7.000	794.922	0.190
3130.000	7.000	794.922	0.190
3140.000	7.000	808.594	0.193
3150.000	7.000	808.594	0.193
3160.000	7.000	808.594	0.193
3170.000	7.000	792.969	0.215
3180.000	7.000	792.969	0.215
3190.000	7.000	792.969	0.215
3200.000	7.000	822.266	0.194
3210.000	7.000	822.266	0.194
3220.000	7.000	822.266	0.194
3230.000	7.000	816.406	0.208
3240.000	7.000	816.406	0.208
3250.000	7.000	816.406	0.208
3260.000	7.000	818.359	0.175
3270.000	7.000	818.359	0.175
3280.000	7.000	818.359	0.175
3290.000	7.000	837.891	0.221
3300.000	7.000	837.891	0.221
3310.000	7.000	837.891	0.221
3320.000	7.000	833.984	0.205
3330.000	7.000	833.984	0.205
3340.000	7.000	833.984	0.205
3350.000	7.000	859.375	0.187
3360.000	7.000	859.375	0.187
3370.000	7.000	859.375	0.187
3380.000	7.000	886.719	0.198
3390.000	7.000	886.719	0.198
3400.000	7.000	886.719	0.198
3410.000	7.000	896.484	0.195
3420.000	7.000	896.484	0.195
3430.000	7.000	896.484	0.195
3440.000	7.000	886.719	0.200
3450.000	7.000	886.719	0.200
3460.000	7.000	886.719	0.200
3470.000	7.000	900.391	0.210
3480.000	7.000	900.391	0.210
3490.000	7.000	900.391	0.210
3500.000	7.000	937.500	0.201
3510.000	7.000	937.500	0.201
3520.000	7.000	937.500	0.201
3530.000	7.000	945.312	0.194
3540.000	7.000	945.312	0.194
3550.000	7.000	945.312	0.194
3560.000	7.000	927.734	0.202
3570.000	7.000	927.734	0.202
3580.000	7.000	927.734	0.202
3590.000	7.000	966.797	0.177
3600.000	7.000	966.797	0.177
3610.000	7.000	966.797	0.177
3620.000	7.000	955.078	0.177
3630.000	7.000	955.078	0.177
3640.000	7.000	955.078	0.177
3650.000	7.000	916.016	0.205
3660.000	7.000	916.016	0.205
3670.000	7.000	916.016	0.205
3680.000	7.000	976.562	0.178
3690.000	7.000	976.562	0.178
3700.000	7.000	976.562	0.178
3710.000	7.000	947.266	0.213
3720.000	7.000	947.266	0.213
3730.000	7.000	947.266	0.213
3740.000	7.000	982.422	0.217
3750.000	7.000	982.422	0.217
3760.000	7.000	982.422	0.217
3770.000	7.000	992.187	0.215
3780.000	7.000	992.187	0.215
3790.000	7.000	992.187	0.215
3800.000	7.000	1007.812	0.219
3810.000	7.000	1007.812	0.219
3820.000	7.000	1007.812	0.219
3830.000	7.000	1025.391	0.187
3840.000	7.000	1025.391	0.187
3850.000	7.000	1025.391	0.187
3860.000	7.000	1011.719	0.217
3870.000	7.000	1011.719	0.217
3880.000	7.000	1011.719	0.217
3890.000	7.000	1033.203	0.198
3900.000	7.000	1033.203	0.198
3910.000	7.000	1033.203	0.198
3920.000	7.000	1056.641	0.193
3930.000	7.000	1056.641	0.193
3940.000	7.000	1056.641	0.193
3950.000	7.000	1062.500	0.207
3960.000	7.000	1062.500	0.207
3970.000	7.000	1062.500	0.207
3980.000	7.000	1062.500	0.198
3990.000	7.000	1062.500	0.198
4000.000	7.000	1062.500	0.198
4010.000	7.000	1074.219	0.176
4020.000	7.000	1074.219	0.176
4030.000	7.000	1074.219	0.176
4040.000	7.000	1082.031	0.211
4050.000	7.000	1082.031	0.211
4060.000	7.000	1082.031	0.211
4070.000	7.000	1093.750	0.218
4080.000	7.000	1093.750	0.218
4090.000	7.000	1093.750	0.218
4100.000	7.000	1089.844	0.199
4110.000	7.000	1089.844	0.199
4120.000	7.000	1089.844	0.199
4130.000	7.000	1140.625	0.187
4140.000	7.000	1140.625	0.187
4150.000	7.000	1140.625	0.187
4160.000	7.000	1115.234	0.179
4170.000	7.000	1115.234	0.179
4180.000	7.000	1115.234	0.179
4190.000	7.000	1125.000	0.211
4200.000	7.000	1125.000	0.211
4210.000	7.000	1125.000	0.211
4220.000	7.000	1132.812	0.177
4230.000	7.000	1132.812	0.177
4240.000	7.000	1132.812	0.177
4250.000	7.000	1166.016	0.188
4260.000	7.000	1166.016	0.188
4270.000	7.000	1166.016	0.188
4280.000	7.000	1169.922	0.191
4290.000	7.000	1169.922	0.191
4300.000	7.000	1169.922	0.191
4310.000	7.000	1197.266	0.205
4320.000	7.000	1197.266	0.205
4330.000	7.000	1197.266	0.205
4340.000	7.000	1193.359	0.191
4350.000	7.000	1193.359	0.191
4360.000	7.000	1193.359	0.191
4370.000	7.000	1201.172	0.193
4380.000	7.000	1201.172	0.193
4390.000	7.000	1201.172	0.193
4400.000	7.000	1228.516	0.201
4410.000	7.000	1228.516	0.201
4420.000	7.000	1228.516	0.201
4430.000	7.000	1214.844	0.194
4440.000	7.000	1214.844	0.194
4450.000	7.000	1214.844	0.194
4460.000	7.000	1230.469	0.195
4470.000	7.000	1230.469	0.195
4480.000	7.000	1230.469	0.195
4490.000	7.000	1255.859	0.186
4500.000	7.000	1255.859	0.186
4510.000	7.000	1255.859	0.186
4520.000	7.000	1234.375	0.219
4530.000	7.000	1234.375	0.219
4540.000	7.000	1234.375	0.219
4550.000	7.000	1269.531	0.192
4560.000	7.000	1269.531	0.192
4570.000	7.000	1269.531	0.192
4580.000	7.000	1255.859	0.182
4590.000	7.000	1255.859	0.182
4600.000	7.000	1255.859	0.182
4610.000	7.000	1285.156	0.208
4620.000	7.000	1285.156	0.208
4630.000	7.000	1285.156	0.208
4640.000	7.000	1259.766	0.214
4650.000	7.000	1259.766	0.214
4660.000	7.000	1259.766	0.214
4670.000	7.000	1244.141	0.206
4680.000	7.000	1244.141	0.206
4690.000	7.000	1244.141	0.206
4700.000	7.000	1287.109	0.193
4710.000	7.000	1287.109	0.193
4720.000	7.000	1287.109	0.193
4730.000	7.000	1289.062	0.204
4740.000	7.000	1289.062	0.204
4750.000	7.000	1289.062	0.204
4760.000	7.000	1328.125	0.193
4770.000	7.000	1328.125	0.193
4780.000	7.000	1328.125	0.193
4790.000	7.000	1298.828	0.204
4800.000	7.000	1298.828	0.204
4810.000	7.000	1298.828	0.204
4820.000	7.000	1328.125	0.201
4830.000	7.000	1328.125	0.201
4840.000	7.000	1328.125	0.201
4850.000	7.000	1326.172	0.228
4860.000	7.000	1326.172	0.228
4870.000	7.000	1326.172	0.228
4880.000	7.000	1367.187	0.211
4890.000	7.000	1367.187	0.211
4900.000	7.000	1367.187	0.211
4910.000	7.000	1359.375	0.207
4920.000	7.000	1359.375	0.207
4930.000	7.000	1359.375	0.207
4940.000	7.000	1365.234	0.176
4950.000	7.000	1365.234	0.176
4960.000	7.000	1365.234	0.176
4970.000	7.000	1361.328	0.206
4980.000	7.000	1361.328	0.206
4990.000	7.000	1361.328	0.206
5000.000	7.000	1400.391	0.183
5010.000	7.000	1400.391	0.183
5020.000	7.000	1400.391	0.183
5030.000	7.000	1380.859	0.185
5040.000	7.000	1380.859	0.185
5050.000	7.000	1380.859	0.185
5060.000	7.000	1408.203	0.181
5070.000	7.000	1408.203	0.181
5080.000	7.000	1408.203	0.181
5090.000	7.000	1390.625	0.198
5100.000	7.000	1390.625	0.198
5110.000	7.000	1390.625	0.198
5120.000	7.000	1419.922	0.191
5130.000	7.000	1419.922	0.191
5140.000	7.000	1419.922	0.191
5150.000	7.000	1419.922	0.196
5160.000	7.000	1419.922	0.196
5170.000	7.000	1419.922	0.196
5180.000	7.000	1416.016	0.188
5190.000	7.000	1416.016	0.188
5200.000	7.000	1416.016	0.188
5210.000	7.000	1435.547	0.216
5220.000	7.000	1435.547	0.216
5230.000	7.000	1435.547	0.216
5240.000	7.000	1462.891	0.198
5250.000	7.000	1462.891	0.198
5260.000	7.000	1462.891	0.198
5270.000	7.000	1462.891	0.173
5280.000	7.000	1462.891	0.173
5290.000	7.000	1462.891	0.173
5300.000	7.000	1462.891	0.190
5310.000	7.000	1462.891	0.190
5320.000	7.000	1462.891	0.190
5330.000	7.000	1505.859	0.198
5340.000	7.000	1505.859	0.198
5350.000	7.000	1505.859	0.198
5360.000	7.000	1480.469	0.174
5370.000	7.000	1480.469	0.174
5380.000	7.000	1480.469	0.174
5390.000	7.000	1498.047	0.187
5400.000	7.000	1498.047	0.187
5410.000	7.000	1498.047	0.187
5420.000	7.000	1501.953	0.194
5430.000	7.000	1501.953	0.194
5440.000	7.000	1501.953	0.194
5450.000	7.000	1523.437	0.196
5460.000	7.000	1523.437	0.196
5470.000	7.000	1523.437	0.196
5480.000	7.000	1500.000	0.206
5490.000	7.000	1500.000	0.206
5500.000	7.000	1500.000	0.206
5510.000	7.000	1527.344	0.187
5520.000	7.000	1527.344	0.187
5530.000	7.000	1527.344	0.187
5540.000	7.000	1531.250	0.188
5550.000	7.000	1531.250	0.188
5560.000	7.000	1531.250	0.188
5570.000	7.000	1564.453	0.199
5580.000	7.000	1564.453	0.199
5590.000	7.000	1564.453	0.199
5600.000	7.000	1546.875	0.194
5610.000	7.000	1546.875	0.194
5620.000	7.000	1546.875	0.194
5630.000	7.000	1570.312	0.212
5640.000	7.000	1570.312	0.212
5650.000	7.000	1570.312	0.212
5660.000	7.000	1574.219	0.213
5670.000	7.000	1574.219	0.213
5680.000	7.000	1574.219	0.213
5690.000	7.000	1568.359	0.202
5700.000	7.000	1568.359	0.202
5710.000	7.000	1568.359	0.202
5720.000	7.000	1597.656	0.205
5730.000	7.000	1597.656	0.205
5740.000	7.000	1597.656	0.205
5750.000	7.000	1583.984	0.188
5760.000	7.000	1583.984	0.188
5770.000	7.000	1583.984	0.188
5780.000	7.000	1593.750	0.191
5790.000	7.000	1593.750	0.191
5800.000	7.000	1593.750	0.191
5810.000	7.000	1593.750	0.170
5820.000	7.000	1593.750	0.170
5830.000	7.000	1593.750	0.170
5840.000	7.000	1650.391	0.202
5850.000	7.000	1650.391	0.202
5860.000	7.000	1650.391	0.202
5870.000	7.000	1654.297	0.202
5880.000	7.000	1654.297	0.202
5890.000	7.000	1654.297	0.202
5900.000	7.000	1630.859	0.186
5910.000	7.000	1630.859	0.186
5920.000	7.000	1630.859	0.186
5930.000	7.000	1652.344	0.215
5940.000	7.000	1652.344	0.215
5950.000	7.000	1652.344	0.215
5960.000	7.000	1666.016	0.211
5970.000	7.000	1666.016	0.211
5980.000	7.000	1666.016	0.211
5990.000	7.000	1660.156	0.211
6000.000	7.000	1660.156	0.211
6010.000	7.000	1660.156	0.211
6020.000	7.000	1650.391	0.216
6030.000	7.000	1650.391	0.216
6040.000	7.000	1650.391	0.216
6050.000	7.000	1664.062	0.206
6060.000	7.000	1664.062	0.206
6070.000	7.000	1664.062	0.206
6080.000	7.000	1679.687	0.210
6090.000	7.000	1679.687	0.210
6100.000	7.000	1679.687	0.210
6110.000	7.000	1689.453	0.191
6120.000	7.000	1689.453	0.191
6130.000	7.000	1689.453	0.191
6140.000	7.000	1705.078	0.211
6150.000	7.000	1705.078	0.211
6160.000	7.000	1705.078	0.211
6170.000	7.000	1666.016	0.213
6180.000	7.000	1666.016	0.213
6190.000	7.000	1666.016	0.213
6200.000	7.000	1691.406	0.217
6210.000	7.000	1691.406	0.217
6220.000	7.000	1691.406	0.217
6230.000	7.000	1728.516	0.182
6240.000	7.000	1728.516	0.182
6250.000	7.000	1728.516	0.182
6260.000	7.000	1750.000	0.220
6270.000	7.000	1750.000	0.220
6280.000	7.000	1750.000	0.220
6290.000	7.000	1755.859	0.213
6300.000	7.000	1755.859	0.213
6310.000	7.000	1755.859	0.213
6320.000	7.000	1740.234	0.208
6330.000	7.000	1740.234	0.208
6340.000	7.000	1740.234	0.208
6350.000	7.000	1765.625	0.194
6360.000	7.000	1765.625	0.194
6370.000	7.000	1765.625	0.194
6380.000	7.000	1726.562	0.193
6390.000	7.000	1726.562	0.193
6400.000	7.000	1726.562	0.193
6410.000	7.000	1781.250	0.203
6420.000	7.000	1781.250	0.203
6430.000	7.000	1781.250	0.203
6440.000	7.000	1792.969	0.203
6450.000	7.000	1792.969	0.203
6460.000	7.000	1792.969	0.203
6470.000	7.000	1779.297	0.188
6480.000	7.000	1779.297	0.188
6490.000	7.000	1779.297	0.188
6500.000	7.000	1820.312	0.203
6510.000	7.000	1820.312	0.203
6520.000	7.000	1820.312	0.203
6530.000	7.000	1814.453	0.204
6540.000	7.000	1814.453	0.204
6550.000	7.000	1814.453	0.204
6560.000	7.000	1798.828	0.188
6570.000	7.000	1798.828	0.188
6580.000	7.000	1798.828	0.188
6590.000	7.000	1828.125	0.201
6600.000	7.000	1828.125	0.201
6610.000	7.000	1828.125	0.201
6620.000	7.000	1835.937	0.195
6630.000	7.000	1835.937	0.195
6640.000	7.000	1835.937	0.195
6650.000	7.000	1806.641	0.203
6660.000	7.000	1806.641	0.203
6670.000	7.000	1806.641	0.203
6680.000	7.000	1826.172	0.204
6690.000	7.000	1826.172	0.204
6700.000	7.000	1826.172	0.204
6710.000	7.000	1851.562	0.200
6720.000	7.000	1851.562	0.200
6730.000	7.000	1851.562	0.200
6740.000	7.000	1873.047	0.207
6750.000	7.000	1873.047	0.207
6760.000	7.000	1873.047	0.207
6770.000	7.000	1847.656	0.205
6780.000	7.000	1847.656	0.205
6790.000	7.000	1847.656	0.205
6800.000	7.000	1857.422	0.198
6810.000	7.000	1857.422	0.198
6820.000	7.000	1857.422	0.198
6830.000	7.000	1888.672	0.217
6840.000	7.000	1888.672	0.217
6850.000	7.000	1888.672	0.217
6860.000	7.000	1890.625	0.191
6870.000	7.000	1890.625	0.191
6880.000	7.000	1890.625	0.191
6890.000	7.000	1878.906	0.208
6900.000	7.000	1878.906	0.208
6910.000	7.000	1878.906	0.208
6920.000	7.000	1869.141	0.181
6930.000	7.000	1869.141	0.181
6940.000	7.000	1869.141	0.181
6950.000	7.000	1902.344	0.196
6960.000	7.000	1902.344	0.196
6970.000	7.000	1902.344	0.196
6980.000	7.000	1910.156	0.187
6990.000	7.000	1910.156	0.187
7000.000	7.000	1910.156	0.187
7010.000	7.000	1898.437	0.200
7020.000	7.000	1898.437	0.200
7030.000	7.000	1898.437	0.200
7040.000	7.000	1935.547	0.210
7050.000	7.000	1935.547	0.210
7060.000	7.000	1935.547	0.210
7070.000	7.000	1935.547	0.196
7080.000	7.000	1935.547	0.196
7090.000	7.000	1935.547	0.196
7100.000	7.000	1957.031	0.209
7110.000	7.000	1957.031	0.209
7120.000	7.000	1957.031	0.209
7130.000	7.000	1949.219	0.210
7140.000	7.000	1949.219	0.210
7150.000	7.000	1949.219	0.210
7160.000	7.000	1925.781	0.197
7170.000	7.000	1925.781	0.197
7180.000	7.000	1925.781	0.197
7190.000	7.000	1941.406	0.189
7200.000	7.000	1941.406	0.189
7210.000	7.000	1941.406	0.189
7220.000	7.000	1945.312	0.193
7230.000	7.000	1945.312	0.193
7240.000	7.000	1945.312	0.193
7250.000	7.000	1986.328	0.206
7260.000	7.000	1986.328	0.206
7270.000	7.000	1986.328	0.206
7280.000	7.000	1957.031	0.195
7290.000	7.000	1957.031	0.195
7300.000	7.000	1957.031	0.195
7310.000	7.000	2007.812	0.191
7320.000	7.000	2007.812	0.191
7330.000	7.000	2007.812	0.191
7340.000	7.000	2031.250	0.202
7350.000	7.000	2031.250	0.202
7360.000	7.000	2031.250	0.202
7370.000	7.000	1998.047	0.172
7380.000	7.000	1998.047	0.172
7390.000	7.000	1998.047	0.172
7400.000	7.000	1986.328	0.184
7410.000	7.000	1986.328	0.184
7420.000	7.000	1986.328	0.184
7430.000	7.000	1988.281	0.184
7440.000	7.000	1988.281	0.184
7450.000	7.000	1988.281	0.184
7460.000	7.000	2037.109	0.205
7470.000	7.000	2037.109	0.205
7480.000	7.000	2037.109	0.205
7490.000	7.000	2013.672	0.200
7500.000	7.000	2013.672	0.200
7510.000	7.000	2013.672	0.200
7520.000	7.000	2033.203	0.187
7530.000	7.000	2033.203	0.187
7540.000	7.000	2033.203	0.187
7550.000	7.000	2033.203	0.216
7560.000	7.000	2033.203	0.216
7570.000	7.000	2033.203	0.216
7580.000	7.000	2023.437	0.205
7590.000	7.000	2023.437	0.205
7600.000	7.000	2023.437	0.205
7610.000	7.000	2072.266	0.202
7620.000	7.000	2072.266	0.202
7630.000	7.000	2072.266	0.202
7640.000	7.000	2052.734	0.201
7650.000	7.000	2052.734	0.201
7660.000	7.000	2052.734	0.201
7670.000	7.000	2054.687	0.206
7680.000	7.000	2054.687	0.206
7690.000	7.000	2054.687	0.206
7700.000	7.000	2041.016	0.210
7710.000	7.000	2041.016	0.210
7720.000	7.000	2041.016	0.210
7730.000	7.000	2087.891	0.188
7740.000	7.000	2087.891	0.188
7750.000	7.000	2087.891	0.188
7760.000	7.000	2117.187	0.183
7770.000	7.000	2117.187	0.183
7780.000	7.000	2117.187	0.183
7790.000	7.000	2078.125	0.200
7800.000	7.000	2078.125	0.200
7810.000	7.000	2078.125	0.200
7820.000	7.000	2119.141	0.186
7830.000	7.000	2119.141	0.186
7840.000	7.000	2119.141	0.186
7850.000	7.000	2101.562	0.196
7860.000	7.000	2101.562	0.196
7870.000	7.000	2101.562	0.196
7880.000	7.000	2136.719	0.169
7890.000	7.000	2136.719	0.169
7900.000	7.000	2136.719	0.169
7910.000	7.000	2138.672	0.192
7920.000	7.000	2138.672	0.192
7930.000	7.000	2138.672	0.192
7940.000	7.000	2164.062	0.195
7950.000	7.000	2164.062	0.195
7960.000	7.000	2164.062	0.195
7970.000	7.000	2125.000	0.194
7980.000	7.000	2125.000	0.194
7990.000	7.000	2125.000	0.194
8000.000	7.000	2138.672	0.211
8010.000	7.000	2138.672	0.211
8020.000	7.000	2138.672	0.211
8030.000	7.000	2134.766	0.176
8040.000	7.000	2134.766	0.176
8050.000	7.000	2134.766	0.176
8060.000	7.000	2132.812	0.198
8070.000	7.000	2132.812	0.198
8080.000	7.000	2132.812	0.198
8090.000	7.000	2156.250	0.194
8100.000	7.000	2156.250	0.194
8110.000	7.000	2156.250	0.194
8120.000	7.000	2144.531	0.196
8130.000	7.000	2144.531	0.196
8140.000	7.000	2144.531	0.196
8150.000	7.000	2185.547	0.181
8160.000	7.000	2185.547	0.181
8170.000	7.000	2185.547	0.181
8180.000	7.000	2181.641	0.205
8190.000	7.000	2181.641	0.205
8200.000	7.000	2181.641	0.205
8210.000	7.000	2181.641	0.178
8220.000	7.000	2181.641	0.178
8230.000	7.000	2181.641	0.178
8240.000	7.000	2205.078	0.202
8250.000	7.000	2205.078	0.202
8260.000	7.000	2205.078	0.202
8270.000	7.000	2193.359	0.170
8280.000	7.000	2193.359	0.170
8290.000	7.000	2193.359	0.170
8300.000	7.000	2193.359	0.167
8310.000	7.000	2193.359	0.167
8320.000	7.000	2193.359	0.167
8330.000	7.000	2218.750	0.187
8340.000	7.000	2218.750	0.187
8350.000	7.000	2218.750	0.187
8360.000	7.000	2232.422	0.208
8370.000	7.000	2232.422	0.208
8380.000	7.000	2232.422	0.208
8390.000	7.000	2250.000	0.187
8400.000	7.000	2250.000	0.187
8410.000	7.000	2250.000	0.187
8420.000	7.000	2214.844	0.203
8430.000	7.000	2214.844	0.203
8440.000	7.000	2214.844	0.203
8450.000	7.000	2250.000	0.188
8460.000	7.000	2250.000	0.188
8470.000	7.000	2250.000	0.188
8480.000	7.000	2248.047	0.190
8490.000	7.000	2248.047	0.190
8500.000	7.000	2248.047	0.190
8510.000	7.000	2265.625	0.193
8520.000	7.000	2265.625	0.193
8530.000	7.000	2265.625	0.193
8540.000	7.000	2257.812	0.214
8550.000	7.000	2257.812	0.214
8560.000	7.000	2257.812	0.214
8570.000	7.000	2261.719	0.189
8580.000	7.000	2261.719	0.189
8590.000	7.000	2261.719	0.189
8600.000	7.000	2259.766	0.195
8610.000	7.000	2259.766	0.195
8620.000	7.000	2259.766	0.195
8630.000	7.000	2291.016	0.190
8640.000	7.000	2291.016	0.190
8650.000	7.000	2291.016	0.190
8660.000	7.000	2281.250	0.190
8670.000	7.000	2281.250	0.190
8680.000	7.000	2281.250	0.190
8690.000	7.000	2261.719	0.202
8700.000	7.000	2261.719	0.202
8710.000	7.000	2261.719	0.202
8720.000	7.000	2304.687	0.182
8730.000	7.000	2304.687	0.182
8740.000	7.000	2304.687	0.182
8750.000	7.000	2324.219	0.181
8760.000	7.000	2324.219	0.181
8770.000	7.000	2324.219	0.181
8780.000	7.000	2294.922	0.207
8790.000	7.000	2294.922	0.207
8800.000	7.000	2294.922	0.207
8810.000	7.000	2363.281	0.184
8820.000	7.000	2363.281	0.184
8830.000	7.000	2363.281	0.184
8840.000	7.000	2343.750	0.187
8850.000	7.000	2343.750	0.187
8860.000	7.000	2343.750	0.187
8870.000	7.000	2322.266	0.188
8880.000	7.000	2322.266	0.188
8890.000	7.000	2322.266	0.188
8900.000	7.000	2332.031	0.192
8910.000	7.000	2332.031	0.192
8920.000	7.000	2332.031	0.192
8930.000	7.000	2349.609	0.189
8940.000	7.000	2349.609	0.189
8950.000	7.000	2349.609	0.189
8960.000	7.000	2359.375	0.192
8970.000	7.000	2359.375	0.192
8980.000	7.000	2359.375	0.192
8990.000	7.000	2369.141	0.214
9000.000	7.000	2369.141	0.214
9010.000	7.000	2369.141	0.214
9020.000	7.000	2373.047	0.173
9030.000	7.000	2373.047	0.173
9040.000	7.000	2373.047	0.173
9050.000	7.000	2398.437	0.187
9060.000	7.000	2398.437	0.187
9070.000	7.000	2398.437	0.187
9080.000	7.000	2386.719	0.190
9090.000	7.000	2386.719	0.190
9100.000	7.000	2386.719	0.190
9110.000	7.000	2398.437	0.195
9120.000	7.000	2398.437	0.195
9130.000	7.000	2398.437	0.195
9140.000	7.000	2404.297	0.176
9150.000	7.000	2404.297	0.176
9160.000	7.000	2404.297	0.176
9170.000	7.000	2382.812	0.187
9180.000	7.000	2382.812	0.187
9190.000	7.000	2382.812	0.187
9200.000	7.000	2378.906	0.199
9210.000	7.000	2378.906	0.199
9220.000	7.000	2378.906	0.199
9230.000	7.000	2427.734	0.199
9240.000	7.000	2427.734	0.199
9250.000	7.000	2427.734	0.199
9260.000	7.000	2410.156	0.202
9270.000	7.000	2410.156	0.202
9280.000	7.000	2410.156	0.202
9290.000	7.000	2439.453	0.192
9300.000	7.000	2439.453	0.192
9310.000	7.000	2439.453	0.192
9320.000	7.000	2421.875	0.210
9330.000	7.000	2421.875	0.210
9340.000	7.000	2421.875	0.210
9350.000	7.000	2443.359	0.197
9360.000	7.000	2443.359	0.197
9370.000	7.000	2443.359	0.197
9380.000	7.000	2449.219	0.190
9390.000	7.000	2449.219	0.190
9400.000	7.000	2449.219	0.190
9410.000	7.000	2449.219	0.189
9420.000	7.000	2449.219	0.189
9430.000	7.000	2449.219	0.189
9440.000	7.000	2419.922	0.200
9450.000	7.000	2419.922	0.200
9460.000	7.000	2419.922	0.200
9470.000	7.000	2478.516	0.182
9480.000	7.000	2478.516	0.182
9490.000	7.000	2478.516	0.182
9500.000	7.000	2455.078	0.197
9510.000	7.000	2455.078	0.197
9520.000	7.000	2455.078	0.197
9530.000	7.000	2472.656	0.190
9540.000	7.000	2472.656	0.190
9550.000	7.000	2472.656	0.190
9560.000	7.000	2490.234	0.206
9570.000	7.000	2490.234	0.206
9580.000	7.000	2490.234	0.206
9590.000	7.000	2509.766	0.200
9600.000	7.000	2509.766	0.200
9610.000	7.000	2509.766	0.200
9620.000	7.000	2507.812	0.200
9630.000	7.000	2507.812	0.200
9640.000	7.000	2507.812	0.200
9650.000	7.000	2488.281	0.171
9660.000	7.000	2488.281	0.171
9670.000	7.000	2488.281	0.171
9680.000	7.000	2527.344	0.206
9690.000	7.000	2527.344	0.206
9700.000	7.000	2527.344	0.206
9710.000	7.000	2496.094	0.204
9720.000	7.000	2496.094	0.204
9730.000	7.000	2496.094	0.204
9740.000	7.000	2498.047	0.172
9750.000	7.000	2498.047	0.172
9760.000	7.000	2498.047	0.172
9770.000	7.000	2507.812	0.187
9780.000	7.000	2507.812	0.187
9790.000	7.000	2507.812	0.187
9800.000	7.000	2529.297	0.200
9810.000	7.000	2529.297	0.200
9820.000	7.000	2529.297	0.200
9830.000	7.000	2544.922	0.205
9840.000	7.000	2544.922	0.205
9850.000	7.000	2544.922	0.205
9860.000	7.000	2529.297	0.196
9870.000	7.000	2529.297	0.196
9880.000	7.000	2529.297	0.196
9890.000	7.000	2529.297	0.204
9900.000	7.000	2529.297	0.204
9910.000	7.000	2529.297	0.204
9920.000	7.000	2562.500	0.197
9930.000	7.000	2562.500	0.197
9940.000	7.000	2562.500	0.197
9950.000	7.000	2568.359	0.217
9960.000	7.000	2568.359	0.217
9970.000	7.000	2568.359	0.217
9980.000	7.000	2568.359	0.195
9990.000	7.000	2568.359	0.195
10000.000	7.000	2568.359	0.195
10010.000	7.000	2585.937	0.171
10020.000	7.000	2585.937	0.171
10030.000	7.000	2585.937	0.171
10040.000	7.000	2564.453	0.201
10050.000	7.000	2564.453	0.201
10060.000	7.000	2564.453	0.201
10070.000	7.000	2605.469	0.206
10080.000	7.000	2605.469	0.206
10090.000	7.000	2605.469	0.206
10100.000	7.000	2605.469	0.200
10110.000	7.000	2605.469	0.200
10120.000	7.000	2605.469	0.200
10130.000	7.000	2568.359	0.185
10140.000	7.000	2568.359	0.185
10150.000	7.000	2568.359	0.185
10160.000	7.000	2607.422	0.216
10170.000	7.000	2607.422	0.216
10180.000	7.000	2607.422	0.216
10190.000	7.000	2599.609	0.177
10200.000	7.000	2599.609	0.177
10210.000	7.000	2599.609	0.177
10220.000	7.000	2611.328	0.196
10230.000	7.000	2611.328	0.196
10240.000	7.000	2611.328	0.196
10250.000	7.000	2589.844	0.205
10260.000	7.000	2589.844	0.205
10270.000	7.000	2589.844	0.205
10280.000	7.000	2609.375	0.186
10290.000	7.000	2609.375	0.186
10300.000	7.000	2609.375	0.186
10310.000	7.000	2619.141	0.201
10320.000	7.000	2619.141	0.201
10330.000	7.000	2619.141	0.201
10340.000	7.000	2630.859	0.199
10350.000	7.000	2630.859	0.199
10360.000	7.000	2630.859	0.199
10370.000	7.000	2644.531	0.207
10380.000	7.000	2644.531	0.207
10390.000	7.000	2644.531	0.207
10400.000	7.000	2623.047	0.178
10410.000	7.000	2623.047	0.178
10420.000	7.000	2623.047	0.178
10430.000	7.000	2630.859	0.189
10440.000	7.000	2630.859	0.189
10450.000	7.000	2630.859	0.189
10460.000	7.000	2677.734	0.205
10470.000	7.000	2677.734	0.205
10480.000	7.000	2677.734	0.205
10490.000	7.000	2666.016	0.187
10500.000	7.000	2666.016	0.187
10510.000	7.000	2666.016	0.187
10520.000	7.000	2654.297	0.177
10530.000	7.000	2654.297	0.177
10540.000	7.000	2654.297	0.177
10550.000	7.000	2683.594	0.189
10560.000	7.000	2683.594	0.189
10570.000	7.000	2683.594	0.189
10580.000	7.000	2693.359	0.202
10590.000	7.000	2693.359	0.202
10600.000	7.000	2693.359	0.202
10610.000	7.000	2664.062	0.187
10620.000	7.000	2664.062	0.187
10630.000	7.000	2664.062	0.187
10640.000	7.000	2703.125	0.193
10650.000	7.000	2703.125	0.193
10660.000	7.000	2703.125	0.193
10670.000	7.000	2681.641	0.183
10680.000	7.000	2681.641	0.183
10690.000	7.000	2681.641	0.183
10700.000	7.000	2708.984	0.190
10710.000	7.000	2708.984	0.190
10720.000	7.000	2708.984	0.190
10730.000	7.000	2675.781	0.187
10740.000	7.000	2675.781	0.187
10750.000	7.000	2675.781	0.187
10760.000	7.000	2705.078	0.178
10770.000	7.000	2705.078	0.178
10780.000	7.000	2705.078	0.178
10790.000	7.000	2724.609	0.204
10800.000	7.000	2724.609	0.204
10810.000	7.000	2724.609	0.204
10820.000	7.000	2685.547	0.195
10830.000	7.000	2685.547	0.195
10840.000	7.000	2685.547	0.195
10850.000	7.000	2720.703	0.189
10860.000	7.000	2720.703	0.189
10870.000	7.000	2720.703	0.189
10880.000	7.000	2759.766	0.193
10890.000	7.000	2759.766	0.193
10900.000	7.000	2759.766	0.193
10910.000	7.000	2748.047	0.215
10920.000	7.000	2748.047	0.215
10930.000	7.000	2748.047	0.215
10940.000	7.000	2750.000	0.193
10950.000	7.000	2750.000	0.193
10960.000	7.000	2750.000	0.193
10970.000	7.000	2748.047	0.181
10980.000	7.000	2748.047	0.181
10990.000	7.000	2748.047	0.181
11000.000	7.000	2757.812	0.187
11010.000	7.000	2757.812	0.187
11020.000	7.000	2757.812	0.187
11030.000	7.000	2736.328	0.185
11040.000	7.000	2736.328	0.185
11050.000	7.000	2736.328	0.185
11060.000	7.000	2783.203	0.184
11070.000	7.000	2783.203	0.184
11080.000	7.000	2783.203	0.184
11090.000	7.000	2761.719	0.178
11100.000	7.000	2761.719	0.178
11110.000	7.000	2761.719	0.178
11120.000	7.000	2730.469	0.096
11130.000	7.000	2730.469	0.096
11140.000	7.000	2730.469	0.096
11150.000	7.000	2738.281	0.029
11160.000	7.000	2738.281	0.029
11170.000	7.000	2738.281	0.029
11180.000	7.000	2765.625	0.014
11190.000	7.000	2765.625	0.014
11200.000	7.000	2765.625	0.014
11210.000	7.000	2738.281	-0.032
11220.000	7.000	2738.281	-0.032
11230.000	7.000	2738.281	-0.032
11240.000	7.000	2728.516	-0.027
11250.000	7.000	2728.516	-0.027
11260.000	7.000	2728.516	-0.027
11270.000	7.000	2716.797	0.005
11280.000	7.000	2716.797	0.005
11290.000	7.000	2716.797	0.005
11300.000	7.000	2671.875	-0.026
11310.000	7.000	2671.875	-0.026
11320.000	7.000	2671.875	-0.026
11330.000	7.000	2691.406	-0.028
11340.000	7.000	2691.406	-0.028
11350.000	7.000	2691.406	-0.028
11360.000	7.000	2650.391	-0.015
11370.000	7.000	2650.391	-0.015
11380.000	7.000	2650.391	-0.015
11390.000	7.000	2669.922	-0.019
11400.000	7.000	2669.922	-0.019
11410.000	7.000	2669.922	-0.019
11420.000	7.000	2625.000	-0.047
11430.000	7.000	2625.000	-0.047
11440.000	7.000	2625.000	-0.047
11450.000	7.000	2630.859	-0.011
11460.000	7.000	2630.859	-0.011
11470.000	7.000	2630.859	-0.011
11480.000	7.000	2599.609	-0.013
11490.000	7.000	2599.609	-0.013
11500.000	7.000	2599.609	-0.013
11510.000	7.000	2572.266	-0.014
11520.000	7.000	2572.266	-0.014
11530.000	7.000	2572.266	-0.014
11540.000	7.000	2574.219	-0.021
11550.000	7.000	2574.219	-0.021
11560.000	7.000	2574.219	-0.021
11570.000	7.000	2537.109	-0.024
11580.000	7.000	2537.109	-0.024
11590.000	7.000	2537.109	-0.024
11600.000	7.000	2556.641	-0.009
11610.000	7.000	2556.641	-0.009
11620.000	7.000	2556.641	-0.009
11630.000	7.000	2515.625	-0.010
11640.000	7.000	2515.625	-0.010
11650.000	7.000	2515.625	-0.010
11660.000	7.000	2511.719	-0.026
11670.000	7.000	2511.719	-0.026
11680.000	7.000	2511.719	-0.026
11690.000	7.000	2498.047	-0.003
11700.000	7.000	2498.047	-0.003
11710.000	7.000	2498.047	-0.003
11720.000	7.000	2490.234	-0.021
11730.000	7.000	2490.234	-0.021
11740.000	7.000	2490.234	-0.021
11750.000	7.000	2472.656	-0.021
11760.000	7.000	2472.656	-0.021
11770.000	7.000	2472.656	-0.021
11780.000	7.000	2457.031	-0.010
11790.000	7.000	2457.031	-0.010
11800.000	7.000	2457.031	-0.010
11810.000	7.000	2464.844	-0.025
11820.000	7.000	2464.844	-0.025
11830.000	7.000	2464.844	-0.025
11840.000	7.000	2433.594	0.000
11850.000	7.000	2433.594	0.000
11860.000	7.000	2433.594	0.000
11870.000	7.000	2437.500	-0.029
11880.000	7.000	2437.500	-0.029
11890.000	7.000	2437.500	-0.029
11900.000	7.000	2406.250	-0.023
11910.000	7.000	2406.250	-0.023
11920.000	7.000	2406.250	-0.023
11930.000	7.000	2408.203	-0.022
11940.000	7.000	2408.203	-0.022
11950.000	7.000	2408.203	-0.022
11960.000	7.000	2361.328	-0.011
11970.000	7.000	2361.328	-0.011
11980.000	7.000	2361.328	-0.011
11990.000	7.000	2382.812	-0.027
12000.000	7.000	2382.812	-0.027
12010.000	7.000	2382.812	-0.027
12020.000	7.000	2382.812	-0.033
