%Time [ms]	Speed [rpm]	%3/11/20202:03 PM
0.000	0.000
10.000	126.709
20.000	126.636
30.000	126.782
40.000	126.782
50.000	126.636
60.000	126.489
70.000	126.489
80.000	126.343
90.000	126.343
100.000	126.343
110.000	126.123
120.000	125.977
130.000	124.691
140.000	123.520
150.000	122.421
160.000	120.956
170.000	119.980
180.000	117.856
190.000	114.094
200.000	110.358
210.000	105.890
220.000	100.763
230.000	96.865
240.000	91.445
250.000	85.086
260.000	78.494
270.000	71.268
280.000	64.896
290.000	59.828
300.000	50.965
310.000	50.965
320.000	46.937
330.000	40.622
340.000	40.622
350.000	39.583
360.000	37.899
370.000	37.899
380.000	37.826
390.000	37.500
400.000	37.500
410.000	37.207
420.000	37.280
430.000	37.280
440.000	37.427
450.000	37.427
460.000	37.427
470.000	37.500
480.000	37.354
490.000	37.354
500.000	37.354
510.000	37.354
520.000	37.354
530.000	37.207
540.000	37.354
550.000	37.354
560.000	37.207
570.000	36.914
580.000	36.914
590.000	37.280
600.000	37.280
610.000	37.280
620.000	37.207
630.000	37.087
640.000	37.087
650.000	36.941
660.000	36.867
670.000	37.014
680.000	36.941
690.000	37.014
700.000	36.867
710.000	36.794
720.000	36.794
730.000	37.134
740.000	37.207
750.000	36.914
760.000	37.280
770.000	37.061
780.000	37.207
790.000	37.207
800.000	36.841
810.000	37.134
820.000	37.207
830.000	37.207
840.000	37.134
850.000	37.280
860.000	37.207
870.000	37.061
880.000	37.354
890.000	37.134
900.000	37.134
910.000	37.280
920.000	37.061
930.000	37.207
940.000	37.207
950.000	37.061
960.000	37.240
970.000	37.253
980.000	37.204
990.000	37.204
1000.000	37.304
1010.000	37.336
1020.000	37.629
1030.000	37.410
1040.000	36.897
1050.000	37.597
1060.000	37.072
1070.000	37.205
1080.000	37.205
1090.000	36.814
1100.000	37.487
1110.000	37.015
1120.000	36.869
1130.000	37.113
1140.000	36.926
1150.000	36.926
1160.000	37.052
1170.000	36.906
1180.000	36.906
1190.000	37.126
1200.000	36.938
1210.000	36.938
1220.000	37.085
1230.000	36.621
1240.000	36.621
1250.000	36.548
1260.000	36.255
1270.000	36.255
1280.000	36.548
1290.000	36.548
1300.000	36.548
1310.000	36.255
1320.000	36.182
1330.000	36.182
1340.000	36.108
1350.000	35.815
1360.000	35.815
1370.000	36.035
1380.000	36.182
1390.000	36.182
1400.000	35.742
1410.000	35.596
1420.000	35.596
1430.000	35.962
1440.000	35.449
1450.000	35.449
1460.000	35.522
1470.000	35.376
1480.000	35.376
1490.000	35.229
1500.000	35.449
1510.000	35.449
1520.000	35.303
1530.000	35.156
1540.000	35.156
1550.000	35.156
1560.000	34.863
1570.000	34.863
1580.000	34.937
1590.000	35.156
1600.000	34.937
1610.000	34.790
1620.000	34.863
1630.000	34.524
1640.000	34.524
1650.000	34.011
1660.000	34.304
1670.000	34.304
1680.000	34.157
1690.000	33.718
1700.000	34.638
1710.000	34.125
1720.000	34.152
1730.000	33.978
1740.000	34.345
1750.000	34.418
1760.000	34.328
1770.000	34.328
1780.000	34.502
1790.000	34.135
1800.000	33.289
1810.000	33.875
1820.000	33.816
1830.000	33.816
1840.000	33.816
1850.000	33.742
1860.000	33.319
1870.000	33.319
1880.000	33.512
1890.000	33.659
1900.000	33.659
1910.000	33.439
1920.000	33.179
1930.000	33.179
1940.000	33.032
1950.000	33.139
1960.000	32.626
1970.000	32.773
1980.000	32.773
1990.000	32.553
2000.000	32.626
2010.000	32.553
2020.000	32.406
2030.000	32.553
2040.000	32.480
2050.000	32.666
2060.000	32.812
2070.000	32.666
2080.000	32.666
2090.000	32.739
2100.000	32.520
2110.000	32.739
2120.000	32.593
2130.000	32.373
2140.000	32.666
2150.000	32.446
2160.000	32.633
2170.000	32.554
2180.000	32.790
2190.000	32.863
2200.000	32.863
2210.000	32.790
2220.000	32.716
2230.000	32.716
2240.000	32.863
2250.000	32.383
2260.000	32.383
2270.000	32.829
2280.000	32.227
2290.000	32.227
2300.000	32.446
2310.000	31.934
2320.000	32.273
2330.000	32.127
2340.000	31.834
2350.000	32.200
2360.000	31.907
2370.000	31.907
2380.000	32.127
2390.000	31.907
2400.000	31.980
2410.000	32.053
2420.000	31.934
2430.000	32.227
2440.000	32.153
2450.000	31.934
2460.000	32.227
2470.000	32.227
2480.000	32.080
2490.000	32.227
2500.000	32.373
2510.000	32.080
2520.000	32.080
2530.000	32.373
2540.000	32.007
2550.000	32.153
2560.000	32.446
2570.000	31.860
2580.000	32.756
2590.000	32.756
2600.000	32.096
2610.000	32.829
2620.000	32.829
2630.000	32.243
2640.000	32.682
2650.000	32.682
2660.000	32.463
2670.000	32.536
2680.000	32.536
2690.000	32.227
2700.000	32.080
2710.000	32.080
2720.000	32.300
2730.000	32.080
2740.000	32.080
2750.000	32.373
2760.000	32.153
2770.000	32.153
2780.000	32.373
2790.000	31.920
2800.000	32.067
2810.000	32.067
2820.000	31.994
2830.000	32.067
2840.000	31.920
2850.000	31.994
2860.000	31.920
2870.000	31.774
2880.000	32.067
2890.000	31.934
2900.000	32.121
2910.000	32.487
2920.000	31.775
2930.000	31.848
2940.000	32.214
2950.000	31.628
2960.000	32.124
2970.000	32.417
2980.000	31.625
2990.000	32.089
3000.000	31.503
3010.000	32.069
3020.000	32.069
3030.000	31.703
3040.000	32.069
3050.000	31.719
3060.000	31.353
3070.000	31.353
3080.000	31.779
3090.000	31.128
3100.000	31.128
3110.000	31.494
3120.000	31.055
3130.000	31.055
3140.000	31.348
3150.000	30.981
3160.000	30.981
3170.000	31.128
3180.000	30.762
3190.000	30.762
3200.000	30.981
3210.000	30.688
3220.000	30.688
3230.000	30.762
3240.000	30.542
3250.000	30.542
3260.000	30.542
3270.000	30.396
3280.000	30.396
3290.000	30.542
3300.000	30.249
3310.000	30.249
3320.000	30.396
3330.000	30.029
3340.000	30.029
3350.000	30.322
3360.000	29.810
3370.000	29.810
3380.000	30.322
3390.000	29.663
3400.000	29.663
3410.000	29.956
3420.000	29.883
3430.000	29.883
3440.000	29.736
3450.000	29.883
3460.000	29.883
3470.000	29.663
3480.000	29.736
3490.000	29.736
3500.000	29.590
3510.000	29.370
3520.000	29.370
3530.000	29.150
3540.000	29.150
3550.000	29.150
3560.000	28.784
3570.000	29.077
3580.000	29.077
3590.000	28.711
3600.000	28.784
3610.000	28.784
3620.000	29.004
3630.000	28.564
3640.000	28.564
3650.000	28.784
3660.000	28.784
3670.000	28.784
3680.000	28.638
3690.000	28.418
3700.000	28.564
3710.000	28.491
3720.000	28.345
3730.000	28.105
3740.000	28.032
3750.000	28.178
3760.000	27.959
3770.000	28.219
3780.000	28.219
3790.000	27.973
3800.000	27.899
3810.000	27.899
3820.000	27.899
3830.000	28.188
3840.000	28.261
3850.000	27.782
3860.000	28.140
3870.000	27.806
3880.000	27.620
3890.000	27.866
3900.000	27.720
3910.000	27.573
3920.000	27.915
3930.000	27.720
3940.000	27.666
3950.000	27.633
3960.000	27.495
3970.000	27.202
3980.000	27.616
3990.000	27.982
4000.000	27.749
4010.000	27.749
4020.000	27.041
4030.000	27.188
4040.000	27.314
4050.000	27.534
4060.000	27.680
4070.000	27.656
4080.000	27.355
4090.000	26.942
4100.000	27.102
4110.000	27.395
4120.000	27.395
4130.000	27.395
4140.000	27.102
4150.000	27.029
4160.000	27.175
4170.000	26.907
4180.000	27.199
4190.000	27.100
4200.000	27.246
4210.000	26.880
4220.000	26.807
4230.000	27.246
4240.000	27.173
4250.000	27.246
4260.000	26.880
4270.000	27.173
4280.000	26.660
4290.000	26.807
4300.000	27.319
4310.000	27.026
4320.000	27.246
4330.000	26.880
4340.000	26.953
4350.000	26.807
4360.000	26.953
4370.000	27.173
4380.000	27.173
4390.000	27.173
4400.000	26.660
4410.000	26.953
4420.000	26.953
4430.000	26.880
4440.000	27.246
4450.000	27.100
4460.000	27.026
4470.000	26.660
4480.000	26.880
4490.000	26.880
4500.000	27.347
4510.000	27.258
4520.000	27.331
4530.000	27.331
4540.000	26.998
4550.000	26.998
4560.000	27.218
4570.000	27.364
4580.000	27.364
4590.000	27.145
4600.000	26.917
4610.000	26.897
4620.000	26.767
4630.000	27.133
4640.000	27.100
4650.000	27.230
4660.000	27.230
4670.000	27.050
4680.000	27.416
4690.000	27.489
4700.000	27.489
4710.000	27.343
4720.000	27.489
4730.000	27.050
4740.000	27.123
4750.000	27.489
4760.000	27.140
4770.000	27.393
4780.000	27.026
4790.000	27.026
4800.000	27.026
4810.000	27.246
4820.000	27.393
4830.000	27.173
4840.000	27.319
4850.000	26.880
4860.000	27.026
4870.000	27.393
4880.000	27.173
4890.000	27.466
4900.000	27.246
4910.000	27.100
4920.000	26.953
4930.000	27.246
4940.000	27.319
4950.000	27.173
4960.000	27.393
4970.000	26.733
4980.000	26.880
4990.000	27.026
5000.000	26.953
5010.000	27.246
5020.000	27.100
5030.000	27.026
5040.000	26.660
5050.000	26.807
5060.000	26.807
5070.000	26.880
5080.000	27.173
5090.000	26.587
5100.000	26.880
5110.000	26.440
5120.000	26.652
5130.000	26.872
5140.000	26.872
5150.000	27.018
5160.000	26.945
5170.000	26.945
5180.000	26.506
5190.000	26.579
5200.000	26.579
5210.000	26.652
5220.000	26.367
5230.000	26.367
5240.000	26.660
5250.000	26.294
5260.000	26.294
5270.000	26.074
5280.000	26.221
5290.000	26.074
5300.000	26.001
5310.000	25.854
5320.000	25.854
5330.000	26.147
5340.000	26.074
5350.000	26.074
5360.000	25.708
5370.000	25.781
5380.000	25.781
5390.000	25.781
5400.000	25.415
5410.000	25.415
5420.000	25.928
5430.000	25.635
5440.000	25.635
5450.000	25.415
5460.000	25.708
5470.000	25.269
5480.000	25.195
5490.000	25.195
5500.000	25.122
5510.000	25.163
5520.000	25.090
5530.000	25.090
5540.000	24.870
5550.000	24.870
5560.000	24.650
5570.000	25.236
5580.000	25.163
5590.000	25.163
5600.000	25.090
5610.000	24.756
5620.000	24.756
5630.000	24.683
5640.000	24.683
5650.000	24.683
5660.000	24.463
5670.000	24.316
5680.000	24.316
5690.000	24.097
5700.000	23.877
5710.000	23.877
5720.000	24.097
5730.000	23.877
5740.000	23.877
5750.000	23.730
5760.000	23.730
5770.000	23.730
5780.000	23.584
5790.000	23.657
5800.000	23.657
5810.000	23.511
5820.000	23.364
5830.000	23.364
5840.000	23.437
5850.000	23.145
5860.000	23.145
5870.000	23.291
5880.000	23.291
5890.000	23.145
5900.000	23.145
5910.000	23.291
5920.000	23.218
5930.000	23.218
5940.000	22.925
5950.000	22.845
5960.000	22.845
5970.000	22.845
5980.000	22.552
5990.000	22.739
6000.000	22.666
6010.000	22.653
6020.000	22.140
6030.000	22.140
6040.000	22.286
6050.000	22.439
6060.000	22.147
6070.000	22.073
6080.000	22.293
6090.000	22.033
6100.000	22.106
6110.000	21.826
6120.000	22.445
6130.000	22.445
6140.000	22.518
6150.000	22.445
6160.000	22.445
6170.000	22.298
6180.000	21.859
6190.000	21.859
6200.000	21.726
6210.000	21.799
6220.000	21.620
6230.000	21.400
6240.000	21.180
6250.000	21.473
6260.000	21.400
6270.000	21.473
6280.000	21.107
6290.000	21.620
6300.000	21.533
6310.000	21.826
6320.000	21.167
6330.000	21.313
6340.000	21.460
6350.000	21.387
6360.000	21.313
6370.000	21.167
6380.000	21.387
6390.000	21.167
6400.000	21.533
6410.000	20.801
6420.000	21.240
6430.000	21.167
6440.000	21.167
6450.000	21.021
6460.000	21.021
6470.000	21.094
6480.000	20.947
6490.000	21.240
6500.000	20.581
6510.000	21.021
6520.000	20.947
6530.000	21.021
6540.000	20.874
6550.000	20.874
6560.000	20.947
6570.000	20.801
6580.000	21.094
6590.000	20.435
6600.000	20.874
6610.000	20.728
6620.000	21.037
6630.000	20.890
6640.000	20.704
6650.000	20.850
6660.000	20.704
6670.000	20.924
6680.000	20.370
6690.000	20.810
6700.000	20.617
6710.000	20.763
6720.000	20.527
6730.000	20.454
6740.000	21.031
6750.000	20.738
6760.000	20.818
6770.000	20.232
6780.000	20.566
6790.000	20.492
6800.000	21.003
6810.000	21.003
6820.000	20.676
6830.000	20.896
6840.000	20.359
6850.000	20.652
6860.000	20.475
6870.000	20.841
6880.000	20.781
6890.000	20.781
6900.000	20.537
6910.000	20.317
6920.000	21.042
6930.000	20.676
6940.000	20.902
6950.000	20.463
6960.000	20.634
6970.000	20.707
6980.000	20.921
6990.000	21.141
7000.000	20.775
7010.000	20.995
7020.000	20.816
7030.000	20.816
7040.000	20.736
7050.000	21.102
7060.000	21.102
7070.000	21.102
7080.000	20.654
7090.000	20.654
7100.000	21.094
7110.000	20.801
7120.000	21.027
7130.000	20.588
7140.000	20.588
7150.000	20.807
7160.000	20.889
7170.000	21.035
7180.000	20.702
7190.000	20.995
7200.000	20.702
7210.000	21.069
7220.000	21.054
7230.000	21.274
7240.000	21.287
7250.000	21.140
7260.000	21.059
7270.000	20.839
7280.000	21.245
7290.000	21.026
7300.000	21.319
7310.000	20.993
7320.000	21.075
7330.000	20.955
7340.000	21.015
7350.000	21.088
7360.000	20.941
7370.000	21.332
7380.000	21.039
7390.000	21.259
7400.000	20.860
7410.000	21.112
7420.000	20.779
7430.000	21.046
7440.000	21.046
7450.000	20.972
7460.000	21.119
7470.000	20.728
7480.000	21.094
7490.000	20.655
7500.000	20.907
7510.000	20.761
7520.000	21.094
7530.000	20.947
7540.000	20.874
7550.000	21.191
7560.000	21.045
7570.000	21.125
7580.000	20.539
7590.000	20.978
7600.000	20.759
7610.000	21.141
7620.000	20.995
7630.000	20.875
7640.000	21.021
7650.000	20.631
7660.000	20.777
7670.000	20.600
7680.000	20.893
7690.000	20.626
7700.000	20.846
7710.000	20.537
7720.000	20.537
7730.000	20.966
7740.000	20.746
7750.000	20.826
7760.000	20.419
7770.000	20.517
7780.000	20.397
7790.000	20.517
7800.000	20.590
7810.000	20.443
7820.000	20.753
7830.000	20.150
7840.000	20.170
7850.000	19.944
7860.000	20.204
7870.000	20.278
7880.000	20.544
7890.000	20.691
7900.000	20.158
7910.000	20.231
7920.000	19.775
7930.000	20.142
7940.000	20.504
7950.000	20.504
7960.000	20.451
7970.000	20.011
7980.000	19.865
7990.000	19.645
8000.000	19.885
8010.000	20.105
8020.000	20.031
8030.000	20.267
8040.000	19.519
8050.000	19.545
8060.000	19.525
8070.000	19.818
8080.000	19.892
8090.000	19.599
8100.000	19.599
8110.000	19.306
8120.000	19.452
8130.000	19.216
8140.000	19.436
8150.000	19.336
8160.000	19.116
8170.000	19.263
8180.000	19.116
8190.000	19.189
8200.000	19.409
8210.000	19.116
8220.000	19.043
8230.000	18.970
8240.000	18.823
8250.000	18.896
8260.000	18.823
8270.000	18.677
8280.000	18.677
8290.000	18.677
8300.000	18.384
8310.000	18.457
8320.000	18.530
8330.000	18.457
8340.000	18.384
8350.000	18.237
8360.000	18.384
8370.000	18.237
8380.000	18.311
8390.000	17.944
8400.000	17.871
8410.000	18.164
8420.000	17.944
8430.000	17.725
8440.000	17.798
8450.000	17.871
8460.000	17.944
8470.000	17.651
8480.000	17.432
8490.000	17.871
8500.000	17.651
8510.000	17.285
8520.000	17.285
8530.000	17.358
8540.000	17.505
8550.000	17.065
8560.000	16.919
8570.000	17.212
8580.000	16.772
8590.000	16.772
8600.000	17.065
8610.000	16.919
8620.000	16.846
8630.000	16.772
8640.000	16.626
8650.000	16.919
8660.000	16.699
8670.000	16.479
8680.000	16.772
8690.000	16.479
8700.000	16.333
8710.000	16.699
8720.000	16.260
8730.000	16.113
8740.000	16.187
8750.000	15.967
8760.000	16.187
8770.000	16.240
8780.000	15.727
8790.000	15.874
8800.000	15.947
8810.000	15.499
8820.000	16.012
8830.000	15.999
8840.000	15.543
8850.000	15.763
8860.000	15.603
8870.000	15.183
8880.000	15.769
8890.000	15.769
8900.000	15.314
8910.000	15.541
8920.000	15.315
8930.000	15.035
8940.000	15.418
8950.000	15.345
8960.000	15.130
8970.000	15.423
8980.000	14.997
8990.000	14.850
9000.000	15.257
9010.000	15.044
9020.000	14.978
9030.000	14.978
9040.000	14.685
9050.000	14.758
9060.000	14.620
9070.000	14.766
9080.000	15.119
9090.000	14.606
9100.000	14.435
9110.000	14.746
9120.000	14.600
9130.000	14.813
9140.000	14.886
9150.000	14.520
9160.000	14.520
9170.000	14.381
9180.000	14.308
9190.000	14.481
9200.000	14.481
9210.000	14.384
9220.000	14.164
9230.000	14.024
9240.000	14.252
9250.000	14.252
9260.000	14.472
9270.000	14.171
9280.000	14.171
9290.000	13.971
9300.000	13.898
9310.000	13.824
9320.000	13.898
9330.000	14.044
9340.000	13.889
9350.000	13.816
9360.000	13.450
9370.000	13.596
9380.000	13.596
9390.000	13.696
9400.000	13.770
9410.000	13.550
9420.000	13.770
9430.000	13.403
9440.000	13.330
9450.000	13.477
9460.000	13.477
9470.000	13.550
9480.000	13.330
9490.000	13.550
9500.000	13.110
9510.000	13.110
9520.000	13.330
9530.000	13.184
9540.000	13.257
9550.000	13.037
9560.000	13.403
9570.000	12.817
9580.000	12.891
9590.000	12.817
9600.000	13.110
9610.000	12.964
9620.000	12.671
9630.000	13.184
9640.000	12.744
9650.000	12.809
9660.000	12.516
9670.000	12.962
9680.000	12.596
9690.000	12.743
9700.000	12.669
9710.000	12.881
9720.000	12.515
9730.000	12.242
9740.000	12.681
9750.000	12.470
9760.000	12.543
9770.000	12.447
9780.000	12.959
9790.000	12.433
9800.000	12.360
9810.000	12.075
9820.000	12.661
9830.000	12.454
9840.000	12.381
9850.000	12.341
9860.000	12.487
9870.000	12.064
9880.000	11.845
9890.000	12.200
9900.000	12.419
9910.000	12.186
9920.000	12.040
9930.000	12.300
9940.000	12.154
9950.000	11.974
9960.000	11.828
9970.000	12.267
9980.000	12.251
9990.000	12.129
10000.000	11.862
10010.000	12.388
10020.000	11.843
10030.000	11.843
10040.000	11.843
10050.000	12.136
10060.000	12.136
10070.000	11.990
10080.000	12.226
10090.000	12.226
10100.000	11.979
10110.000	11.833
10120.000	11.833
10130.000	12.158
10140.000	11.792
10150.000	11.792
10160.000	11.865
10170.000	11.792
10180.000	11.792
10190.000	11.572
10200.000	11.792
10210.000	12.025
10220.000	11.805
10230.000	11.659
10240.000	11.879
10250.000	12.180
10260.000	11.887
10270.000	11.554
10280.000	11.773
10290.000	11.993
10300.000	11.773
10310.000	11.907
10320.000	12.053
10330.000	12.066
10340.000	11.773
10350.000	11.814
10360.000	11.814
10370.000	12.147
10380.000	11.927
10390.000	11.927
10400.000	12.147
10410.000	11.854
10420.000	11.854
10430.000	11.768
10440.000	12.134
10450.000	12.134
10460.000	11.865
10470.000	12.085
10480.000	12.085
10490.000	11.892
10500.000	11.599
10510.000	11.526
10520.000	11.745
10530.000	11.892
10540.000	11.672
10550.000	11.745
10560.000	12.038
10570.000	11.892
10580.000	11.672
10590.000	11.792
10600.000	12.231
10610.000	12.085
10620.000	12.085
10630.000	12.012
10640.000	12.451
10650.000	12.085
10660.000	11.938
10670.000	11.865
10680.000	12.305
10690.000	12.012
10700.000	11.938
10710.000	12.467
10720.000	12.101
10730.000	11.882
10740.000	11.955
10750.000	11.955
10760.000	12.321
10770.000	12.174
10780.000	12.115
10790.000	12.188
10800.000	12.334
10810.000	12.115
10820.000	11.805
10830.000	12.399
10840.000	12.399
10850.000	12.253
10860.000	12.473
10870.000	12.473
10880.000	12.313
10890.000	12.240
10900.000	11.980
10910.000	12.574
10920.000	12.354
10930.000	12.314
10940.000	11.940
10950.000	12.453
10960.000	12.013
10970.000	11.997
10980.000	11.997
10990.000	12.370
11000.000	12.190
11010.000	11.962
11020.000	12.035
11030.000	12.531
11040.000	12.311
11050.000	12.112
11060.000	12.258
11070.000	12.421
11080.000	12.274
11090.000	12.341
11100.000	12.780
11110.000	12.594
11120.000	12.447
11130.000	12.065
11140.000	12.504
11150.000	12.460
11160.000	12.387
11170.000	12.387
11180.000	12.826
11190.000	12.314
11200.000	12.120
11210.000	12.087
11220.000	12.396
11230.000	12.396
11240.000	12.270
11250.000	12.221
11260.000	12.294
11270.000	12.001
11280.000	11.928
11290.000	12.221
11300.000	12.268
11310.000	12.194
11320.000	11.958
11330.000	12.398
11340.000	12.231
11350.000	12.158
11360.000	11.938
11370.000	12.524
11380.000	12.158
11390.000	12.158
11400.000	12.085
11410.000	12.598
11420.000	12.158
11430.000	12.012
11440.000	12.085
11450.000	12.451
11460.000	12.240
11470.000	12.240
11480.000	12.386
11490.000	12.533
11500.000	12.313
11510.000	12.093
11520.000	12.386
11530.000	12.339
11540.000	12.193
11550.000	12.046
11560.000	12.559
11570.000	12.234
11580.000	12.087
11590.000	11.828
11600.000	12.340
11610.000	12.047
11620.000	11.974
11630.000	12.159
11640.000	12.598
11650.000	12.146
11660.000	11.926
11670.000	11.877
11680.000	12.317
11690.000	12.243
11700.000	12.023
11710.000	12.129
11720.000	12.349
11730.000	11.845
11740.000	11.698
11750.000	12.053
11760.000	12.053
11770.000	12.053
11780.000	11.907
11790.000	12.167
11800.000	12.167
11810.000	11.914
11820.000	11.987
11830.000	11.987
11840.000	12.134
11850.000	11.719
11860.000	11.719
11870.000	11.938
11880.000	11.792
11890.000	11.792
11900.000	11.646
11910.000	11.938
11920.000	11.938
11930.000	11.719
11940.000	11.865
11950.000	11.865
11960.000	11.865
11970.000	11.499
11980.000	11.499
11990.000	11.646
12000.000	11.646
12010.000	11.646
12020.000	11.572
12030.000	11.719
12040.000	11.719
12050.000	11.499
12060.000	11.499
12070.000	11.499
12080.000	11.646
12090.000	11.353
12100.000	11.353
12110.000	11.499
12120.000	11.426
12130.000	11.426
12140.000	11.353
12150.000	11.499
12160.000	11.499
12170.000	11.426
12180.000	11.353
12190.000	11.353
12200.000	11.353
12210.000	10.840
12220.000	10.840
12230.000	11.206
12240.000	11.353
12250.000	11.353
12260.000	10.767
12270.000	11.060
12280.000	11.060
12290.000	11.279
12300.000	10.913
12310.000	10.913
12320.000	11.060
12330.000	11.060
12340.000	11.060
12350.000	10.693
12360.000	11.060
12370.000	10.873
12380.000	11.020
12390.000	10.434
12400.000	10.800
12410.000	10.686
12420.000	10.906
12430.000	10.386
12440.000	10.533
12450.000	10.606
12460.000	10.606
12470.000	10.613
12480.000	10.320
12490.000	10.580
12500.000	10.287
12510.000	10.474
12520.000	10.108
12530.000	10.286
12540.000	10.286
12550.000	10.259
12560.000	10.186
12570.000	9.779
12580.000	10.072
12590.000	9.959
12600.000	10.105
12610.000	9.885
12620.000	9.820
12630.000	10.016
12640.000	9.783
12650.000	9.956
12660.000	9.663
12670.000	9.663
12680.000	9.785
12690.000	9.638
12700.000	9.678
12710.000	9.459
12720.000	9.450
12730.000	9.304
12740.000	9.415
12750.000	9.342
12760.000	9.335
12770.000	9.262
12780.000	9.066
12790.000	9.140
12800.000	9.051
12810.000	9.271
12820.000	9.131
12830.000	9.058
12840.000	8.960
12850.000	8.740
12860.000	9.162
12870.000	9.162
12880.000	8.802
12890.000	8.876
12900.000	8.631
12910.000	8.558
12920.000	8.869
12930.000	8.576
12940.000	8.563
12950.000	8.489
12960.000	8.001
12970.000	8.367
12980.000	8.434
12990.000	8.014
13000.000	8.088
13010.000	8.031
13020.000	8.006
13030.000	8.006
13040.000	7.946
13050.000	7.727
13060.000	7.727
13070.000	7.580
13080.000	7.853
13090.000	7.853
13100.000	7.853
13110.000	7.397
13120.000	7.397
13130.000	7.324
13140.000	7.324
13150.000	7.324
13160.000	7.471
13170.000	7.104
13180.000	7.104
13190.000	6.958
13200.000	7.031
13210.000	7.031
13220.000	7.178
13230.000	7.031
13240.000	7.031
13250.000	6.812
13260.000	6.592
13270.000	6.592
13280.000	6.592
13290.000	6.519
13300.000	6.519
13310.000	6.592
13320.000	5.933
13330.000	5.933
13340.000	6.152
13350.000	6.299
13360.000	6.226
13370.000	6.079
13380.000	6.372
13390.000	6.179
13400.000	5.740
13410.000	5.593
13420.000	5.740
13430.000	5.878
13440.000	5.658
13450.000	5.538
13460.000	5.685
13470.000	5.685
13480.000	5.319
13490.000	5.341
13500.000	5.487
13510.000	5.640
13520.000	5.567
13530.000	5.356
13540.000	5.429
13550.000	5.695
13560.000	5.402
13570.000	5.182
13580.000	5.109
13590.000	5.060
13600.000	5.134
13610.000	4.980
13620.000	4.834
13630.000	4.834
13640.000	4.761
13650.000	4.687
13660.000	4.687
13670.000	4.687
13680.000	4.614
13690.000	4.614
13700.000	4.541
13710.000	4.541
13720.000	4.614
13730.000	4.468
13740.000	4.395
13750.000	4.248
13760.000	4.248
13770.000	4.248
13780.000	4.248
13790.000	4.134
13800.000	3.821
13810.000	3.675
13820.000	3.601
13830.000	3.748
13840.000	3.601
13850.000	3.382
13860.000	3.235
13870.000	3.162
13880.000	3.235
13890.000	3.276
13900.000	3.516
13910.000	3.475
13920.000	3.328
13930.000	3.089
13940.000	3.016
13950.000	2.942
13960.000	2.869
13970.000	2.902
13980.000	2.902
13990.000	2.802
14000.000	2.655
14010.000	2.549
14020.000	2.549
14030.000	2.594
14040.000	2.594
14050.000	2.640
14060.000	2.714
14070.000	2.681
14080.000	2.608
14090.000	2.586
14100.000	2.512
14110.000	2.426
14120.000	2.353
14130.000	2.255
14140.000	2.182
14150.000	2.078
14160.000	1.932
14170.000	1.838
14180.000	1.692
14190.000	1.668
14200.000	1.741
14210.000	1.770
14220.000	1.844
14230.000	1.830
14240.000	1.830
14250.000	1.741
14260.000	1.741
14270.000	1.704
14280.000	1.631
14290.000	1.544
14300.000	1.398
14310.000	1.308
14320.000	1.235
14330.000	1.183
14340.000	1.183
14350.000	1.243
14360.000	1.243
14370.000	1.227
14380.000	1.227
14390.000	1.256
14400.000	1.183
14410.000	1.110
14420.000	1.036
14430.000	1.028
14440.000	0.882
14450.000	0.830
14460.000	0.684
14470.000	0.610
14480.000	0.537
14490.000	0.374
14500.000	0.301
14510.000	0.301
14520.000	0.155
14530.000	0.155
14540.000	0.155
14550.000	0.073
14560.000	0.073
14570.000	-0.000
