%Time [ms]	Speed [rpm]	%3/11/20202:07 PM
0.000	0.000
10.000	126.123
20.000	125.830
30.000	125.830
40.000	125.903
50.000	126.123
60.000	125.324
70.000	125.178
80.000	125.251
90.000	124.811
100.000	126.431
110.000	126.284
120.000	124.846
130.000	124.333
140.000	123.528
150.000	121.697
160.000	122.007
170.000	119.737
180.000	116.454
190.000	112.939
200.000	107.437
210.000	102.750
220.000	99.273
230.000	93.926
240.000	87.188
250.000	80.962
260.000	73.394
270.000	67.242
280.000	61.369
290.000	55.762
300.000	50.195
310.000	45.874
320.000	40.755
330.000	37.533
340.000	35.921
350.000	33.944
360.000	32.625
370.000	32.422
380.000	31.982
390.000	31.590
400.000	32.176
410.000	31.590
420.000	31.883
430.000	32.713
440.000	32.054
450.000	32.387
460.000	32.460
470.000	31.712
480.000	32.078
490.000	32.633
500.000	32.486
510.000	32.559
520.000	32.413
530.000	31.949
540.000	32.096
550.000	32.170
560.000	32.536
570.000	32.323
580.000	31.957
590.000	31.981
600.000	31.615
610.000	32.103
620.000	32.542
630.000	32.030
640.000	32.176
650.000	32.062
660.000	31.696
670.000	32.251
680.000	32.397
690.000	32.151
700.000	32.078
710.000	31.736
720.000	31.883
730.000	31.809
740.000	31.736
750.000	32.029
760.000	32.135
770.000	31.720
780.000	31.826
790.000	31.413
800.000	31.560
810.000	31.926
820.000	31.511
830.000	32.244
840.000	32.244
850.000	31.511
860.000	31.772
870.000	31.772
880.000	31.299
890.000	31.592
900.000	32.031
910.000	31.445
920.000	31.714
930.000	31.714
940.000	30.908
950.000	31.567
960.000	31.567
970.000	30.908
980.000	31.128
990.000	31.248
1000.000	30.515
1010.000	30.662
1020.000	31.028
1030.000	30.597
1040.000	30.816
1050.000	30.936
1060.000	30.277
1070.000	30.424
1080.000	30.570
1090.000	30.629
1100.000	30.849
1110.000	30.776
1120.000	30.190
1130.000	30.328
1140.000	30.182
1150.000	29.915
1160.000	30.355
1170.000	30.282
1180.000	30.233
1190.000	30.127
1200.000	29.854
1210.000	30.098
1220.000	30.025
1230.000	29.739
1240.000	30.300
1250.000	29.787
1260.000	29.787
1270.000	30.154
1280.000	29.397
1290.000	29.397
1300.000	29.597
1310.000	29.499
1320.000	29.499
1330.000	29.419
1340.000	29.004
1350.000	29.004
1360.000	29.077
1370.000	28.711
1380.000	28.711
1390.000	28.638
1400.000	28.564
1410.000	28.564
1420.000	28.418
1430.000	28.271
1440.000	28.271
1450.000	28.271
1460.000	28.052
1470.000	28.052
1480.000	28.125
1490.000	27.905
1500.000	27.905
1510.000	28.052
1520.000	27.979
1530.000	27.865
1540.000	27.719
1550.000	27.499
1560.000	27.499
1570.000	27.898
1580.000	27.678
1590.000	27.565
1600.000	27.199
1610.000	27.052
1620.000	27.052
1630.000	27.467
1640.000	27.760
1650.000	27.313
1660.000	27.167
1670.000	26.695
1680.000	26.695
1690.000	27.191
1700.000	27.264
1710.000	27.304
1720.000	27.052
1730.000	26.604
1740.000	26.604
1750.000	26.830
1760.000	26.684
1770.000	26.684
1780.000	27.123
1790.000	26.375
1800.000	26.375
1810.000	26.408
1820.000	26.147
1830.000	26.147
1840.000	26.001
1850.000	26.074
1860.000	26.074
1870.000	26.221
1880.000	26.221
1890.000	26.221
1900.000	25.781
1910.000	25.928
1920.000	25.928
1930.000	25.854
1940.000	25.488
1950.000	25.488
1960.000	26.074
1970.000	25.488
1980.000	25.595
1990.000	25.302
2000.000	25.595
2010.000	25.302
2020.000	25.302
2030.000	25.375
2040.000	25.229
2050.000	25.505
2060.000	25.066
2070.000	25.525
2080.000	25.053
2090.000	25.419
2100.000	25.199
2110.000	25.785
2120.000	25.565
2130.000	25.399
2140.000	25.472
2150.000	25.195
2160.000	25.122
2170.000	25.159
2180.000	25.672
2190.000	25.086
2200.000	25.232
2210.000	24.793
2220.000	25.306
2230.000	25.350
2240.000	25.570
2250.000	25.410
2260.000	25.483
2270.000	25.060
2280.000	24.987
2290.000	25.556
2300.000	25.410
2310.000	25.250
2320.000	24.811
2330.000	25.152
2340.000	24.786
2350.000	25.467
2360.000	25.467
2370.000	25.653
2380.000	25.287
2390.000	25.157
2400.000	25.157
2410.000	25.675
2420.000	25.309
2430.000	25.309
2440.000	25.675
2450.000	25.227
2460.000	25.227
2470.000	25.187
2480.000	25.480
2490.000	25.480
2500.000	25.527
2510.000	25.095
2520.000	25.388
2530.000	25.242
2540.000	25.095
2550.000	25.242
2560.000	25.095
2570.000	25.095
2580.000	24.876
2590.000	25.388
2600.000	25.269
2610.000	25.635
2620.000	25.415
2630.000	25.708
2640.000	25.562
2650.000	25.488
2660.000	25.488
2670.000	25.562
2680.000	25.342
2690.000	25.049
2700.000	25.488
2710.000	25.228
2720.000	25.374
2730.000	25.374
2740.000	25.488
2750.000	25.268
2760.000	25.414
2770.000	25.268
2780.000	25.414
2790.000	25.414
2800.000	25.121
2810.000	25.162
2820.000	24.869
2830.000	25.089
2840.000	24.976
2850.000	25.635
2860.000	25.195
2870.000	25.415
2880.000	25.342
2890.000	25.415
2900.000	25.480
2910.000	25.480
2920.000	25.480
2930.000	25.334
2940.000	25.334
2950.000	24.894
2960.000	25.114
2970.000	25.114
2980.000	25.334
2990.000	25.553
3000.000	25.553
3010.000	25.049
3020.000	25.049
3030.000	25.049
3040.000	25.195
3050.000	25.049
3060.000	24.669
3070.000	24.743
3080.000	24.523
3090.000	24.596
3100.000	24.303
3110.000	24.523
3120.000	24.376
3130.000	24.645
3140.000	24.498
3150.000	24.751
3160.000	24.618
3170.000	24.838
3180.000	24.691
3190.000	25.131
3200.000	24.984
3210.000	24.818
3220.000	24.672
3230.000	24.549
3240.000	24.330
3250.000	24.500
3260.000	24.646
3270.000	24.340
3280.000	24.267
3290.000	23.827
3300.000	24.047
3310.000	24.246
3320.000	24.100
3330.000	24.100
3340.000	24.246
3350.000	23.823
3360.000	23.823
3370.000	23.910
3380.000	23.910
3390.000	23.910
3400.000	23.763
3410.000	23.730
3420.000	23.730
3430.000	23.584
3440.000	23.437
3450.000	23.437
3460.000	23.511
3470.000	23.218
3480.000	23.218
3490.000	23.291
3500.000	23.218
3510.000	23.218
3520.000	22.925
3530.000	23.071
3540.000	23.071
3550.000	23.071
3560.000	22.852
3570.000	22.852
3580.000	22.852
3590.000	22.632
3600.000	22.632
3610.000	22.705
3620.000	22.705
3630.000	22.705
3640.000	22.266
3650.000	22.192
3660.000	22.192
3670.000	22.192
3680.000	21.826
3690.000	21.973
3700.000	21.826
3710.000	21.899
3720.000	21.680
3730.000	22.119
3740.000	22.119
3750.000	21.846
3760.000	22.066
3770.000	21.553
3780.000	21.846
3790.000	21.553
3800.000	21.553
3810.000	21.260
3820.000	21.114
3830.000	21.187
3840.000	21.114
3850.000	21.313
3860.000	21.484
3870.000	21.484
3880.000	21.118
3890.000	21.118
3900.000	21.118
3910.000	21.265
3920.000	21.265
3930.000	21.265
3940.000	21.265
3950.000	21.402
3960.000	20.938
3970.000	20.938
3980.000	20.958
3990.000	20.519
4000.000	20.893
4010.000	20.893
4020.000	20.767
4030.000	20.694
4040.000	20.327
4050.000	20.727
4060.000	20.043
4070.000	20.263
4080.000	20.243
4090.000	20.463
4100.000	20.463
4110.000	20.336
4120.000	20.463
4130.000	19.877
4140.000	20.096
4150.000	20.096
4160.000	20.463
4170.000	20.263
4180.000	20.043
4190.000	20.116
4200.000	19.669
4210.000	19.950
4220.000	19.804
4230.000	20.063
4240.000	20.063
4250.000	19.770
4260.000	19.770
4270.000	19.563
4280.000	19.783
4290.000	19.663
4300.000	19.809
4310.000	19.582
4320.000	19.215
4330.000	19.322
4340.000	19.322
4350.000	19.615
4360.000	19.615
4370.000	19.216
4380.000	19.216
4390.000	19.336
4400.000	19.409
4410.000	19.409
4420.000	19.336
4430.000	19.189
4440.000	19.189
4450.000	18.970
4460.000	19.116
4470.000	19.116
4480.000	19.043
4490.000	18.896
4500.000	18.896
4510.000	18.823
4520.000	18.823
4530.000	18.823
4540.000	18.823
4550.000	18.750
4560.000	18.750
4570.000	18.750
4580.000	18.677
4590.000	18.677
4600.000	18.677
4610.000	18.604
4620.000	18.604
4630.000	18.677
4640.000	18.677
4650.000	18.677
4660.000	18.677
4670.000	18.530
4680.000	18.497
4690.000	18.497
4700.000	18.497
4710.000	18.570
4720.000	18.424
4730.000	18.350
4740.000	18.424
4750.000	18.481
4760.000	18.481
4770.000	18.414
4780.000	18.447
4790.000	18.594
4800.000	18.521
4810.000	18.594
4820.000	18.667
4830.000	18.634
4840.000	18.634
4850.000	18.430
4860.000	18.357
4870.000	18.587
4880.000	18.660
4890.000	18.613
4900.000	18.393
4910.000	18.100
4920.000	18.320
4930.000	18.557
4940.000	18.703
4950.000	18.537
4960.000	18.390
4970.000	18.447
4980.000	18.447
4990.000	18.714
5000.000	18.714
5010.000	18.607
5020.000	18.680
5030.000	18.477
5040.000	18.331
5050.000	18.456
5060.000	18.530
5070.000	18.643
5080.000	18.569
5090.000	18.423
5100.000	18.350
5110.000	18.668
5120.000	18.814
5130.000	18.714
5140.000	18.714
5150.000	18.462
5160.000	18.535
5170.000	18.715
5180.000	18.642
5190.000	18.569
5200.000	18.748
5210.000	18.609
5220.000	18.569
5230.000	18.596
5240.000	18.669
5250.000	18.743
5260.000	18.881
5270.000	18.881
5280.000	18.788
5290.000	18.788
5300.000	18.706
5310.000	18.593
5320.000	18.828
5330.000	18.755
5340.000	18.755
5350.000	18.828
5360.000	18.690
5370.000	18.690
5380.000	18.783
5390.000	18.759
5400.000	18.759
5410.000	18.872
5420.000	18.945
5430.000	18.723
5440.000	18.723
5450.000	18.650
5460.000	18.723
5470.000	18.870
5480.000	18.943
5490.000	18.830
5500.000	18.683
5510.000	18.683
5520.000	18.683
5530.000	18.783
5540.000	18.783
5550.000	18.783
5560.000	18.783
5570.000	18.490
5580.000	18.490
5590.000	18.742
5600.000	18.888
5610.000	18.775
5620.000	18.702
5630.000	18.629
5640.000	18.702
5650.000	18.800
5660.000	18.800
5670.000	18.873
5680.000	18.800
5690.000	18.661
5700.000	18.661
5710.000	18.774
5720.000	18.848
5730.000	18.848
5740.000	18.848
5750.000	18.677
5760.000	18.677
5770.000	18.750
5780.000	18.604
5790.000	18.604
5800.000	18.677
5810.000	18.677
5820.000	18.677
5830.000	18.677
5840.000	18.677
5850.000	18.677
5860.000	18.604
5870.000	18.604
5880.000	18.604
5890.000	18.457
5900.000	18.604
5910.000	18.530
5920.000	18.604
5930.000	18.457
5940.000	18.357
5950.000	18.357
5960.000	18.357
5970.000	18.357
5980.000	18.382
5990.000	18.308
6000.000	18.342
6010.000	18.195
6020.000	18.195
6030.000	18.049
6040.000	18.352
6050.000	18.572
6060.000	18.332
6070.000	18.186
6080.000	18.332
6090.000	18.332
6100.000	18.445
6110.000	18.299
6120.000	17.979
6130.000	18.272
6140.000	18.069
6150.000	18.069
6160.000	17.869
6170.000	17.869
6180.000	18.064
6190.000	18.032
6200.000	17.812
6210.000	17.799
6220.000	17.898
6230.000	18.118
6240.000	17.825
6250.000	17.719
6260.000	18.086
6270.000	17.913
6280.000	17.839
6290.000	17.432
6300.000	17.432
6310.000	17.950
6320.000	17.584
6330.000	17.338
6340.000	17.557
6350.000	17.370
6360.000	17.151
6370.000	17.291
6380.000	17.125
6390.000	17.564
6400.000	17.271
6410.000	17.352
6420.000	17.352
6430.000	16.940
6440.000	17.159
6450.000	17.159
6460.000	17.013
6470.000	16.846
6480.000	16.846
6490.000	16.626
6500.000	16.699
6510.000	16.406
6520.000	16.846
6530.000	16.553
6540.000	16.553
6550.000	16.333
6560.000	16.333
6570.000	16.333
6580.000	16.260
6590.000	16.333
6600.000	15.914
6610.000	15.987
6620.000	16.133
6630.000	15.621
6640.000	15.946
6650.000	16.093
6660.000	15.460
6670.000	15.899
6680.000	15.973
6690.000	15.460
6700.000	15.904
6710.000	15.904
6720.000	15.345
6730.000	15.784
6740.000	15.678
6750.000	15.019
6760.000	15.530
6770.000	15.456
6780.000	14.964
6790.000	15.330
6800.000	15.232
6810.000	14.939
6820.000	15.368
6830.000	15.075
6840.000	14.922
6850.000	15.215
6860.000	14.898
6870.000	14.898
6880.000	14.805
6890.000	14.658
6900.000	14.658
6910.000	14.569
6920.000	14.552
6930.000	14.626
6940.000	14.266
6950.000	14.266
6960.000	14.193
6970.000	14.290
6980.000	14.364
6990.000	14.297
7000.000	14.297
7010.000	14.020
7020.000	13.947
7030.000	14.110
7040.000	14.183
7050.000	14.117
7060.000	14.117
7070.000	13.872
7080.000	13.653
7090.000	13.801
7100.000	13.727
7110.000	13.767
7120.000	13.857
7130.000	13.767
7140.000	13.767
7150.000	13.321
7160.000	13.468
7170.000	13.468
7180.000	13.614
7190.000	13.386
7200.000	13.093
7210.000	13.426
7220.000	12.751
7230.000	12.743
7240.000	12.743
7250.000	12.962
7260.000	12.962
7270.000	12.816
7280.000	12.816
7290.000	12.816
7300.000	12.889
7310.000	12.590
7320.000	13.036
7330.000	12.669
7340.000	12.678
7350.000	12.531
7360.000	12.824
7370.000	12.385
7380.000	12.185
7390.000	12.331
7400.000	12.258
7410.000	12.331
7420.000	12.398
7430.000	12.691
7440.000	12.298
7450.000	12.078
7460.000	11.785
7470.000	12.152
7480.000	12.107
7490.000	12.107
7500.000	11.994
7510.000	12.287
7520.000	11.481
7530.000	11.481
7540.000	11.654
7550.000	11.761
7560.000	11.761
7570.000	11.541
7580.000	11.566
7590.000	11.639
7600.000	11.646
7610.000	11.060
7620.000	11.280
7630.000	11.353
7640.000	11.174
7650.000	11.174
7660.000	11.393
7670.000	11.393
7680.000	11.393
7690.000	10.881
7700.000	10.986
7710.000	10.986
7720.000	10.986
7730.000	10.893
7740.000	10.527
7750.000	10.966
7760.000	10.600
7770.000	10.747
7780.000	10.242
7790.000	10.608
7800.000	10.515
7810.000	10.588
7820.000	10.295
7830.000	10.315
7840.000	10.665
7850.000	10.446
7860.000	10.485
7870.000	10.046
7880.000	10.258
7890.000	10.111
7900.000	10.318
7910.000	10.245
7920.000	10.092
7930.000	10.312
7940.000	9.888
7950.000	10.108
7960.000	9.848
7970.000	9.848
7980.000	9.922
7990.000	9.848
8000.000	9.881
8010.000	9.661
8020.000	9.757
8030.000	9.671
8040.000	9.671
8050.000	9.728
8060.000	9.655
8070.000	9.655
8080.000	9.581
8090.000	9.508
8100.000	9.581
8110.000	9.516
8120.000	9.500
8130.000	9.400
8140.000	9.413
8150.000	9.210
8160.000	9.210
8170.000	9.137
8180.000	9.137
8190.000	9.137
8200.000	9.112
8210.000	9.098
8220.000	8.878
8230.000	9.100
8240.000	9.027
8250.000	8.927
8260.000	9.073
8270.000	9.000
8280.000	8.853
8290.000	9.024
8300.000	8.609
8310.000	8.876
8320.000	8.949
8330.000	8.461
8340.000	8.680
8350.000	8.577
8360.000	8.796
8370.000	8.943
8380.000	8.650
8390.000	8.479
8400.000	8.552
8410.000	8.293
8420.000	8.659
8430.000	8.659
8440.000	8.293
8450.000	8.423
8460.000	8.057
8470.000	8.350
8480.000	8.569
8490.000	8.423
8500.000	8.276
8510.000	8.081
8520.000	8.081
8530.000	8.374
8540.000	8.154
8550.000	8.154
8560.000	8.374
8570.000	8.154
8580.000	8.154
8590.000	8.521
8600.000	8.130
8610.000	8.130
8620.000	8.276
8630.000	8.057
8640.000	8.057
8650.000	8.423
8660.000	7.983
8670.000	7.983
8680.000	8.203
8690.000	8.203
8700.000	8.203
8710.000	8.350
8720.000	7.983
8730.000	7.983
8740.000	8.057
8750.000	8.057
8760.000	8.057
8770.000	8.203
8780.000	7.910
8790.000	7.910
8800.000	7.764
8810.000	7.764
8820.000	8.130
8830.000	8.203
8840.000	7.837
8850.000	7.837
8860.000	7.764
8870.000	7.910
8880.000	7.910
8890.000	7.983
8900.000	7.690
8910.000	7.690
8920.000	7.617
8930.000	7.690
8940.000	8.037
8950.000	8.110
8960.000	7.727
8970.000	7.727
8980.000	7.727
8990.000	7.874
9000.000	7.874
9010.000	7.947
9020.000	7.581
9030.000	7.581
9040.000	7.528
9050.000	7.528
9060.000	7.890
9070.000	7.963
9080.000	7.670
9090.000	7.670
9100.000	7.695
9110.000	7.548
9120.000	7.761
9130.000	7.908
9140.000	7.615
9150.000	7.615
9160.000	7.741
9170.000	7.741
9180.000	8.087
9190.000	8.160
9200.000	7.761
9210.000	7.761
9220.000	7.841
9230.000	7.695
9240.000	7.975
9250.000	8.121
9260.000	7.649
9270.000	7.649
9280.000	7.775
9290.000	7.775
9300.000	8.056
9310.000	8.129
9320.000	7.836
9330.000	7.763
9340.000	7.874
9350.000	7.727
9360.000	8.007
9370.000	8.080
9380.000	7.608
9390.000	7.682
9400.000	7.726
9410.000	8.139
9420.000	8.139
9430.000	8.293
9440.000	7.830
9450.000	7.763
9460.000	7.776
9470.000	8.175
9480.000	8.175
9490.000	8.175
9500.000	7.858
9510.000	7.924
9520.000	7.731
9530.000	7.723
9540.000	8.236
9550.000	8.302
9560.000	8.009
9570.000	8.076
9580.000	7.824
9590.000	7.677
9600.000	8.117
9610.000	8.050
9620.000	7.903
9630.000	7.963
9640.000	7.744
9650.000	7.817
9660.000	8.183
9670.000	8.117
9680.000	7.897
9690.000	8.103
9700.000	7.737
9710.000	7.810
9720.000	8.176
9730.000	8.043
9740.000	7.897
9750.000	7.957
9760.000	7.737
9770.000	8.356
9780.000	8.356
9790.000	8.149
9800.000	8.149
9810.000	8.222
9820.000	7.929
9830.000	8.222
9840.000	8.362
9850.000	8.083
9860.000	8.302
9870.000	8.050
9880.000	8.066
9890.000	8.432
9900.000	8.432
9910.000	8.140
9920.000	8.066
9930.000	8.066
9940.000	8.073
9950.000	8.512
9960.000	8.219
9970.000	8.146
9980.000	8.203
9990.000	7.837
10000.000	8.203
10010.000	8.496
10020.000	8.130
10030.000	8.211
10040.000	8.285
10050.000	7.992
10060.000	8.472
10070.000	8.472
10080.000	8.119
10090.000	8.412
10100.000	8.192
10110.000	8.265
10120.000	8.631
10130.000	8.477
10140.000	8.330
10150.000	8.656
10160.000	8.249
10170.000	8.515
10180.000	8.722
10190.000	8.282
10200.000	8.502
10210.000	8.445
10220.000	8.372
10230.000	8.645
10240.000	8.572
10250.000	8.173
10260.000	8.393
10270.000	8.208
10280.000	8.427
10290.000	8.707
10300.000	8.267
10310.000	8.324
10320.000	8.324
10330.000	8.287
10340.000	8.654
10350.000	8.660
10360.000	8.367
10370.000	8.506
10380.000	8.286
10390.000	8.478
10400.000	8.845
10410.000	8.492
10420.000	8.565
10430.000	8.549
10440.000	8.402
10450.000	8.957
10460.000	8.897
10470.000	8.751
10480.000	8.921
10490.000	8.669
10500.000	8.716
10510.000	8.995
10520.000	8.703
10530.000	8.922
10540.000	8.849
10550.000	8.654
10560.000	9.007
10570.000	8.787
10580.000	8.762
10590.000	8.836
10600.000	8.643
10610.000	8.862
10620.000	8.936
10630.000	8.643
10640.000	8.862
10650.000	8.643
10660.000	8.789
10670.000	8.936
10680.000	8.716
10690.000	8.789
10700.000	8.789
10710.000	8.716
10720.000	8.936
10730.000	8.789
10740.000	8.716
10750.000	8.789
10760.000	8.569
10770.000	8.936
10780.000	8.862
10790.000	8.643
10800.000	8.862
10810.000	8.643
10820.000	8.789
10830.000	8.936
10840.000	8.643
10850.000	8.789
10860.000	8.789
10870.000	8.716
10880.000	8.936
10890.000	8.862
10900.000	8.789
10910.000	8.862
10920.000	8.643
10930.000	8.936
10940.000	8.936
10950.000	8.716
10960.000	8.862
10970.000	8.643
10980.000	8.936
10990.000	9.009
11000.000	8.716
11010.000	8.936
11020.000	8.789
11030.000	8.789
11040.000	9.082
11050.000	8.862
11060.000	8.862
11070.000	8.936
11080.000	8.789
11090.000	9.009
11100.000	9.082
11110.000	8.789
11120.000	9.009
11130.000	8.789
11140.000	9.058
11150.000	9.131
11160.000	8.904
11170.000	8.978
11180.000	8.758
11190.000	8.978
11200.000	9.059
11210.000	8.913
11220.000	8.893
11230.000	8.819
11240.000	8.624
11250.000	8.917
11260.000	8.850
11270.000	8.850
11280.000	8.844
11290.000	8.624
11300.000	8.836
11310.000	8.836
11320.000	8.799
11330.000	8.945
11340.000	8.652
11350.000	8.872
11360.000	8.872
11370.000	8.579
11380.000	8.919
11390.000	8.846
11400.000	8.819
11410.000	8.966
11420.000	8.730
11430.000	8.730
11440.000	8.803
11450.000	8.510
11460.000	8.876
11470.000	8.950
11480.000	8.543
11490.000	8.663
11500.000	8.396
11510.000	8.689
11520.000	8.836
11530.000	8.543
11540.000	8.689
11550.000	8.616
11560.000	8.412
11570.000	8.779
11580.000	8.646
11590.000	8.452
11600.000	8.745
11610.000	8.452
11620.000	8.867
11630.000	8.941
11640.000	8.588
11650.000	8.734
11660.000	8.572
11670.000	8.352
11680.000	8.892
11690.000	8.745
11700.000	8.452
11710.000	8.599
11720.000	8.184
11730.000	8.477
11740.000	8.691
11750.000	8.398
11760.000	8.532
11770.000	8.385
11780.000	7.978
11790.000	8.418
11800.000	8.344
11810.000	8.125
11820.000	8.271
11830.000	8.060
11840.000	8.051
11850.000	8.324
11860.000	8.045
11870.000	7.972
11880.000	8.191
11890.000	7.825
11900.000	8.045
11910.000	8.265
11920.000	7.963
11930.000	7.809
11940.000	7.935
11950.000	7.662
11960.000	7.955
11970.000	8.175
11980.000	7.874
11990.000	7.801
12000.000	7.721
12010.000	7.501
12020.000	7.582
12030.000	7.875
12040.000	7.594
12050.000	7.521
12060.000	7.508
12070.000	7.288
12080.000	7.369
12090.000	7.662
12100.000	7.596
12110.000	7.376
12120.000	7.376
12130.000	7.156
12140.000	7.164
12150.000	7.384
12160.000	7.414
12170.000	7.340
12180.000	7.141
12190.000	7.068
12200.000	6.994
12210.000	7.141
12220.000	7.466
12230.000	7.393
12240.000	7.200
12250.000	6.980
12260.000	6.891
12270.000	6.964
12280.000	7.164
12290.000	7.164
12300.000	7.104
12310.000	6.957
12320.000	6.559
12330.000	6.705
12340.000	6.890
12350.000	6.963
12360.000	6.957
12370.000	6.883
12380.000	6.590
12390.000	6.297
12400.000	6.512
12410.000	6.585
12420.000	6.392
12430.000	6.482
12440.000	6.343
12450.000	6.343
12460.000	5.984
12470.000	6.277
12480.000	6.277
12490.000	5.976
12500.000	6.195
12510.000	6.195
12520.000	6.315
12530.000	5.566
12540.000	5.566
12550.000	5.640
12560.000	5.713
12570.000	5.713
12580.000	5.493
12590.000	5.786
12600.000	5.786
12610.000	5.420
12620.000	5.273
12630.000	5.273
12640.000	5.420
12650.000	5.347
12660.000	5.347
12670.000	5.273
12680.000	5.566
12690.000	5.566
12700.000	5.200
12710.000	5.054
12720.000	5.054
12730.000	5.054
12740.000	4.834
12750.000	4.834
12760.000	4.834
12770.000	4.761
12780.000	4.761
12790.000	4.687
12800.000	4.687
12810.000	4.687
12820.000	4.614
12830.000	4.614
12840.000	4.614
12850.000	4.614
12860.000	4.541
12870.000	4.541
12880.000	4.468
12890.000	4.468
12900.000	4.428
12910.000	4.428
12920.000	4.355
12930.000	4.208
12940.000	3.988
12950.000	4.062
12960.000	4.062
12970.000	4.029
12980.000	3.809
12990.000	3.556
13000.000	3.523
13010.000	3.743
13020.000	3.889
13030.000	3.922
13040.000	3.849
13050.000	3.602
13060.000	3.456
13070.000	3.415
13080.000	3.561
13090.000	3.635
13100.000	3.562
13110.000	3.316
13120.000	3.169
13130.000	3.210
13140.000	3.283
13150.000	3.456
13160.000	3.603
13170.000	3.530
13180.000	3.334
13190.000	3.147
13200.000	3.121
13210.000	3.074
13220.000	3.001
13230.000	3.001
13240.000	3.041
13250.000	2.895
13260.000	2.795
13270.000	2.722
13280.000	2.697
13290.000	2.697
13300.000	2.838
13310.000	2.984
13320.000	3.098
13330.000	2.951
13340.000	2.764
13350.000	2.691
13360.000	2.587
13370.000	2.514
13380.000	2.494
13390.000	2.421
13400.000	2.234
13410.000	2.087
13420.000	1.998
13430.000	2.071
13440.000	1.985
13450.000	1.985
13460.000	1.969
13470.000	1.969
13480.000	1.932
13490.000	1.932
13500.000	1.845
13510.000	1.772
13520.000	1.601
13530.000	1.528
13540.000	1.468
13550.000	1.468
13560.000	1.468
13570.000	1.484
13580.000	1.468
13590.000	1.454
13600.000	1.395
13610.000	1.321
13620.000	1.395
13630.000	1.175
13640.000	1.175
13650.000	1.022
13660.000	0.948
13670.000	0.786
13680.000	0.712
13690.000	0.579
13700.000	0.579
13710.000	0.506
13720.000	0.433
13730.000	0.433
13740.000	0.360
13750.000	0.293
13760.000	0.293
13770.000	0.293
13780.000	0.220
13790.000	0.220
13800.000	0.146
13810.000	0.146
13820.000	0.073
13830.000	0.073
13840.000	0.073
13850.000	0.073
13860.000	-0.073
