%Time [ms]	Speed [rpm]	%3/11/20202:12 PM
0.000	0.000
10.000	126.196
20.000	126.123
30.000	125.903
40.000	125.903
50.000	125.977
60.000	125.830
70.000	125.830
80.000	126.123
90.000	125.903
100.000	125.903
110.000	126.123
120.000	125.464
130.000	125.464
140.000	125.244
150.000	123.047
160.000	123.047
170.000	121.289
180.000	116.309
190.000	116.309
200.000	113.086
210.000	108.984
220.000	104.124
230.000	99.859
240.000	94.147
250.000	87.834
260.000	81.536
270.000	75.163
280.000	68.572
290.000	61.907
300.000	54.949
310.000	48.870
320.000	43.558
330.000	38.008
340.000	33.280
350.000	30.217
360.000	27.214
370.000	25.163
380.000	23.479
390.000	22.307
400.000	22.380
410.000	22.331
420.000	22.030
430.000	22.030
440.000	22.510
450.000	22.729
460.000	22.729
470.000	22.363
480.000	22.363
490.000	22.510
500.000	22.437
510.000	21.973
520.000	22.192
530.000	22.192
540.000	22.266
550.000	22.266
560.000	21.973
570.000	22.266
580.000	22.485
590.000	22.485
600.000	22.339
610.000	22.852
620.000	22.559
630.000	22.778
640.000	22.559
650.000	22.705
660.000	23.185
670.000	23.185
680.000	22.892
690.000	22.965
700.000	22.965
710.000	22.965
720.000	23.039
730.000	23.039
740.000	22.965
750.000	22.559
760.000	22.559
770.000	22.632
780.000	22.705
790.000	22.705
800.000	22.485
810.000	22.412
820.000	22.412
830.000	22.339
840.000	22.339
850.000	22.339
860.000	22.485
870.000	22.559
880.000	22.559
890.000	22.266
900.000	22.705
910.000	22.705
920.000	22.852
930.000	22.778
940.000	22.778
950.000	22.432
960.000	22.652
970.000	22.432
980.000	22.579
990.000	22.505
1000.000	22.652
1010.000	22.286
1020.000	22.359
1030.000	22.359
1040.000	22.359
1050.000	22.339
1060.000	22.339
1070.000	22.192
1080.000	22.119
1090.000	22.266
1100.000	21.899
1110.000	22.266
1120.000	22.119
1130.000	22.266
1140.000	21.973
1150.000	22.339
1160.000	22.046
1170.000	22.412
1180.000	22.266
1190.000	22.339
1200.000	22.192
1210.000	22.339
1220.000	22.103
1230.000	22.103
1240.000	21.976
1250.000	21.830
1260.000	21.830
1270.000	21.610
1280.000	22.009
1290.000	21.789
1300.000	21.942
1310.000	21.804
1320.000	21.820
1330.000	21.820
1340.000	22.166
1350.000	21.874
1360.000	21.874
1370.000	21.800
1380.000	21.402
1390.000	21.402
1400.000	21.395
1410.000	21.167
1420.000	21.167
1430.000	21.387
1440.000	21.240
1450.000	21.240
1460.000	20.874
1470.000	20.947
1480.000	20.947
1490.000	20.874
1500.000	20.801
1510.000	20.801
1520.000	20.947
1530.000	20.435
1540.000	20.534
1550.000	20.168
1560.000	20.534
1570.000	20.315
1580.000	20.380
1590.000	20.526
1600.000	20.060
1610.000	20.060
1620.000	19.548
1630.000	19.840
1640.000	19.960
1650.000	20.107
1660.000	20.107
1670.000	19.667
1680.000	19.456
1690.000	19.309
1700.000	19.556
1710.000	19.556
1720.000	19.556
1730.000	19.263
1740.000	19.116
1750.000	19.189
1760.000	19.043
1770.000	19.189
1780.000	19.189
1790.000	18.970
1800.000	18.970
1810.000	18.896
1820.000	18.750
1830.000	18.750
1840.000	18.750
1850.000	18.604
1860.000	18.457
1870.000	18.384
1880.000	18.237
1890.000	18.311
1900.000	18.237
1910.000	18.091
1920.000	18.018
1930.000	18.164
1940.000	18.164
1950.000	17.944
1960.000	17.798
1970.000	17.944
1980.000	17.871
1990.000	17.798
2000.000	17.432
2010.000	17.432
2020.000	17.798
2030.000	17.212
2040.000	16.992
2050.000	17.285
2060.000	17.065
2070.000	16.992
2080.000	17.065
2090.000	16.772
2100.000	16.919
2110.000	16.772
2120.000	16.626
2130.000	17.139
2140.000	16.772
2150.000	16.479
2160.000	16.772
2170.000	16.553
2180.000	16.479
2190.000	16.699
2200.000	16.406
2210.000	16.260
2220.000	16.333
2230.000	16.040
2240.000	16.260
2250.000	15.934
2260.000	15.934
2270.000	16.007
2280.000	15.788
2290.000	15.788
2300.000	16.007
2310.000	15.495
2320.000	15.495
2330.000	15.495
2340.000	15.088
2350.000	15.088
2360.000	15.454
2370.000	14.941
2380.000	14.941
2390.000	15.088
2400.000	14.722
2410.000	14.722
2420.000	15.161
2430.000	14.648
2440.000	14.648
2450.000	14.868
2460.000	14.429
2470.000	14.429
2480.000	14.795
2490.000	14.648
2500.000	14.575
2510.000	14.429
2520.000	14.209
2530.000	14.056
2540.000	14.129
2550.000	14.202
2560.000	14.276
2570.000	14.121
2580.000	13.901
2590.000	13.701
2600.000	13.701
2610.000	13.775
2620.000	13.921
2630.000	13.855
2640.000	13.781
2650.000	13.562
2660.000	13.399
2670.000	13.627
2680.000	13.447
2690.000	13.647
2700.000	13.427
2710.000	13.573
2720.000	13.183
2730.000	12.917
2740.000	13.356
2750.000	13.177
2760.000	13.340
2770.000	12.993
2780.000	12.758
2790.000	12.758
2800.000	12.758
2810.000	12.905
2820.000	12.902
2830.000	12.902
2840.000	12.683
2850.000	12.496
2860.000	12.496
2870.000	12.476
2880.000	12.891
2890.000	12.891
2900.000	12.451
2910.000	12.451
2920.000	12.451
2930.000	12.598
2940.000	12.012
2950.000	12.012
2960.000	12.305
2970.000	12.378
2980.000	12.231
2990.000	12.012
3000.000	12.451
3010.000	12.058
3020.000	11.839
3030.000	11.692
3040.000	12.205
3050.000	12.107
3060.000	11.961
3070.000	11.841
3080.000	12.207
3090.000	11.841
3100.000	11.475
3110.000	11.778
3120.000	12.144
3130.000	11.971
3140.000	11.751
3150.000	11.702
3160.000	11.995
3170.000	11.855
3180.000	11.415
3190.000	11.595
3200.000	11.888
3210.000	11.807
3220.000	11.414
3230.000	11.660
3240.000	11.807
3250.000	11.660
3260.000	11.245
3270.000	11.432
3280.000	11.612
3290.000	11.652
3300.000	11.449
3310.000	11.449
3320.000	11.695
3330.000	11.109
3340.000	11.109
3350.000	11.329
3360.000	11.524
3370.000	11.524
3380.000	11.271
3390.000	11.418
3400.000	11.491
3410.000	11.499
3420.000	11.060
3430.000	11.020
3440.000	11.239
3450.000	11.459
3460.000	11.299
3470.000	11.080
3480.000	11.373
3490.000	11.446
3500.000	11.397
3510.000	10.957
3520.000	11.217
3530.000	11.330
3540.000	11.404
3550.000	10.891
3560.000	11.490
3570.000	11.490
3580.000	11.450
3590.000	10.864
3600.000	11.060
3610.000	11.133
3620.000	11.532
3630.000	11.166
3640.000	11.266
3650.000	11.339
3660.000	11.266
3670.000	10.900
3680.000	10.989
3690.000	11.282
3700.000	11.375
3710.000	11.301
3720.000	10.862
3730.000	11.155
3740.000	11.275
3750.000	11.275
3760.000	10.762
3770.000	11.259
3780.000	11.137
3790.000	11.236
3800.000	10.850
3810.000	11.143
3820.000	11.216
3830.000	11.428
3840.000	10.989
3850.000	11.028
3860.000	11.102
3870.000	11.191
3880.000	11.045
3890.000	11.067
3900.000	11.287
3910.000	11.307
3920.000	11.160
3930.000	10.729
3940.000	11.022
3950.000	11.177
3960.000	11.470
3970.000	10.944
3980.000	11.237
3990.000	11.115
4000.000	11.335
4010.000	10.875
4020.000	11.095
4030.000	11.168
4040.000	11.315
4050.000	10.973
4060.000	10.900
4070.000	11.133
4080.000	11.279
4090.000	11.060
4100.000	10.799
4110.000	11.165
4120.000	11.059
4130.000	11.205
4140.000	10.766
4150.000	11.205
4160.000	11.254
4170.000	11.474
4180.000	10.815
4190.000	11.181
4200.000	11.148
4210.000	11.295
4220.000	11.206
4230.000	11.279
4240.000	11.399
4250.000	11.472
4260.000	11.057
4270.000	10.838
4280.000	11.326
4290.000	11.326
4300.000	11.299
4310.000	10.933
4320.000	11.128
4330.000	11.128
4340.000	11.228
4350.000	10.716
4360.000	11.082
4370.000	11.204
4380.000	10.862
4390.000	10.862
4400.000	11.182
4410.000	11.255
4420.000	11.415
4430.000	11.048
4440.000	11.122
4450.000	11.195
4460.000	11.569
4470.000	11.301
4480.000	11.181
4490.000	11.401
4500.000	11.474
4510.000	11.327
4520.000	11.216
4530.000	11.583
4540.000	11.583
4550.000	11.656
4560.000	11.428
4570.000	11.428
4580.000	11.475
4590.000	11.035
4600.000	11.035
4610.000	11.401
4620.000	11.499
4630.000	11.499
4640.000	11.060
4650.000	11.353
4660.000	11.353
4670.000	11.426
4680.000	10.980
4690.000	11.126
4700.000	11.273
4710.000	11.419
4720.000	11.199
4730.000	11.053
4740.000	11.273
4750.000	11.419
4760.000	11.199
4770.000	10.980
4780.000	11.279
4790.000	11.499
4800.000	11.406
4810.000	11.113
4820.000	11.406
4830.000	11.552
4840.000	11.479
4850.000	11.040
4860.000	11.333
4870.000	11.479
4880.000	11.552
4890.000	11.064
4900.000	11.330
4910.000	11.404
4920.000	11.615
4930.000	11.096
4940.000	11.316
4950.000	11.462
4960.000	11.609
4970.000	11.340
4980.000	11.413
4990.000	11.435
5000.000	11.628
5010.000	11.262
5020.000	11.124
5030.000	11.464
5040.000	11.611
5050.000	11.311
5060.000	11.238
5070.000	11.360
5080.000	11.506
5090.000	11.484
5100.000	11.118
5110.000	11.411
5120.000	11.484
5130.000	11.004
5140.000	11.004
5150.000	11.450
5160.000	11.450
5170.000	11.450
5180.000	10.937
5190.000	11.206
5200.000	11.206
5210.000	11.426
5220.000	11.133
5230.000	11.279
5240.000	11.279
5250.000	10.986
5260.000	11.060
5270.000	11.060
5280.000	11.279
5290.000	11.279
5300.000	11.206
5310.000	11.206
5320.000	11.206
5330.000	11.279
5340.000	10.767
5350.000	10.767
5360.000	11.133
5370.000	10.986
5380.000	11.233
5390.000	10.720
5400.000	11.013
5410.000	10.866
5420.000	11.233
5430.000	10.793
5440.000	10.833
5450.000	10.906
5460.000	10.980
5470.000	10.906
5480.000	10.766
5490.000	11.059
5500.000	10.879
5510.000	11.026
5520.000	10.366
5530.000	10.733
5540.000	10.619
5550.000	10.912
5560.000	10.473
5570.000	10.546
5580.000	10.587
5590.000	10.660
5600.000	10.547
5610.000	10.327
5620.000	10.693
5630.000	10.327
5640.000	10.620
5650.000	10.254
5660.000	10.400
5670.000	10.400
5680.000	10.400
5690.000	10.254
5700.000	10.034
5710.000	10.327
5720.000	10.034
5730.000	10.400
5740.000	10.034
5750.000	9.961
5760.000	10.107
5770.000	10.034
5780.000	10.319
5790.000	9.953
5800.000	10.153
5810.000	10.112
5820.000	9.965
5830.000	9.892
5840.000	10.185
5850.000	9.965
5860.000	9.965
5870.000	10.112
5880.000	9.681
5890.000	9.681
5900.000	9.774
5910.000	9.668
5920.000	9.668
5930.000	9.595
5940.000	9.448
5950.000	9.448
5960.000	9.375
5970.000	9.302
5980.000	9.302
5990.000	9.229
6000.000	9.155
6010.000	9.075
6020.000	8.929
6030.000	9.002
6040.000	9.002
6050.000	8.799
6060.000	8.945
6070.000	8.792
6080.000	8.792
6090.000	8.865
6100.000	8.646
6110.000	8.904
6120.000	8.758
6130.000	8.525
6140.000	8.818
6150.000	8.582
6160.000	8.435
6170.000	8.515
6180.000	8.296
6190.000	8.589
6200.000	8.589
6210.000	8.328
6220.000	8.328
6230.000	8.268
6240.000	7.975
6250.000	8.341
6260.000	8.195
6270.000	7.902
6280.000	7.962
6290.000	7.669
6300.000	7.669
6310.000	8.043
6320.000	7.897
6330.000	7.677
6340.000	7.750
6350.000	7.457
6360.000	7.457
6370.000	7.804
6380.000	7.670
6390.000	7.451
6400.000	7.451
6410.000	7.402
6420.000	7.329
6430.000	7.475
6440.000	7.719
6450.000	7.500
6460.000	7.300
6470.000	7.100
6480.000	7.100
6490.000	7.173
6500.000	7.336
6510.000	7.165
6520.000	6.972
6530.000	6.826
6540.000	6.581
6550.000	6.801
6560.000	6.854
6570.000	6.854
6580.000	6.854
6590.000	6.708
6600.000	6.252
6610.000	6.106
6620.000	6.299
6630.000	6.299
6640.000	6.079
6650.000	6.152
6660.000	6.226
6670.000	5.933
6680.000	5.640
6690.000	5.859
6700.000	6.152
6710.000	6.006
6720.000	5.859
6730.000	6.079
6740.000	6.152
6750.000	5.786
6760.000	5.566
6770.000	5.640
6780.000	5.859
6790.000	5.713
6800.000	5.420
6810.000	5.493
6820.000	5.713
6830.000	5.420
6840.000	5.200
6850.000	5.200
6860.000	5.273
6870.000	5.347
6880.000	5.200
6890.000	5.127
6900.000	5.200
6910.000	5.347
6920.000	5.054
6930.000	4.907
6940.000	4.907
6950.000	4.834
6960.000	4.834
6970.000	4.761
6980.000	4.687
6990.000	4.614
7000.000	4.541
7010.000	4.321
7020.000	4.468
7030.000	4.468
7040.000	4.427
7050.000	4.427
7060.000	4.247
7070.000	4.247
7080.000	4.247
7090.000	4.247
7100.000	4.215
7110.000	4.068
7120.000	3.882
7130.000	4.028
7140.000	4.142
7150.000	4.069
7160.000	4.029
7170.000	3.736
7180.000	3.590
7190.000	3.590
7200.000	3.622
7210.000	3.622
7220.000	3.589
7230.000	3.369
7240.000	3.223
7250.000	3.296
7260.000	3.516
7270.000	3.735
7280.000	3.735
7290.000	3.589
7300.000	3.442
7310.000	3.296
7320.000	3.223
7330.000	3.369
7340.000	3.516
7350.000	3.442
7360.000	3.223
7370.000	3.076
7380.000	3.003
7390.000	3.076
7400.000	3.149
7410.000	3.369
7420.000	3.369
7430.000	3.149
7440.000	2.930
7450.000	2.783
7460.000	2.734
7470.000	2.588
7480.000	2.501
7490.000	2.428
7500.000	2.282
7510.000	2.135
7520.000	2.168
7530.000	2.168
7540.000	2.148
7550.000	2.148
7560.000	2.050
7570.000	2.123
7580.000	2.153
7590.000	2.080
7600.000	2.060
7610.000	1.913
7620.000	1.881
7630.000	1.881
7640.000	1.925
7650.000	1.925
7660.000	1.978
7670.000	1.832
7680.000	1.816
7690.000	1.742
7700.000	1.705
7710.000	1.486
7720.000	1.486
7730.000	1.339
7740.000	1.241
7750.000	1.168
7760.000	1.042
7770.000	1.042
7780.000	1.042
7790.000	1.115
7800.000	1.099
7810.000	1.099
7820.000	1.099
7830.000	1.099
7840.000	1.099
7850.000	1.099
7860.000	1.025
7870.000	1.025
7880.000	1.025
7890.000	0.879
7900.000	0.879
7910.000	0.806
7920.000	0.586
7930.000	0.586
7940.000	0.513
7950.000	0.439
7960.000	0.439
7970.000	0.366
7980.000	0.220
7990.000	0.220
8000.000	0.220
8010.000	0.146
8020.000	0.146
8030.000	0.146
8040.000	0.073
8050.000	0.073
8060.000	-0.073
8070.000	-0.073
8080.000	-0.073
8090.000	-0.146
8100.000	-0.220
8110.000	-0.220
8120.000	-0.293
8130.000	-0.366
8140.000	-0.433
8150.000	-0.433
8160.000	-0.506
8170.000	-0.579
8180.000	-0.661
8190.000	-0.721
8200.000	-0.794
8210.000	-0.794
8220.000	-0.867
8230.000	-0.867
8240.000	-0.882
8250.000	-0.955
8260.000	-0.942
8270.000	-0.942
8280.000	-0.942
8290.000	-0.875
8300.000	-0.875
8310.000	-0.875
8320.000	-0.802
8330.000	-0.810
8340.000	-0.802
8350.000	-0.795
8360.000	-0.735
8370.000	-0.735
8380.000	-0.727
8390.000	-0.734
8400.000	-0.734
8410.000	-0.807
8420.000	-0.815
8430.000	-0.880
8440.000	-0.940
8450.000	-1.020
8460.000	-1.093
8470.000	-1.093
8480.000	-1.183
8490.000	-1.256
8500.000	-1.250
8510.000	-1.176
8520.000	-1.241
8530.000	-1.168
8540.000	-1.116
8550.000	-1.043
8560.000	-1.030
8570.000	-1.030
8580.000	-0.940
8590.000	-0.867
8600.000	-0.947
8610.000	-0.947
8620.000	-0.874
8630.000	-0.963
8640.000	-1.028
8650.000	-1.028
8660.000	-1.042
8670.000	-1.188
8680.000	-1.188
8690.000	-1.248
8700.000	-1.175
8710.000	-1.248
8720.000	-1.248
8730.000	-1.232
8740.000	-1.232
8750.000	-1.159
8760.000	-1.085
8770.000	-1.012
8780.000	-1.012
8790.000	-0.952
8800.000	-0.952
8810.000	-0.879
8820.000	-0.952
8830.000	-0.952
8840.000	-1.025
8850.000	-1.025
8860.000	-1.172
8870.000	-1.245
8880.000	-1.318
8890.000	-1.465
8900.000	-1.538
8910.000	-1.611
8920.000	-1.611
8930.000	-1.611
8940.000	-1.611
8950.000	-1.685
8960.000	-1.611
8970.000	-1.611
8980.000	-1.538
8990.000	-1.465
9000.000	-1.538
9010.000	-1.611
9020.000	-1.685
9030.000	-1.758
9040.000	-1.758
9050.000	-1.758
9060.000	-1.758
9070.000	-1.758
9080.000	-1.685
9090.000	-1.685
9100.000	-1.611
9110.000	-1.538
9120.000	-1.465
9130.000	-1.392
9140.000	-1.392
9150.000	-1.562
9160.000	-1.636
9170.000	-1.782
9180.000	-1.855
9190.000	-1.855
9200.000	-1.855
9210.000	-1.782
9220.000	-1.782
9230.000	-1.782
9240.000	-1.685
9250.000	-1.685
9260.000	-1.611
9270.000	-1.465
9280.000	-1.378
9290.000	-1.305
9300.000	-1.305
9310.000	-1.378
9320.000	-1.468
9330.000	-1.468
9340.000	-1.454
9350.000	-1.381
9360.000	-1.381
9370.000	-1.381
9380.000	-1.329
9390.000	-1.256
9400.000	-1.176
9410.000	-1.030
9420.000	-0.940
9430.000	-0.867
9440.000	-0.807
9450.000	-0.807
9460.000	-0.734
9470.000	-0.734
9480.000	-0.726
9490.000	-0.726
9500.000	-0.822
9510.000	-0.822
9520.000	-0.822
9530.000	-0.822
9540.000	-0.895
9550.000	-0.895
9560.000	-0.968
9570.000	-1.042
9580.000	-1.042
9590.000	-1.115
9600.000	-1.025
9610.000	-1.025
9620.000	-1.025
9630.000	-0.952
9640.000	-0.952
9650.000	-0.952
9660.000	-0.879
9670.000	-0.806
9680.000	-0.799
9690.000	-0.653
9700.000	-0.653
9710.000	-0.661
9720.000	-0.654
9730.000	-0.654
9740.000	-0.654
9750.000	-0.581
9760.000	-0.581
9770.000	-0.581
9780.000	-0.587
9790.000	-0.661
9800.000	-0.661
9810.000	-0.653
9820.000	-0.659
9830.000	-0.659
9840.000	-0.659
9850.000	-0.732
9860.000	-0.732
9870.000	-0.806
9880.000	-0.806
9890.000	-0.806
9900.000	-0.879
9910.000	-0.879
9920.000	-0.879
9930.000	-0.879
9940.000	-0.879
9950.000	-0.887
9960.000	-0.814
9970.000	-0.734
9980.000	-0.734
9990.000	-0.734
10000.000	-0.661
