%Time [ms]	Speed [rpm]	%3/11/20202:16 PM
0.000	0.000
10.000	127.003
20.000	127.223
30.000	126.027
40.000	128.146
50.000	128.146
60.000	127.507
70.000	127.068
80.000	127.060
90.000	127.060
100.000	127.413
110.000	127.339
120.000	127.339
130.000	126.167
140.000	122.749
150.000	122.749
160.000	121.265
170.000	116.211
180.000	116.211
190.000	111.548
200.000	102.026
210.000	102.026
220.000	96.899
230.000	85.181
240.000	85.181
250.000	78.882
260.000	65.698
270.000	65.698
280.000	58.813
290.000	45.923
300.000	45.923
310.000	39.624
320.000	33.984
330.000	28.491
340.000	24.609
350.000	20.874
360.000	18.038
370.000	15.181
380.000	13.790
390.000	12.764
400.000	12.317
410.000	12.024
420.000	11.830
430.000	12.123
440.000	11.977
450.000	11.757
460.000	11.957
470.000	12.250
480.000	12.064
490.000	11.917
500.000	11.705
510.000	12.072
520.000	12.012
530.000	11.939
540.000	11.893
550.000	12.186
560.000	11.819
570.000	11.673
580.000	11.843
590.000	12.136
600.000	11.963
610.000	11.670
620.000	11.629
630.000	11.849
640.000	11.676
650.000	11.489
660.000	11.589
670.000	11.735
680.000	11.532
690.000	11.092
700.000	11.477
710.000	11.477
720.000	11.510
730.000	11.071
740.000	11.290
750.000	11.258
760.000	11.378
770.000	10.938
780.000	11.085
790.000	11.085
800.000	10.946
810.000	10.800
820.000	10.645
830.000	10.864
840.000	10.551
850.000	10.698
860.000	10.185
870.000	10.551
880.000	10.364
890.000	10.364
900.000	10.364
910.000	10.218
920.000	10.240
930.000	10.093
940.000	10.333
950.000	9.967
960.000	10.187
970.000	10.040
980.000	10.008
990.000	9.861
1000.000	9.723
1010.000	9.869
1020.000	9.669
1030.000	9.726
1040.000	9.653
1050.000	9.653
1060.000	9.653
1070.000	9.580
1080.000	9.420
1090.000	9.347
1100.000	9.192
1110.000	9.046
1120.000	9.199
1130.000	9.126
1140.000	8.995
1150.000	9.077
1160.000	8.784
1170.000	8.830
1180.000	8.771
1190.000	8.771
1200.000	8.917
1210.000	8.844
1220.000	8.844
1230.000	8.771
1240.000	8.404
1250.000	8.689
1260.000	8.616
1270.000	8.431
1280.000	8.577
1290.000	8.285
1300.000	8.358
1310.000	8.504
1320.000	8.065
1330.000	8.065
1340.000	8.138
1350.000	7.705
1360.000	7.860
1370.000	7.632
1380.000	7.632
1390.000	7.559
1400.000	7.412
1410.000	7.412
1420.000	7.565
1430.000	7.785
1440.000	7.396
1450.000	7.396
1460.000	7.315
1470.000	7.095
1480.000	7.160
1490.000	7.233
1500.000	7.153
1510.000	6.934
1520.000	6.854
1530.000	6.707
1540.000	6.935
1550.000	6.951
1560.000	7.018
1570.000	7.018
1580.000	6.806
1590.000	6.587
1600.000	6.601
1610.000	6.675
1620.000	6.675
1630.000	6.528
1640.000	6.520
1650.000	6.520
1660.000	6.234
1670.000	6.380
1680.000	6.380
1690.000	6.453
1700.000	6.226
1710.000	6.226
1720.000	6.312
1730.000	6.092
1740.000	5.653
1750.000	5.580
1760.000	5.799
1770.000	5.799
1780.000	5.506
1790.000	5.506
1800.000	5.726
1810.000	5.506
1820.000	5.347
1830.000	5.347
1840.000	5.558
1850.000	5.778
1860.000	5.512
1870.000	5.365
1880.000	5.585
1890.000	5.658
1900.000	5.414
1910.000	5.194
1920.000	5.088
1930.000	5.161
1940.000	5.096
1950.000	4.876
1960.000	4.898
1970.000	4.925
1980.000	4.925
1990.000	4.778
2000.000	4.656
2010.000	4.730
2020.000	4.763
2030.000	4.690
2040.000	4.763
2050.000	4.690
2060.000	4.582
2070.000	4.582
2080.000	4.435
2090.000	4.508
2100.000	4.508
2110.000	4.508
2120.000	4.289
2130.000	4.289
2140.000	3.996
2150.000	4.069
2160.000	4.069
2170.000	4.028
2180.000	3.809
2190.000	3.589
2200.000	3.662
2210.000	3.809
2220.000	3.882
2230.000	3.955
2240.000	3.516
2250.000	3.516
2260.000	3.442
2270.000	3.516
2280.000	3.516
2290.000	3.516
2300.000	3.149
2310.000	3.149
2320.000	3.076
2330.000	3.076
2340.000	3.076
2350.000	3.223
2360.000	3.223
2370.000	3.223
2380.000	3.076
2390.000	2.856
2400.000	2.856
2410.000	2.710
2420.000	2.563
2430.000	2.563
2440.000	2.464
2450.000	2.390
2460.000	2.317
2470.000	2.317
2480.000	2.317
2490.000	2.317
2500.000	2.317
2510.000	2.317
2520.000	2.390
2530.000	2.464
2540.000	2.563
2550.000	2.563
2560.000	2.563
2570.000	2.490
2580.000	2.490
2590.000	2.417
2600.000	2.344
2610.000	2.417
2620.000	2.344
2630.000	2.271
2640.000	2.124
2650.000	2.051
2660.000	2.051
2670.000	2.051
2680.000	2.051
2690.000	2.051
2700.000	2.051
2710.000	1.978
2720.000	1.978
2730.000	1.831
2740.000	1.758
2750.000	1.685
2760.000	1.538
2770.000	1.465
2780.000	1.392
2790.000	1.392
2800.000	1.392
2810.000	1.392
2820.000	1.392
2830.000	1.392
2840.000	1.318
2850.000	1.318
2860.000	1.172
2870.000	1.099
2880.000	1.025
2890.000	0.879
2900.000	0.806
2910.000	0.732
2920.000	0.586
2930.000	0.513
2940.000	0.513
2950.000	0.366
2960.000	0.366
2970.000	0.293
2980.000	0.220
2990.000	0.220
3000.000	0.146
3010.000	0.073
3020.000	0.073
3030.000	0.073
3040.000	-0.000
3050.000	-0.000
3060.000	-0.000
3070.000	-0.000
3080.000	-0.073
3090.000	-0.073
3100.000	-0.146
3110.000	-0.146
3120.000	-0.213
3130.000	-0.286
3140.000	-0.360
3150.000	-0.433
3160.000	-0.506
3170.000	-0.579
3180.000	-0.579
3190.000	-0.726
3200.000	-0.726
3210.000	-0.872
3220.000	-0.952
3230.000	-1.042
3240.000	-1.102
3250.000	-1.102
3260.000	-1.175
3270.000	-1.175
3280.000	-1.264
3290.000	-1.191
3300.000	-1.184
3310.000	-1.184
3320.000	-1.184
3330.000	-1.095
3340.000	-1.125
3350.000	-1.198
3360.000	-1.184
3370.000	-1.258
3380.000	-1.315
3390.000	-1.388
3400.000	-1.565
3410.000	-1.565
3420.000	-1.552
3430.000	-1.642
3440.000	-1.552
3450.000	-1.552
3460.000	-1.565
3470.000	-1.419
3480.000	-1.419
3490.000	-1.419
3500.000	-1.321
3510.000	-1.321
3520.000	-1.335
3530.000	-1.372
3540.000	-1.445
3550.000	-1.591
3560.000	-1.591
3570.000	-1.665
3580.000	-1.738
3590.000	-1.665
3600.000	-1.665
3610.000	-1.665
3620.000	-1.591
3630.000	-1.538
3640.000	-1.392
3650.000	-1.318
3660.000	-1.245
3670.000	-1.172
3680.000	-1.099
3690.000	-1.172
3700.000	-1.172
3710.000	-1.099
3720.000	-1.172
3730.000	-1.188
3740.000	-1.261
3750.000	-1.181
3760.000	-1.181
3770.000	-1.108
3780.000	-1.108
3790.000	-1.043
3800.000	-0.970
3810.000	-0.963
3820.000	-0.890
3830.000	-0.800
3840.000	-0.727
3850.000	-0.661
3860.000	-0.661
3870.000	-0.661
3880.000	-0.669
3890.000	-0.587
3900.000	-0.581
3910.000	-0.514
3920.000	-0.514
3930.000	-0.514
3940.000	-0.522
3950.000	-0.596
3960.000	-0.522
3970.000	-0.522
3980.000	-0.514
3990.000	-0.587
4000.000	-0.602
4010.000	-0.675
4020.000	-0.669
4030.000	-0.669
4040.000	-0.661
4050.000	-0.661
4060.000	-0.823
4070.000	-0.823
4080.000	-0.817
4090.000	-0.817
4100.000	-0.809
4110.000	-0.809
4120.000	-0.815
4130.000	-0.815
4140.000	-0.815
4150.000	-0.823
4160.000	-0.661
4170.000	-0.661
4180.000	-0.667
4190.000	-0.667
4200.000	-0.667
4210.000	-0.667
4220.000	-0.594
4230.000	-0.594
4240.000	-0.594
4250.000	-0.586
4260.000	-0.659
4270.000	-0.659
4280.000	-0.659
4290.000	-0.659
4300.000	-0.659
4310.000	-0.659
4320.000	-0.732
4330.000	-0.732
4340.000	-0.732
4350.000	-0.732
4360.000	-0.806
4370.000	-0.879
4380.000	-0.879
4390.000	-0.952
4400.000	-0.952
4410.000	-0.952
4420.000	-1.025
4430.000	-1.025
4440.000	-1.025
4450.000	-1.025
4460.000	-0.952
4470.000	-0.879
4480.000	-0.879
4490.000	-0.806
4500.000	-0.879
4510.000	-0.879
4520.000	-0.806
4530.000	-0.806
4540.000	-0.879
4550.000	-0.879
4560.000	-0.952
4570.000	-0.952
4580.000	-1.025
4590.000	-1.172
4600.000	-1.245
4610.000	-1.481
4620.000	-1.554
4630.000	-1.554
4640.000	-1.628
4650.000	-1.628
4660.000	-1.628
4670.000	-1.628
4680.000	-1.628
4690.000	-1.554
4700.000	-1.408
4710.000	-1.408
4720.000	-1.392
4730.000	-1.465
4740.000	-1.465
4750.000	-1.538
4760.000	-1.611
4770.000	-1.611
4780.000	-1.685
4790.000	-1.611
4800.000	-1.611
4810.000	-1.611
4820.000	-1.611
4830.000	-1.598
4840.000	-1.452
4850.000	-1.378
4860.000	-1.305
4870.000	-1.321
4880.000	-1.321
4890.000	-1.375
4900.000	-1.627
4910.000	-1.700
4920.000	-1.700
4930.000	-1.787
4940.000	-1.933
4950.000	-1.933
4960.000	-1.933
4970.000	-1.917
4980.000	-1.917
4990.000	-1.864
5000.000	-1.685
5010.000	-1.685
5020.000	-1.758
5030.000	-1.758
5040.000	-1.758
5050.000	-1.758
5060.000	-1.758
5070.000	-1.758
5080.000	-1.744
5090.000	-1.744
5100.000	-1.671
5110.000	-1.598
5120.000	-1.525
5130.000	-1.452
5140.000	-1.378
5150.000	-1.378
5160.000	-1.452
5170.000	-1.598
5180.000	-1.685
5190.000	-1.758
5200.000	-1.904
5210.000	-1.994
5220.000	-1.994
5230.000	-1.994
5240.000	-1.980
5250.000	-2.054
5260.000	-1.980
5270.000	-1.907
5280.000	-1.907
5290.000	-1.907
5300.000	-1.907
5310.000	-1.964
5320.000	-1.891
5330.000	-1.891
5340.000	-1.904
5350.000	-1.831
5360.000	-1.831
5370.000	-1.758
5380.000	-1.685
5390.000	-1.611
5400.000	-1.538
5410.000	-1.538
5420.000	-1.685
5430.000	-1.831
5440.000	-1.904
5450.000	-2.075
5460.000	-2.075
5470.000	-2.075
5480.000	-2.148
5490.000	-2.135
5500.000	-2.135
5510.000	-2.135
5520.000	-2.062
5530.000	-1.989
5540.000	-1.989
5550.000	-1.964
5560.000	-1.989
5570.000	-1.975
5580.000	-1.902
5590.000	-1.932
5600.000	-1.858
5610.000	-1.772
5620.000	-1.699
5630.000	-1.552
5640.000	-1.552
5650.000	-1.414
5660.000	-1.403
5670.000	-1.476
5680.000	-1.533
5690.000	-1.679
5700.000	-1.693
5710.000	-1.693
5720.000	-1.693
5730.000	-1.753
5740.000	-1.679
5750.000	-1.671
5760.000	-1.598
5770.000	-1.533
5780.000	-1.386
5790.000	-1.386
5800.000	-1.240
5810.000	-1.167
5820.000	-1.167
5830.000	-1.180
5840.000	-1.253
5850.000	-1.253
5860.000	-1.318
5870.000	-1.318
5880.000	-1.318
5890.000	-1.318
5900.000	-1.245
5910.000	-1.245
5920.000	-1.245
5930.000	-1.172
5940.000	-1.099
5950.000	-1.099
5960.000	-0.952
5970.000	-0.952
5980.000	-0.879
5990.000	-0.879
6000.000	-0.879
6010.000	-0.879
6020.000	-0.879
6030.000	-0.879
6040.000	-0.879
6050.000	-0.952
6060.000	-1.012
6070.000	-1.183
6080.000	-1.256
6090.000	-1.316
6100.000	-1.316
6110.000	-1.389
6120.000	-1.463
6130.000	-1.463
6140.000	-1.463
6150.000	-1.463
6160.000	-1.492
6170.000	-1.321
6180.000	-1.308
6190.000	-1.321
6200.000	-1.248
6210.000	-1.321
6220.000	-1.321
6230.000	-1.321
6240.000	-1.468
6250.000	-1.541
6260.000	-1.525
6270.000	-1.598
6280.000	-1.546
6290.000	-1.546
6300.000	-1.606
6310.000	-1.460
6320.000	-1.460
6330.000	-1.460
6340.000	-1.321
6350.000	-1.248
6360.000	-1.235
6370.000	-1.235
6380.000	-1.373
6390.000	-1.446
6400.000	-1.533
6410.000	-1.679
6420.000	-1.679
6430.000	-1.753
6440.000	-1.818
6450.000	-1.818
6460.000	-1.758
6470.000	-1.758
6480.000	-1.685
6490.000	-1.611
6500.000	-1.538
6510.000	-1.465
6520.000	-1.538
6530.000	-1.465
6540.000	-1.538
6550.000	-1.611
6560.000	-1.685
6570.000	-1.685
6580.000	-1.685
6590.000	-1.611
6600.000	-1.611
6610.000	-1.538
6620.000	-1.465
6630.000	-1.392
6640.000	-1.318
6650.000	-1.245
6660.000	-1.172
6670.000	-1.245
6680.000	-1.245
6690.000	-1.392
6700.000	-1.465
6710.000	-1.611
6720.000	-1.611
6730.000	-1.758
6740.000	-1.758
6750.000	-1.758
6760.000	-1.831
6770.000	-1.758
6780.000	-1.758
6790.000	-1.685
6800.000	-1.611
6810.000	-1.538
6820.000	-1.611
6830.000	-1.611
6840.000	-1.685
6850.000	-1.758
6860.000	-1.758
6870.000	-1.758
6880.000	-1.758
6890.000	-1.758
6900.000	-1.758
6910.000	-1.758
6920.000	-1.611
6930.000	-1.538
6940.000	-1.465
6950.000	-1.465
6960.000	-1.465
6970.000	-1.611
6980.000	-1.685
6990.000	-1.758
7000.000	-1.855
7010.000	-1.855
7020.000	-1.982
7030.000	-1.982
7040.000	-1.982
7050.000	-1.909
7060.000	-1.925
7070.000	-1.852
7080.000	-1.765
7090.000	-1.765
7100.000	-1.814
7110.000	-1.887
7120.000	-1.850
7130.000	-1.924
7140.000	-1.910
7150.000	-1.910
7160.000	-1.821
7170.000	-1.747
7180.000	-1.777
7190.000	-1.704
7200.000	-1.544
7210.000	-1.471
7220.000	-1.528
7230.000	-1.528
7240.000	-1.720
7250.000	-1.793
7260.000	-1.920
7270.000	-1.920
7280.000	-1.977
7290.000	-1.977
7300.000	-1.990
7310.000	-1.990
7320.000	-1.990
7330.000	-1.933
7340.000	-1.827
7350.000	-1.807
7360.000	-1.925
7370.000	-1.925
7380.000	-1.925
7390.000	-1.925
7400.000	-1.925
7410.000	-1.912
7420.000	-1.773
7430.000	-1.757
7440.000	-1.671
7450.000	-1.617
7460.000	-1.544
7470.000	-1.446
7480.000	-1.471
7490.000	-1.544
7500.000	-1.664
7510.000	-1.750
7520.000	-1.889
7530.000	-1.962
7540.000	-1.992
7550.000	-1.992
7560.000	-2.045
7570.000	-2.045
7580.000	-1.947
7590.000	-1.947
7600.000	-1.925
7610.000	-1.925
7620.000	-1.972
7630.000	-1.972
7640.000	-1.955
7650.000	-1.955
7660.000	-2.000
7670.000	-1.926
7680.000	-1.980
7690.000	-1.907
7700.000	-1.809
7710.000	-1.809
7720.000	-1.787
7730.000	-1.860
7740.000	-2.046
7750.000	-2.120
7760.000	-2.095
7770.000	-2.315
7780.000	-2.359
7790.000	-2.433
7800.000	-2.433
7810.000	-2.506
7820.000	-2.555
7830.000	-2.555
7840.000	-2.515
7850.000	-2.515
7860.000	-2.515
7870.000	-2.441
7880.000	-2.417
7890.000	-2.417
7900.000	-2.417
7910.000	-2.417
7920.000	-2.417
7930.000	-2.490
7940.000	-2.490
7950.000	-2.490
7960.000	-2.490
7970.000	-2.490
7980.000	-2.563
7990.000	-2.563
8000.000	-2.637
8010.000	-2.683
8020.000	-2.610
8030.000	-2.537
8040.000	-2.464
8050.000	-2.407
8060.000	-2.407
8070.000	-2.320
8080.000	-2.344
8090.000	-2.271
8100.000	-2.371
8110.000	-2.371
8120.000	-2.518
8130.000	-2.491
8140.000	-2.491
8150.000	-2.621
8160.000	-2.621
8170.000	-2.814
8180.000	-3.009
8190.000	-3.009
8200.000	-3.082
8210.000	-2.789
8220.000	-2.789
8230.000	-2.743
8240.000	-2.669
8250.000	-2.669
8260.000	-2.669
8270.000	-2.783
8280.000	-2.783
8290.000	-2.783
8300.000	-2.710
8310.000	-2.710
8320.000	-2.710
8330.000	-2.783
8340.000	-2.783
8350.000	-2.783
8360.000	-2.930
8370.000	-2.903
8380.000	-2.757
8390.000	-2.610
8400.000	-2.537
8410.000	-2.464
8420.000	-2.390
8430.000	-2.390
8440.000	-2.342
8450.000	-2.342
8460.000	-2.342
8470.000	-2.441
8480.000	-2.515
8490.000	-2.515
8500.000	-2.515
8510.000	-2.661
8520.000	-2.661
8530.000	-2.661
8540.000	-2.710
8550.000	-2.856
8560.000	-2.783
8570.000	-2.637
8580.000	-2.544
8590.000	-2.470
8600.000	-2.470
8610.000	-2.397
8620.000	-2.503
8630.000	-2.503
8640.000	-2.609
8650.000	-2.650
8660.000	-2.723
8670.000	-2.723
8680.000	-2.743
8690.000	-2.816
8700.000	-2.816
8710.000	-2.963
8720.000	-3.077
8730.000	-3.077
8740.000	-2.970
8750.000	-2.710
8760.000	-2.710
8770.000	-2.637
8780.000	-2.637
8790.000	-2.637
8800.000	-2.710
8810.000	-2.783
8820.000	-2.783
8830.000	-2.856
8840.000	-2.856
8850.000	-2.856
8860.000	-2.930
8870.000	-3.149
8880.000	-3.149
8890.000	-3.296
8900.000	-3.149
8910.000	-3.149
8920.000	-3.003
8930.000	-2.856
8940.000	-2.856
8950.000	-2.856
8960.000	-3.076
8970.000	-3.076
8980.000	-3.076
8990.000	-3.003
9000.000	-3.003
9010.000	-3.003
9020.000	-3.149
9030.000	-3.149
9040.000	-3.369
9050.000	-3.369
9060.000	-3.296
9070.000	-3.056
9080.000	-2.910
9090.000	-2.910
9100.000	-2.942
9110.000	-3.016
9120.000	-3.189
9130.000	-3.189
9140.000	-3.115
9150.000	-3.115
9160.000	-3.067
9170.000	-3.233
9180.000	-3.413
9190.000	-3.486
9200.000	-3.453
9210.000	-3.380
9220.000	-3.158
9230.000	-3.085
9240.000	-2.985
9250.000	-2.985
9260.000	-3.180
9270.000	-3.254
9280.000	-3.180
9290.000	-3.107
9300.000	-3.013
9310.000	-3.013
9320.000	-3.062
9330.000	-3.209
9340.000	-3.349
9350.000	-3.349
9360.000	-3.109
9370.000	-2.914
9380.000	-2.808
9390.000	-2.782
9400.000	-2.875
9410.000	-2.875
9420.000	-3.095
9430.000	-3.135
9440.000	-3.021
9450.000	-2.995
9460.000	-3.088
9470.000	-3.210
9480.000	-3.430
9490.000	-3.530
9500.000	-3.603
9510.000	-3.530
9520.000	-3.310
9530.000	-3.123
9540.000	-3.196
9550.000	-3.369
9560.000	-3.589
9570.000	-3.589
9580.000	-3.442
9590.000	-3.369
9600.000	-3.369
9610.000	-3.516
9620.000	-3.662
9630.000	-3.809
9640.000	-3.662
9650.000	-3.548
9660.000	-3.235
9670.000	-3.162
9680.000	-3.308
9690.000	-3.528
9700.000	-3.650
9710.000	-3.577
9720.000	-3.470
9730.000	-3.470
9740.000	-3.617
9750.000	-3.804
9760.000	-3.971
9770.000	-3.971
9780.000	-3.824
9790.000	-3.637
9800.000	-3.515
9810.000	-3.621
9820.000	-3.801
9830.000	-3.801
9840.000	-3.801
9850.000	-3.614
9860.000	-3.614
9870.000	-3.721
9880.000	-3.867
9890.000	-3.834
9900.000	-3.761
9910.000	-3.687
9920.000	-3.468
9930.000	-3.434
9940.000	-3.556
9950.000	-3.743
9960.000	-3.743
9970.000	-3.710
9980.000	-3.637
9990.000	-3.637
10000.000	-3.783
