%Time [ms]	Speed [rpm]	%3/11/20202:20 PM
0.000	0.000
10.000	126.123
20.000	126.961
30.000	127.181
40.000	126.555
50.000	125.676
60.000	126.042
70.000	126.409
80.000	126.726
90.000	127.239
100.000	126.619
110.000	125.887
120.000	124.829
130.000	124.829
140.000	125.569
150.000	125.349
160.000	123.072
170.000	121.094
180.000	118.214
190.000	115.577
200.000	112.607
210.000	109.092
220.000	104.551
230.000	99.131
240.000	92.864
250.000	87.225
260.000	82.031
270.000	75.586
280.000	68.774
290.000	61.890
300.000	55.737
310.000	48.560
320.000	41.968
330.000	35.669
340.000	30.103
350.000	24.536
360.000	19.849
370.000	15.967
380.000	13.037
390.000	10.620
400.000	8.350
410.000	7.764
420.000	7.251
430.000	6.885
440.000	6.592
450.000	6.665
460.000	6.738
470.000	6.665
480.000	6.738
490.000	6.885
500.000	6.812
510.000	6.746
520.000	6.746
530.000	6.893
540.000	7.186
550.000	7.186
560.000	7.259
570.000	7.332
580.000	7.332
590.000	7.186
600.000	7.471
610.000	7.471
620.000	7.324
630.000	7.251
640.000	7.251
650.000	7.251
660.000	7.837
670.000	7.837
680.000	7.617
690.000	7.397
700.000	7.397
710.000	7.251
720.000	7.690
730.000	7.690
740.000	7.764
750.000	7.544
760.000	7.544
770.000	7.324
780.000	7.617
790.000	7.617
800.000	7.837
810.000	7.544
820.000	7.544
830.000	7.544
840.000	7.471
850.000	7.471
860.000	7.764
870.000	7.544
880.000	7.544
890.000	7.617
900.000	7.617
910.000	7.617
920.000	8.057
930.000	7.764
940.000	7.764
950.000	7.983
960.000	7.764
970.000	7.764
980.000	8.203
990.000	7.910
1000.000	7.910
1010.000	8.057
1020.000	7.764
1030.000	7.983
1040.000	8.301
1050.000	8.008
1060.000	8.014
1070.000	8.161
1080.000	7.722
1090.000	8.088
1100.000	8.250
1110.000	7.958
1120.000	8.024
1130.000	8.122
1140.000	8.317
1150.000	8.317
1160.000	8.310
1170.000	8.164
1180.000	8.164
1190.000	8.017
1200.000	8.294
1210.000	8.294
1220.000	8.228
1230.000	7.983
1240.000	7.983
1250.000	7.764
1260.000	8.350
1270.000	8.350
1280.000	8.130
1290.000	8.043
1300.000	8.043
1310.000	7.832
1320.000	8.344
1330.000	8.344
1340.000	8.051
1350.000	7.978
1360.000	7.978
1370.000	7.758
1380.000	8.418
1390.000	8.418
1400.000	8.138
1410.000	8.057
1420.000	8.117
1430.000	7.750
1440.000	8.117
1450.000	8.263
1460.000	8.043
1470.000	8.043
1480.000	7.957
1490.000	7.810
1500.000	8.250
1510.000	8.250
1520.000	8.035
1530.000	8.255
1540.000	7.962
1550.000	7.962
1560.000	8.255
1570.000	8.182
1580.000	7.967
1590.000	8.260
1600.000	7.901
1610.000	8.120
1620.000	8.421
1630.000	8.128
1640.000	8.128
1650.000	8.275
1660.000	7.915
1670.000	8.208
1680.000	8.363
1690.000	7.923
1700.000	8.153
1710.000	8.080
1720.000	7.860
1730.000	8.299
1740.000	8.299
1750.000	7.933
1760.000	8.162
1770.000	7.943
1780.000	7.803
1790.000	8.242
1800.000	8.080
1810.000	7.787
1820.000	7.949
1830.000	7.803
1840.000	7.803
1850.000	8.242
1860.000	8.080
1870.000	7.740
1880.000	8.051
1890.000	7.831
1900.000	7.764
1910.000	8.204
1920.000	7.968
1930.000	7.675
1940.000	7.919
1950.000	7.626
1960.000	7.699
1970.000	8.373
1980.000	7.982
1990.000	7.709
2000.000	7.849
2010.000	7.629
2020.000	7.629
2030.000	8.182
2040.000	7.938
2050.000	7.739
2060.000	7.665
2070.000	7.332
2080.000	7.478
2090.000	7.898
2100.000	7.824
2110.000	7.605
2120.000	7.531
2130.000	7.271
2140.000	7.271
2150.000	7.471
2160.000	7.690
2170.000	7.544
2180.000	7.397
2190.000	7.324
2200.000	7.324
2210.000	7.397
2220.000	7.837
2230.000	7.544
2240.000	7.324
2250.000	7.324
2260.000	7.251
2270.000	7.178
2280.000	7.397
2290.000	7.397
2300.000	7.178
2310.000	7.178
2320.000	7.031
2330.000	7.104
2340.000	7.251
2350.000	7.471
2360.000	7.178
2370.000	7.178
2380.000	7.031
2390.000	6.958
2400.000	7.031
2410.000	7.031
2420.000	7.031
2430.000	7.023
2440.000	6.830
2450.000	6.610
2460.000	6.822
2470.000	6.822
2480.000	6.895
2490.000	6.968
2500.000	6.915
2510.000	6.695
2520.000	6.476
2530.000	6.630
2540.000	6.734
2550.000	6.661
2560.000	6.727
2570.000	6.662
2580.000	6.369
2590.000	6.076
2600.000	6.439
2610.000	6.585
2620.000	6.525
2630.000	6.525
2640.000	6.615
2650.000	6.468
2660.000	6.182
2670.000	6.255
2680.000	6.475
2690.000	6.402
2700.000	6.092
2710.000	6.385
2720.000	6.299
2730.000	5.843
2740.000	6.136
2750.000	6.136
2760.000	6.063
2770.000	6.063
2780.000	6.063
2790.000	6.209
2800.000	5.770
2810.000	5.697
2820.000	5.990
2830.000	6.006
2840.000	5.640
2850.000	5.640
2860.000	5.640
2870.000	5.933
2880.000	5.493
2890.000	5.493
2900.000	5.420
2910.000	5.859
2920.000	5.859
2930.000	5.640
2940.000	5.933
2950.000	5.933
2960.000	5.933
2970.000	5.460
2980.000	5.387
2990.000	5.460
3000.000	5.680
3010.000	5.460
3020.000	5.313
3030.000	5.387
3040.000	5.606
3050.000	5.313
3060.000	5.094
3070.000	5.200
3080.000	5.273
3090.000	5.420
3100.000	5.273
3110.000	5.200
3120.000	5.410
3130.000	5.410
3140.000	5.166
3150.000	5.020
3160.000	5.020
3170.000	5.020
3180.000	5.093
3190.000	4.900
3200.000	4.753
3210.000	4.753
3220.000	4.696
3230.000	4.690
3240.000	4.641
3250.000	4.568
3260.000	4.608
3270.000	4.462
3280.000	4.462
3290.000	4.508
3300.000	4.435
3310.000	4.435
3320.000	4.289
3330.000	4.289
3340.000	4.289
3350.000	4.362
3360.000	4.175
3370.000	4.175
3380.000	3.955
3390.000	3.955
3400.000	3.955
3410.000	4.028
3420.000	3.809
3430.000	3.809
3440.000	3.516
3450.000	3.809
3460.000	3.809
3470.000	3.955
3480.000	3.882
3490.000	3.882
3500.000	3.662
3510.000	3.589
3520.000	3.589
3530.000	3.735
3540.000	3.662
3550.000	3.662
3560.000	3.442
3570.000	3.369
3580.000	3.369
3590.000	3.589
3600.000	3.662
3610.000	3.662
3620.000	3.589
3630.000	3.149
3640.000	3.149
3650.000	3.076
3660.000	3.149
3670.000	3.149
3680.000	3.149
3690.000	2.783
3700.000	2.783
3710.000	2.710
3720.000	2.637
3730.000	2.683
3740.000	2.757
3750.000	2.903
3760.000	2.976
3770.000	2.936
3780.000	2.789
3790.000	2.696
3800.000	2.696
3810.000	2.623
3820.000	2.623
3830.000	2.600
3840.000	2.600
3850.000	2.501
3860.000	2.427
3870.000	2.395
3880.000	2.395
3890.000	2.358
3900.000	2.358
3910.000	2.411
3920.000	2.411
3930.000	2.460
3940.000	2.519
3950.000	2.446
3960.000	2.373
3970.000	2.299
3980.000	2.283
3990.000	2.210
4000.000	2.210
4010.000	2.157
4020.000	1.864
4030.000	1.864
4040.000	1.717
4050.000	1.465
4060.000	1.465
4070.000	1.392
4080.000	1.465
4090.000	1.465
4100.000	1.465
4110.000	1.538
4120.000	1.538
4130.000	1.538
4140.000	1.465
4150.000	1.465
4160.000	1.392
4170.000	1.245
4180.000	1.245
4190.000	1.172
4200.000	1.025
4210.000	1.025
4220.000	0.952
4230.000	0.879
4240.000	0.879
4250.000	0.806
4260.000	0.806
4270.000	0.806
4280.000	0.806
4290.000	0.659
4300.000	0.659
4310.000	0.659
4320.000	0.659
4330.000	0.659
4340.000	0.586
4350.000	0.586
4360.000	0.586
4370.000	0.513
4380.000	0.513
4390.000	0.513
4400.000	0.439
4410.000	0.439
4420.000	0.366
4430.000	0.293
4440.000	0.293
4450.000	0.220
4460.000	0.146
4470.000	0.146
4480.000	0.007
4490.000	0.007
4500.000	-0.067
4510.000	-0.140
4520.000	-0.221
4530.000	-0.294
4540.000	-0.294
4550.000	-0.368
4560.000	-0.441
4570.000	-0.514
4580.000	-0.448
4590.000	-0.521
4600.000	-0.514
4610.000	-0.587
4620.000	-0.506
4630.000	-0.506
4640.000	-0.579
4650.000	-0.579
4660.000	-0.579
4670.000	-0.579
4680.000	-0.579
4690.000	-0.586
4700.000	-0.586
4710.000	-0.586
4720.000	-0.653
4730.000	-0.653
4740.000	-0.579
4750.000	-0.653
4760.000	-0.653
4770.000	-0.653
4780.000	-0.726
4790.000	-0.726
4800.000	-0.726
4810.000	-0.726
4820.000	-0.806
4830.000	-0.806
4840.000	-0.952
4850.000	-0.952
4860.000	-0.952
4870.000	-1.025
4880.000	-1.025
4890.000	-1.025
4900.000	-1.099
4910.000	-1.099
4920.000	-1.025
4930.000	-1.025
4940.000	-0.952
4950.000	-0.879
4960.000	-0.879
4970.000	-0.806
4980.000	-0.806
4990.000	-0.806
5000.000	-0.732
5010.000	-0.732
5020.000	-0.806
5030.000	-0.806
5040.000	-0.806
5050.000	-0.879
5060.000	-0.960
5070.000	-1.034
5080.000	-1.034
5090.000	-1.180
5100.000	-1.326
5110.000	-1.326
5120.000	-1.326
5130.000	-1.400
5140.000	-1.400
5150.000	-1.326
5160.000	-1.318
5170.000	-1.318
5180.000	-1.305
5190.000	-1.159
5200.000	-1.085
5210.000	-1.085
5220.000	-1.012
5230.000	-1.012
5240.000	-1.012
5250.000	-1.012
5260.000	-1.012
5270.000	-1.085
5280.000	-1.025
5290.000	-1.099
5300.000	-1.172
5310.000	-1.172
5320.000	-1.172
5330.000	-1.172
5340.000	-1.099
5350.000	-1.172
5360.000	-1.099
5370.000	-0.952
5380.000	-0.952
5390.000	-0.879
5400.000	-0.806
5410.000	-0.732
5420.000	-0.741
5430.000	-0.667
5440.000	-0.661
5450.000	-0.587
5460.000	-0.587
5470.000	-0.587
5480.000	-0.587
5490.000	-0.587
5500.000	-0.587
5510.000	-0.514
5520.000	-0.514
5530.000	-0.514
5540.000	-0.521
5550.000	-0.521
5560.000	-0.521
5570.000	-0.521
5580.000	-0.521
5590.000	-0.521
5600.000	-0.514
5610.000	-0.514
5620.000	-0.506
5630.000	-0.579
5640.000	-0.579
5650.000	-0.506
5660.000	-0.506
5670.000	-0.579
5680.000	-0.506
5690.000	-0.506
5700.000	-0.513
5710.000	-0.513
5720.000	-0.448
5730.000	-0.448
5740.000	-0.374
5750.000	-0.448
5760.000	-0.374
5770.000	-0.301
5780.000	-0.301
5790.000	-0.301
5800.000	-0.228
5810.000	-0.228
5820.000	-0.228
5830.000	-0.146
5840.000	-0.146
5850.000	-0.073
5860.000	-0.073
5870.000	-0.073
5880.000	-0.073
5890.000	-0.000
5900.000	-0.000
5910.000	-0.000
5920.000	-0.000
5930.000	-0.000
5940.000	-0.000
5950.000	-0.000
5960.000	-0.000
5970.000	-0.000
5980.000	0.073
5990.000	0.073
6000.000	0.073
6010.000	0.146
6020.000	0.146
6030.000	0.146
6040.000	0.220
6050.000	0.220
6060.000	0.293
6070.000	0.293
6080.000	0.220
6090.000	0.293
6100.000	0.366
6110.000	0.293
6120.000	0.366
6130.000	0.366
6140.000	0.366
6150.000	0.366
6160.000	0.366
6170.000	0.366
6180.000	0.439
6190.000	0.366
6200.000	0.366
6210.000	0.366
6220.000	0.293
6230.000	0.366
6240.000	0.293
6250.000	0.366
6260.000	0.293
6270.000	0.293
6280.000	0.293
6290.000	0.293
6300.000	0.220
6310.000	0.293
6320.000	0.293
6330.000	0.220
6340.000	0.293
6350.000	0.220
6360.000	0.220
6370.000	0.220
6380.000	0.220
6390.000	0.220
6400.000	0.220
6410.000	0.213
6420.000	0.213
6430.000	0.213
6440.000	0.140
6450.000	0.213
6460.000	0.213
6470.000	0.213
6480.000	0.140
6490.000	0.140
6500.000	0.140
6510.000	0.073
6520.000	0.146
6530.000	0.146
6540.000	0.146
6550.000	0.073
6560.000	0.073
6570.000	0.073
6580.000	0.073
6590.000	0.073
6600.000	0.073
6610.000	0.073
6620.000	0.073
6630.000	0.073
6640.000	0.073
6650.000	0.073
6660.000	0.073
6670.000	0.073
6680.000	0.073
6690.000	0.073
6700.000	0.073
6710.000	0.073
6720.000	-0.000
6730.000	-0.000
6740.000	-0.000
6750.000	-0.000
6760.000	-0.000
6770.000	-0.000
6780.000	-0.000
6790.000	-0.000
6800.000	-0.000
6810.000	-0.000
6820.000	-0.000
6830.000	-0.073
6840.000	-0.073
6850.000	-0.073
6860.000	-0.073
6870.000	-0.073
6880.000	-0.073
6890.000	-0.073
6900.000	-0.073
6910.000	-0.073
6920.000	-0.073
6930.000	-0.073
6940.000	-0.073
6950.000	-0.073
6960.000	-0.073
6970.000	-0.073
6980.000	-0.073
6990.000	-0.073
7000.000	-0.140
7010.000	-0.140
7020.000	-0.140
7030.000	-0.067
7040.000	-0.067
7050.000	-0.067
7060.000	-0.067
7070.000	-0.067
7080.000	-0.140
7090.000	-0.140
7100.000	-0.073
7110.000	-0.073
7120.000	-0.073
7130.000	-0.073
7140.000	-0.073
7150.000	-0.073
7160.000	-0.073
7170.000	-0.073
7180.000	-0.000
7190.000	-0.000
7200.000	-0.000
7210.000	-0.000
7220.000	-0.000
7230.000	-0.000
7240.000	-0.000
7250.000	-0.000
7260.000	-0.000
7270.000	-0.000
7280.000	-0.000
7290.000	-0.000
7300.000	-0.000
7310.000	-0.000
7320.000	-0.000
7330.000	-0.000
7340.000	-0.000
7350.000	-0.000
7360.000	-0.000
7370.000	-0.000
7380.000	-0.000
7390.000	-0.000
7400.000	-0.000
7410.000	-0.000
7420.000	-0.000
7430.000	-0.000
7440.000	-0.000
7450.000	-0.000
7460.000	-0.000
7470.000	-0.000
7480.000	-0.000
7490.000	-0.000
7500.000	-0.000
7510.000	0.067
7520.000	0.067
7530.000	0.067
7540.000	0.067
7550.000	0.067
7560.000	0.067
7570.000	0.067
7580.000	0.067
7590.000	0.067
7600.000	0.067
7610.000	-0.000
7620.000	-0.000
7630.000	-0.000
7640.000	-0.000
7650.000	-0.000
7660.000	-0.000
7670.000	-0.000
7680.000	0.073
7690.000	0.073
7700.000	0.073
7710.000	0.073
7720.000	0.073
7730.000	0.073
7740.000	0.073
7750.000	0.073
7760.000	0.073
7770.000	0.073
7780.000	-0.000
7790.000	-0.000
7800.000	-0.000
7810.000	-0.000
7820.000	-0.000
7830.000	-0.000
7840.000	-0.000
7850.000	-0.000
7860.000	-0.000
7870.000	-0.000
7880.000	-0.000
7890.000	-0.000
7900.000	-0.000
7910.000	-0.000
7920.000	-0.000
7930.000	-0.000
7940.000	-0.000
7950.000	-0.000
7960.000	-0.000
7970.000	-0.000
7980.000	-0.000
7990.000	-0.000
8000.000	-0.000
8010.000	-0.000
8020.000	-0.073
8030.000	-0.073
8040.000	-0.073
8050.000	-0.073
8060.000	-0.073
8070.000	-0.073
8080.000	-0.073
8090.000	-0.073
8100.000	-0.073
8110.000	-0.073
8120.000	-0.073
8130.000	-0.000
8140.000	-0.000
8150.000	-0.000
8160.000	-0.000
8170.000	-0.000
8180.000	-0.000
8190.000	-0.000
8200.000	-0.000
8210.000	-0.000
8220.000	-0.000
8230.000	-0.000
8240.000	-0.000
8250.000	-0.000
8260.000	-0.000
8270.000	-0.000
8280.000	-0.000
8290.000	-0.000
8300.000	-0.000
8310.000	-0.000
8320.000	-0.000
8330.000	-0.000
8340.000	-0.000
8350.000	-0.000
8360.000	-0.000
8370.000	-0.000
8380.000	-0.000
8390.000	-0.000
8400.000	-0.000
8410.000	-0.000
8420.000	-0.000
8430.000	-0.000
8440.000	-0.000
8450.000	-0.000
8460.000	-0.000
8470.000	-0.000
8480.000	-0.000
8490.000	-0.000
8500.000	-0.000
8510.000	-0.000
8520.000	-0.000
8530.000	-0.000
8540.000	-0.000
8550.000	-0.000
8560.000	-0.000
8570.000	-0.000
8580.000	-0.000
8590.000	-0.000
8600.000	-0.000
8610.000	-0.000
8620.000	-0.000
8630.000	-0.000
8640.000	-0.000
8650.000	-0.000
8660.000	-0.000
8670.000	-0.000
8680.000	-0.000
8690.000	-0.000
8700.000	-0.000
8710.000	-0.000
8720.000	-0.000
8730.000	-0.000
8740.000	-0.000
8750.000	-0.000
8760.000	-0.000
8770.000	-0.000
8780.000	-0.000
8790.000	-0.000
8800.000	-0.000
8810.000	-0.000
8820.000	-0.000
8830.000	-0.000
8840.000	-0.000
8850.000	-0.000
8860.000	-0.000
8870.000	-0.000
8880.000	-0.000
8890.000	-0.000
8900.000	-0.000
8910.000	-0.000
8920.000	-0.000
8930.000	-0.000
8940.000	-0.000
8950.000	-0.000
8960.000	-0.000
8970.000	-0.000
8980.000	-0.000
8990.000	-0.000
9000.000	-0.000
9010.000	-0.000
9020.000	-0.000
9030.000	-0.000
9040.000	-0.000
9050.000	-0.000
9060.000	-0.000
9070.000	-0.000
9080.000	-0.000
9090.000	-0.000
9100.000	-0.000
9110.000	-0.000
9120.000	-0.000
9130.000	-0.000
9140.000	-0.000
9150.000	-0.000
9160.000	-0.000
9170.000	-0.000
9180.000	-0.000
9190.000	-0.000
9200.000	-0.000
9210.000	-0.000
9220.000	-0.000
9230.000	-0.000
9240.000	-0.000
9250.000	-0.000
9260.000	-0.000
9270.000	-0.000
9280.000	-0.000
9290.000	-0.000
9300.000	-0.000
9310.000	-0.000
9320.000	-0.000
9330.000	-0.000
9340.000	-0.000
9350.000	-0.000
9360.000	-0.000
9370.000	-0.000
9380.000	-0.000
9390.000	-0.000
9400.000	-0.000
9410.000	-0.000
9420.000	-0.000
9430.000	-0.000
9440.000	-0.000
9450.000	-0.000
9460.000	-0.000
9470.000	-0.000
9480.000	-0.000
9490.000	-0.000
9500.000	-0.000
9510.000	-0.000
9520.000	-0.000
9530.000	-0.000
9540.000	-0.000
9550.000	-0.000
9560.000	-0.000
9570.000	-0.000
9580.000	-0.000
9590.000	-0.000
9600.000	-0.000
9610.000	-0.000
9620.000	-0.000
9630.000	-0.000
9640.000	-0.000
9650.000	-0.000
9660.000	-0.000
9670.000	-0.000
9680.000	-0.000
9690.000	-0.000
9700.000	-0.000
9710.000	-0.000
9720.000	-0.000
9730.000	-0.000
9740.000	-0.000
9750.000	-0.000
9760.000	-0.000
9770.000	-0.000
9780.000	-0.000
9790.000	-0.000
9800.000	-0.000
9810.000	-0.000
9820.000	-0.000
9830.000	-0.000
9840.000	-0.000
9850.000	-0.000
9860.000	-0.000
9870.000	-0.000
9880.000	-0.000
9890.000	-0.000
9900.000	-0.000
9910.000	-0.000
9920.000	-0.000
9930.000	-0.000
9940.000	-0.000
9950.000	-0.000
9960.000	-0.000
9970.000	-0.000
9980.000	-0.000
9990.000	-0.000
10000.000	-0.000
