%Time [ms]	Speed [rpm]	%3/11/20203:05 PM
0.000	0.000
10.000	126.929
20.000	127.661
30.000	126.782
40.000	127.075
50.000	127.295
60.000	126.709
70.000	126.782
80.000	127.148
90.000	126.636
100.000	126.636
110.000	127.295
120.000	126.196
130.000	126.196
140.000	125.830
150.000	124.658
160.000	123.633
170.000	122.388
180.000	119.897
190.000	117.773
200.000	114.990
210.000	111.035
220.000	107.080
230.000	102.905
240.000	97.559
250.000	92.578
260.000	87.158
270.000	80.493
280.000	74.780
290.000	68.555
300.000	61.523
310.000	54.932
320.000	48.779
330.000	42.204
340.000	35.905
350.000	29.366
360.000	23.361
370.000	18.087
380.000	13.107
390.000	8.598
400.000	5.229
410.000	2.346
420.000	-0.144
430.000	-2.285
440.000	-3.456
450.000	-4.307
460.000	-4.527
470.000	-4.500
480.000	-4.427
490.000	-4.313
500.000	-4.313
510.000	-4.498
520.000	-4.498
530.000	-4.385
540.000	-4.165
550.000	-3.880
560.000	-4.027
570.000	-4.167
580.000	-4.241
590.000	-4.214
600.000	-3.921
610.000	-3.563
620.000	-3.490
630.000	-3.660
640.000	-3.806
650.000	-3.773
660.000	-3.553
670.000	-3.513
680.000	-3.439
690.000	-3.743
700.000	-3.889
710.000	-3.929
720.000	-3.783
730.000	-3.506
740.000	-3.360
750.000	-3.352
760.000	-3.645
770.000	-3.645
780.000	-3.685
790.000	-3.408
800.000	-3.335
810.000	-3.368
820.000	-3.515
830.000	-3.661
840.000	-3.661
850.000	-3.629
860.000	-3.336
870.000	-3.189
880.000	-3.076
890.000	-3.149
900.000	-3.296
910.000	-3.410
920.000	-3.410
930.000	-3.337
940.000	-3.337
950.000	-3.377
960.000	-3.596
970.000	-3.743
980.000	-3.889
990.000	-3.767
1000.000	-3.621
1010.000	-3.448
1020.000	-3.407
1030.000	-3.480
1040.000	-3.627
1050.000	-3.660
1060.000	-3.513
1070.000	-3.367
1080.000	-3.408
1090.000	-3.530
1100.000	-3.636
1110.000	-3.736
1120.000	-3.590
1130.000	-3.443
1140.000	-3.223
1150.000	-3.150
1160.000	-3.223
1170.000	-3.443
1180.000	-3.476
1190.000	-3.476
1200.000	-3.369
1210.000	-3.296
1220.000	-3.442
1230.000	-3.662
1240.000	-3.809
1250.000	-3.882
1260.000	-3.809
1270.000	-3.516
1280.000	-3.442
1290.000	-3.516
1300.000	-3.735
1310.000	-3.809
1320.000	-3.809
1330.000	-3.589
1340.000	-3.589
1350.000	-3.589
1360.000	-3.735
1370.000	-3.882
1380.000	-3.735
1390.000	-3.589
1400.000	-3.296
1410.000	-3.255
1420.000	-3.255
1430.000	-3.428
1440.000	-3.550
1450.000	-3.404
1460.000	-3.404
1470.000	-3.404
1480.000	-3.770
1490.000	-3.770
1500.000	-3.917
1510.000	-3.811
1520.000	-3.811
1530.000	-3.638
1540.000	-3.589
1550.000	-3.589
1560.000	-3.809
1570.000	-3.809
1580.000	-3.809
1590.000	-3.662
1600.000	-3.809
1610.000	-3.809
1620.000	-3.955
1630.000	-3.955
1640.000	-3.955
1650.000	-3.809
1660.000	-3.589
1670.000	-3.589
1680.000	-3.809
1690.000	-3.955
1700.000	-3.955
1710.000	-3.882
1720.000	-3.809
1730.000	-3.955
1740.000	-4.175
1750.000	-4.175
1760.000	-4.175
1770.000	-4.175
1780.000	-3.955
1790.000	-3.955
1800.000	-4.102
1810.000	-4.175
1820.000	-4.028
1830.000	-4.028
1840.000	-4.028
1850.000	-4.201
1860.000	-4.275
1870.000	-4.201
1880.000	-4.128
1890.000	-3.908
1900.000	-3.884
1910.000	-4.104
1920.000	-4.177
1930.000	-4.104
1940.000	-4.104
1950.000	-4.077
1960.000	-4.370
1970.000	-4.370
1980.000	-4.443
1990.000	-4.443
2000.000	-4.355
2010.000	-4.208
2020.000	-4.281
2030.000	-4.355
2040.000	-4.249
2050.000	-4.249
2060.000	-4.062
2070.000	-4.209
2080.000	-4.282
2090.000	-4.282
2100.000	-4.176
2110.000	-3.956
2120.000	-3.883
2130.000	-4.029
2140.000	-4.062
2150.000	-4.135
2160.000	-4.102
2170.000	-4.028
2180.000	-4.175
2190.000	-4.321
2200.000	-4.395
2210.000	-4.468
2220.000	-4.321
2230.000	-4.248
2240.000	-4.468
2250.000	-4.468
2260.000	-4.468
2270.000	-4.395
2280.000	-4.321
2290.000	-4.395
2300.000	-4.468
2310.000	-4.395
2320.000	-4.468
2330.000	-4.321
2340.000	-4.175
2350.000	-4.420
2360.000	-4.420
2370.000	-4.460
2380.000	-4.460
2390.000	-4.460
2400.000	-4.534
2410.000	-4.607
2420.000	-4.607
2430.000	-4.607
2440.000	-4.542
2450.000	-4.542
2460.000	-4.655
2470.000	-4.614
2480.000	-4.614
2490.000	-4.541
2500.000	-4.614
2510.000	-4.614
2520.000	-4.541
2530.000	-4.468
2540.000	-4.468
2550.000	-4.468
2560.000	-4.614
2570.000	-4.614
2580.000	-4.541
2590.000	-4.687
2600.000	-4.687
2610.000	-4.614
2620.000	-4.687
2630.000	-4.687
2640.000	-4.687
2650.000	-4.761
2660.000	-4.641
2670.000	-4.641
2680.000	-4.641
2690.000	-4.641
2700.000	-4.568
2710.000	-4.641
2720.000	-4.568
2730.000	-4.568
2740.000	-4.568
2750.000	-4.494
2760.000	-4.614
2770.000	-4.614
2780.000	-4.687
2790.000	-4.761
2800.000	-4.810
2810.000	-4.810
2820.000	-4.956
2830.000	-5.029
2840.000	-5.029
2850.000	-5.176
2860.000	-5.029
2870.000	-5.029
2880.000	-5.029
2890.000	-5.029
2900.000	-5.029
2910.000	-4.907
2920.000	-4.907
2930.000	-4.907
2940.000	-5.054
2950.000	-4.907
2960.000	-4.934
2970.000	-4.934
2980.000	-5.080
2990.000	-5.007
3000.000	-4.934
3010.000	-4.975
3020.000	-5.008
3030.000	-5.228
3040.000	-5.154
3050.000	-5.008
3060.000	-5.030
3070.000	-5.030
3080.000	-5.043
3090.000	-4.897
3100.000	-4.824
3110.000	-4.783
3120.000	-4.872
3130.000	-4.798
3140.000	-4.745
3150.000	-4.745
3160.000	-4.696
3170.000	-4.770
3180.000	-4.903
3190.000	-4.830
3200.000	-4.863
3210.000	-4.863
3220.000	-4.887
3230.000	-4.960
3240.000	-4.997
3250.000	-4.958
3260.000	-4.958
3270.000	-5.031
3280.000	-4.787
3290.000	-4.820
3300.000	-4.787
3310.000	-4.787
3320.000	-4.860
3330.000	-4.860
3340.000	-4.730
3350.000	-4.843
3360.000	-4.892
3370.000	-4.965
3380.000	-4.876
3390.000	-4.843
3400.000	-4.843
3410.000	-4.989
3420.000	-5.136
3430.000	-4.989
3440.000	-4.989
3450.000	-4.884
3460.000	-4.981
3470.000	-4.855
3480.000	-4.821
3490.000	-4.821
3500.000	-4.821
3510.000	-4.960
3520.000	-4.887
3530.000	-4.840
3540.000	-4.840
3550.000	-4.872
3560.000	-4.946
3570.000	-4.901
3580.000	-4.901
3590.000	-4.901
3600.000	-4.975
3610.000	-4.909
3620.000	-4.909
3630.000	-4.776
3640.000	-4.825
3650.000	-4.825
3660.000	-4.699
3670.000	-4.699
3680.000	-4.699
3690.000	-4.625
3700.000	-4.479
3710.000	-4.479
3720.000	-4.552
3730.000	-4.537
3740.000	-4.537
3750.000	-4.610
3760.000	-4.687
3770.000	-4.687
3780.000	-4.687
3790.000	-4.761
3800.000	-4.721
3810.000	-4.941
3820.000	-4.867
3830.000	-4.827
3840.000	-4.827
3850.000	-4.827
3860.000	-4.827
3870.000	-4.803
3880.000	-4.730
3890.000	-4.696
3900.000	-4.736
3910.000	-4.736
3920.000	-4.683
3930.000	-4.723
3940.000	-4.845
3950.000	-4.798
3960.000	-4.798
3970.000	-4.750
3980.000	-4.823
3990.000	-4.856
4000.000	-4.905
4010.000	-4.838
4020.000	-4.818
4030.000	-4.745
4040.000	-4.696
4050.000	-4.800
4060.000	-4.800
4070.000	-4.693
4080.000	-4.693
4090.000	-4.693
4100.000	-4.645
4110.000	-4.711
4120.000	-4.711
4130.000	-4.744
4140.000	-4.671
4150.000	-4.614
4160.000	-4.614
4170.000	-4.721
4180.000	-4.648
4190.000	-4.648
4200.000	-4.648
4210.000	-4.501
4220.000	-4.501
4230.000	-4.541
4240.000	-4.541
4250.000	-4.468
4260.000	-4.395
4270.000	-4.395
4280.000	-4.541
4290.000	-4.468
4300.000	-4.395
4310.000	-4.248
4320.000	-4.395
4330.000	-4.395
4340.000	-4.468
4350.000	-4.395
4360.000	-4.395
4370.000	-4.541
4380.000	-4.468
4390.000	-4.541
4400.000	-4.541
4410.000	-4.468
4420.000	-4.395
4430.000	-4.468
4440.000	-4.517
4450.000	-4.517
4460.000	-4.337
4470.000	-4.264
4480.000	-4.410
4490.000	-4.410
4500.000	-4.369
4510.000	-4.296
4520.000	-4.110
4530.000	-4.110
4540.000	-4.134
4550.000	-4.207
4560.000	-4.281
4570.000	-4.135
4580.000	-4.155
4590.000	-4.301
4600.000	-4.342
4610.000	-4.342
4620.000	-4.268
4630.000	-4.195
4640.000	-4.215
4650.000	-4.288
4660.000	-4.247
4670.000	-4.247
4680.000	-4.122
4690.000	-4.048
4700.000	-4.148
4710.000	-4.221
4720.000	-4.189
4730.000	-4.042
4740.000	-3.835
4750.000	-3.689
4760.000	-3.855
4770.000	-4.002
4780.000	-3.961
4790.000	-3.815
4800.000	-3.755
4810.000	-3.829
4820.000	-4.068
4830.000	-4.068
4840.000	-4.036
4850.000	-3.962
4860.000	-3.837
4870.000	-3.690
4880.000	-3.857
4890.000	-4.003
4900.000	-3.930
4910.000	-3.930
4920.000	-3.763
4930.000	-3.910
4940.000	-4.083
4950.000	-4.156
4960.000	-4.042
4970.000	-3.969
4980.000	-3.729
4990.000	-3.729
5000.000	-3.949
5010.000	-4.031
5020.000	-4.031
5030.000	-3.924
5040.000	-3.824
5050.000	-3.971
5060.000	-4.117
5070.000	-4.231
5080.000	-4.231
5090.000	-4.058
5100.000	-3.765
5110.000	-3.716
5120.000	-3.936
5130.000	-3.969
5140.000	-3.969
5150.000	-3.823
5160.000	-3.749
5170.000	-3.782
5180.000	-3.928
5190.000	-4.028
5200.000	-4.028
5210.000	-3.882
5220.000	-3.589
5230.000	-3.589
5240.000	-3.735
5250.000	-3.809
5260.000	-3.809
5270.000	-3.735
5280.000	-3.589
5290.000	-3.589
5300.000	-3.809
5310.000	-3.882
5320.000	-3.882
5330.000	-3.735
5340.000	-3.516
5350.000	-3.369
5360.000	-3.296
5370.000	-3.369
5380.000	-3.516
5390.000	-3.516
5400.000	-3.223
5410.000	-3.149
5420.000	-3.149
5430.000	-3.223
5440.000	-3.296
5450.000	-3.369
5460.000	-3.369
5470.000	-3.149
5480.000	-2.930
5490.000	-2.783
5500.000	-2.856
5510.000	-2.783
5520.000	-2.856
5530.000	-3.003
5540.000	-3.003
5550.000	-2.930
5560.000	-2.856
5570.000	-2.930
5580.000	-3.003
5590.000	-3.076
5600.000	-3.149
5610.000	-3.296
5620.000	-3.223
5630.000	-3.003
5640.000	-2.783
5650.000	-2.710
5660.000	-2.783
5670.000	-2.710
5680.000	-2.710
5690.000	-2.856
5700.000	-2.856
5710.000	-2.783
5720.000	-2.710
5730.000	-2.734
5740.000	-2.881
5750.000	-2.881
5760.000	-2.881
5770.000	-3.027
5780.000	-3.027
5790.000	-2.808
5800.000	-2.515
5810.000	-2.515
5820.000	-2.515
5830.000	-2.344
5840.000	-2.344
5850.000	-2.417
5860.000	-2.490
5870.000	-2.490
5880.000	-2.417
5890.000	-2.490
5900.000	-2.563
5910.000	-2.563
5920.000	-2.563
5930.000	-2.617
5940.000	-2.641
5950.000	-2.641
5960.000	-2.681
5970.000	-2.535
5980.000	-2.461
5990.000	-2.388
6000.000	-2.331
6010.000	-2.331
6020.000	-2.245
6030.000	-2.265
6040.000	-2.240
6050.000	-2.167
6060.000	-2.241
6070.000	-2.387
6080.000	-2.367
6090.000	-2.367
6100.000	-2.449
6110.000	-2.429
6120.000	-2.515
6130.000	-2.515
6140.000	-2.515
6150.000	-2.540
6160.000	-2.426
6170.000	-2.326
6180.000	-2.273
6190.000	-2.273
6200.000	-2.175
6210.000	-2.138
6220.000	-1.992
6230.000	-1.992
6240.000	-1.992
6250.000	-1.821
6260.000	-1.821
6270.000	-1.847
6280.000	-1.994
6290.000	-1.994
6300.000	-2.067
6310.000	-2.051
6320.000	-2.051
6330.000	-2.111
6340.000	-2.037
6350.000	-2.037
6360.000	-1.980
6370.000	-1.761
6380.000	-1.761
6390.000	-1.688
6400.000	-1.601
6410.000	-1.674
6420.000	-1.699
6430.000	-1.712
6440.000	-1.699
6450.000	-1.625
6460.000	-1.609
6470.000	-1.536
6480.000	-1.471
6490.000	-1.398
6500.000	-1.331
6510.000	-1.184
6520.000	-1.014
6530.000	-1.014
6540.000	-0.962
6550.000	-1.035
6560.000	-0.955
6570.000	-1.028
6580.000	-1.093
6590.000	-1.093
6600.000	-1.190
6610.000	-1.263
6620.000	-1.389
6630.000	-1.316
6640.000	-1.381
6650.000	-1.308
6660.000	-1.404
6670.000	-1.324
6680.000	-1.324
6690.000	-1.170
6700.000	-1.170
6710.000	-1.090
6720.000	-1.036
6730.000	-1.036
6740.000	-0.963
6750.000	-0.963
6760.000	-0.947
6770.000	-0.954
6780.000	-0.970
6790.000	-1.035
6800.000	-1.035
6810.000	-1.188
6820.000	-1.188
6830.000	-1.188
6840.000	-1.188
6850.000	-1.188
6860.000	-1.188
6870.000	-1.188
6880.000	-1.099
6890.000	-1.099
6900.000	-1.099
6910.000	-0.952
6920.000	-0.952
6930.000	-0.879
6940.000	-0.806
6950.000	-0.806
6960.000	-0.806
6970.000	-0.732
6980.000	-0.732
6990.000	-0.732
7000.000	-0.792
7010.000	-0.792
7020.000	-0.792
7030.000	-0.866
7040.000	-0.866
7050.000	-0.939
7060.000	-1.012
7070.000	-1.012
7080.000	-1.085
7090.000	-1.034
7100.000	-1.034
7110.000	-1.034
7120.000	-1.027
7130.000	-0.954
7140.000	-0.954
7150.000	-0.807
7160.000	-0.734
7170.000	-0.734
7180.000	-0.661
7190.000	-0.587
7200.000	-0.579
7210.000	-0.506
7220.000	-0.513
7230.000	-0.439
7240.000	-0.439
7250.000	-0.439
7260.000	-0.439
7270.000	-0.366
7280.000	-0.366
7290.000	-0.366
7300.000	-0.293
7310.000	-0.293
7320.000	-0.293
7330.000	-0.293
7340.000	-0.220
7350.000	-0.220
7360.000	-0.146
7370.000	-0.146
7380.000	-0.146
7390.000	-0.146
7400.000	-0.146
7410.000	-0.146
7420.000	-0.073
7430.000	-0.073
7440.000	-0.073
7450.000	-0.073
7460.000	-0.073
7470.000	-0.073
7480.000	-0.000
7490.000	0.073
7500.000	0.073
7510.000	0.073
7520.000	0.073
7530.000	0.073
7540.000	0.146
7550.000	0.146
7560.000	0.146
7570.000	0.220
7580.000	0.220
7590.000	0.146
7600.000	0.220
7610.000	0.220
7620.000	0.293
7630.000	0.293
7640.000	0.293
7650.000	0.293
7660.000	0.293
7670.000	0.293
7680.000	0.366
7690.000	0.366
7700.000	0.366
7710.000	0.366
7720.000	0.366
7730.000	0.366
7740.000	0.366
7750.000	0.439
7760.000	0.366
7770.000	0.439
7780.000	0.439
7790.000	0.439
7800.000	0.439
7810.000	0.513
7820.000	0.513
7830.000	0.586
7840.000	0.513
7850.000	0.513
7860.000	0.586
7870.000	0.586
7880.000	0.586
7890.000	0.586
7900.000	0.586
7910.000	0.586
7920.000	0.513
7930.000	0.513
7940.000	0.513
7950.000	0.513
7960.000	0.439
7970.000	0.439
7980.000	0.366
7990.000	0.366
8000.000	0.366
8010.000	0.293
8020.000	0.366
8030.000	0.293
8040.000	0.293
8050.000	0.293
8060.000	0.293
8070.000	0.220
8080.000	0.220
8090.000	0.146
8100.000	0.146
8110.000	0.073
8120.000	0.073
8130.000	0.073
8140.000	0.146
8150.000	0.146
8160.000	0.073
8170.000	0.073
8180.000	0.073
8190.000	0.073
8200.000	0.073
8210.000	0.073
8220.000	0.073
8230.000	0.073
8240.000	-0.000
8250.000	-0.000
8260.000	-0.073
8270.000	-0.073
8280.000	-0.073
8290.000	-0.073
8300.000	-0.073
8310.000	-0.146
8320.000	-0.146
8330.000	-0.146
8340.000	-0.220
8350.000	-0.220
8360.000	-0.146
8370.000	-0.220
8380.000	-0.220
8390.000	-0.220
8400.000	-0.293
8410.000	-0.220
8420.000	-0.220
8430.000	-0.293
8440.000	-0.220
8450.000	-0.220
8460.000	-0.293
8470.000	-0.220
8480.000	-0.293
8490.000	-0.293
8500.000	-0.293
8510.000	-0.293
8520.000	-0.293
8530.000	-0.293
8540.000	-0.293
8550.000	-0.366
8560.000	-0.293
8570.000	-0.293
8580.000	-0.293
8590.000	-0.220
8600.000	-0.220
8610.000	-0.293
8620.000	-0.220
8630.000	-0.220
8640.000	-0.220
8650.000	-0.220
8660.000	-0.220
8670.000	-0.220
8680.000	-0.146
8690.000	-0.146
8700.000	-0.146
8710.000	-0.073
8720.000	-0.073
8730.000	-0.073
8740.000	-0.073
8750.000	-0.073
8760.000	-0.000
8770.000	-0.000
8780.000	-0.000
8790.000	-0.000
8800.000	-0.000
8810.000	-0.000
8820.000	-0.000
8830.000	-0.000
8840.000	-0.000
8850.000	-0.000
8860.000	0.073
8870.000	0.073
8880.000	0.073
8890.000	0.146
8900.000	0.146
8910.000	0.146
8920.000	0.220
8930.000	0.220
8940.000	0.220
8950.000	0.220
8960.000	0.220
8970.000	0.220
8980.000	0.220
8990.000	0.293
9000.000	0.220
9010.000	0.220
9020.000	0.220
9030.000	0.220
9040.000	0.220
9050.000	0.220
9060.000	0.228
9070.000	0.228
9080.000	0.228
9090.000	0.155
9100.000	0.228
9110.000	0.228
9120.000	0.228
9130.000	0.155
9140.000	0.155
9150.000	0.155
9160.000	0.146
9170.000	0.146
9180.000	0.146
9190.000	0.146
9200.000	0.073
9210.000	0.073
9220.000	0.073
9230.000	0.073
9240.000	0.073
9250.000	0.073
9260.000	-0.000
9270.000	-0.000
9280.000	-0.000
9290.000	-0.000
9300.000	-0.000
9310.000	-0.000
9320.000	-0.000
9330.000	-0.000
9340.000	-0.000
9350.000	-0.000
9360.000	-0.000
9370.000	-0.000
9380.000	-0.000
9390.000	-0.000
9400.000	-0.000
9410.000	-0.000
9420.000	-0.000
9430.000	-0.000
9440.000	-0.000
9450.000	-0.000
9460.000	-0.000
9470.000	-0.000
9480.000	-0.073
9490.000	-0.073
9500.000	-0.073
9510.000	-0.073
9520.000	-0.073
9530.000	-0.140
9540.000	-0.140
9550.000	-0.140
9560.000	-0.140
9570.000	-0.140
9580.000	-0.067
9590.000	-0.140
9600.000	-0.140
9610.000	-0.140
9620.000	-0.140
9630.000	-0.073
9640.000	-0.073
9650.000	-0.146
9660.000	-0.146
9670.000	-0.146
9680.000	-0.146
9690.000	-0.073
9700.000	-0.073
9710.000	-0.073
9720.000	-0.073
9730.000	-0.073
9740.000	-0.073
9750.000	-0.081
9760.000	-0.081
9770.000	-0.081
9780.000	-0.081
9790.000	-0.081
9800.000	-0.081
9810.000	-0.081
9820.000	-0.081
9830.000	-0.081
9840.000	-0.081
9850.000	-0.000
9860.000	-0.000
9870.000	-0.000
9880.000	-0.000
9890.000	-0.000
9900.000	-0.000
9910.000	-0.000
9920.000	-0.000
9930.000	-0.000
9940.000	0.081
9950.000	0.081
9960.000	0.081
9970.000	0.081
9980.000	0.081
9990.000	0.081
10000.000	0.081
10010.000	0.081
10020.000	0.155
10030.000	0.155
10040.000	0.073
10050.000	0.073
10060.000	0.073
10070.000	0.073
10080.000	0.073
10090.000	0.146
10100.000	0.146
10110.000	0.146
10120.000	0.073
10130.000	0.073
10140.000	0.073
10150.000	0.073
10160.000	0.073
10170.000	0.073
10180.000	0.073
10190.000	-0.000
