%Time [ms]	Speed [rpm]	%3/11/20203:09 PM
0.000	0.000
10.000	126.270
20.000	126.782
30.000	126.270
40.000	126.416
50.000	126.562
60.000	127.336
70.000	127.848
80.000	126.956
90.000	126.224
100.000	126.663
110.000	126.297
120.000	124.539
130.000	124.173
140.000	123.074
150.000	120.511
160.000	117.394
170.000	114.244
180.000	111.548
190.000	107.373
200.000	102.979
210.000	97.998
220.000	92.578
230.000	87.012
240.000	81.128
250.000	75.562
260.000	68.750
270.000	62.231
280.000	56.006
290.000	49.341
300.000	42.912
310.000	36.393
320.000	30.501
330.000	24.348
340.000	18.147
350.000	12.288
360.000	7.486
370.000	3.604
380.000	-0.457
390.000	-3.021
400.000	-5.820
410.000	-7.358
420.000	-8.586
430.000	-9.685
440.000	-9.965
450.000	-10.038
460.000	-9.631
470.000	-9.777
480.000	-9.866
490.000	-9.720
500.000	-9.720
510.000	-9.573
520.000	-9.484
530.000	-9.484
540.000	-9.497
550.000	-9.424
560.000	-9.291
570.000	-9.071
580.000	-9.071
590.000	-8.991
600.000	-8.771
610.000	-8.918
620.000	-8.771
630.000	-8.698
640.000	-8.698
650.000	-8.332
660.000	-8.538
670.000	-8.612
680.000	-8.050
690.000	-8.276
700.000	-8.276
710.000	-8.130
720.000	-7.902
730.000	-7.902
740.000	-7.556
750.000	-7.776
760.000	-7.849
770.000	-7.776
780.000	-7.922
790.000	-7.556
800.000	-7.190
810.000	-7.043
820.000	-7.116
830.000	-7.198
840.000	-7.324
850.000	-7.324
860.000	-7.031
870.000	-6.885
880.000	-6.738
890.000	-7.031
900.000	-7.104
910.000	-7.104
920.000	-6.958
930.000	-6.738
940.000	-6.519
950.000	-6.226
960.000	-6.445
970.000	-6.592
980.000	-6.519
990.000	-6.372
1000.000	-6.372
1010.000	-6.299
1020.000	-5.933
1030.000	-6.079
1040.000	-6.445
1050.000	-6.372
1060.000	-6.152
1070.000	-6.152
1080.000	-6.079
1090.000	-5.713
1100.000	-5.566
1110.000	-5.566
1120.000	-5.859
1130.000	-5.786
1140.000	-5.493
1150.000	-5.493
1160.000	-5.566
1170.000	-5.347
1180.000	-5.273
1190.000	-5.200
1200.000	-5.347
1210.000	-5.493
1220.000	-5.200
1230.000	-5.054
1240.000	-4.980
1250.000	-5.054
1260.000	-4.834
1270.000	-4.801
1280.000	-4.695
1290.000	-4.622
1300.000	-4.475
1310.000	-4.475
1320.000	-4.524
1330.000	-4.524
1340.000	-4.484
1350.000	-4.338
1360.000	-4.484
1370.000	-4.443
1380.000	-4.436
1390.000	-4.436
1400.000	-4.329
1410.000	-4.036
1420.000	-4.061
1430.000	-4.134
1440.000	-4.142
1450.000	-3.995
1460.000	-3.742
1470.000	-3.669
1480.000	-3.856
1490.000	-3.888
1500.000	-3.849
1510.000	-3.482
1520.000	-3.482
1530.000	-3.189
1540.000	-3.149
1550.000	-3.149
1560.000	-3.255
1570.000	-3.328
1580.000	-3.182
1590.000	-3.123
1600.000	-3.050
1610.000	-3.123
1620.000	-3.155
1630.000	-3.375
1640.000	-3.375
1650.000	-3.229
1660.000	-3.009
1670.000	-2.862
1680.000	-2.716
1690.000	-2.596
1700.000	-2.576
1710.000	-2.576
1720.000	-2.544
1730.000	-2.470
1740.000	-2.421
1750.000	-2.421
1760.000	-2.401
1770.000	-2.328
1780.000	-2.255
1790.000	-2.255
1800.000	-2.299
1810.000	-2.153
1820.000	-1.993
1830.000	-1.773
1840.000	-1.676
1850.000	-1.676
1860.000	-1.639
1870.000	-1.639
1880.000	-1.559
1890.000	-1.486
1900.000	-1.388
1910.000	-1.315
1920.000	-1.181
1930.000	-1.108
1940.000	-1.028
1950.000	-0.882
1960.000	-0.719
1970.000	-0.646
1980.000	-0.579
1990.000	-0.506
2000.000	-0.360
2010.000	-0.360
2020.000	-0.360
2030.000	-0.286
2040.000	-0.220
2050.000	-0.146
2060.000	-0.146
2070.000	-0.073
2080.000	-0.073
2090.000	-0.007
2100.000	-0.007
2110.000	0.140
2120.000	0.213
2130.000	0.213
2140.000	0.286
2150.000	0.360
2160.000	0.360
2170.000	0.506
2180.000	0.513
2190.000	0.513
2200.000	0.732
2210.000	0.732
2220.000	0.806
2230.000	1.025
2240.000	1.099
2250.000	1.099
2260.000	1.172
2270.000	1.245
2280.000	1.318
2290.000	1.318
2300.000	1.318
2310.000	1.392
2320.000	1.392
2330.000	1.392
2340.000	1.318
2350.000	1.392
2360.000	1.392
2370.000	1.465
2380.000	1.685
2390.000	1.685
2400.000	1.831
2410.000	1.904
2420.000	1.891
2430.000	1.907
2440.000	1.907
2450.000	1.894
2460.000	1.894
2470.000	1.821
2480.000	1.747
2490.000	1.699
2500.000	1.699
2510.000	1.679
2520.000	1.838
2530.000	1.895
2540.000	1.969
2550.000	2.080
2560.000	2.080
2570.000	2.133
2580.000	2.133
2590.000	2.108
2600.000	2.182
2610.000	2.226
2620.000	2.299
2630.000	2.346
2640.000	2.273
2650.000	2.248
2660.000	2.248
2670.000	2.195
2680.000	2.195
2690.000	2.122
2700.000	1.975
2710.000	1.878
2720.000	1.731
2730.000	1.864
2740.000	1.864
2750.000	1.844
2760.000	1.917
2770.000	1.990
2780.000	2.063
2790.000	2.063
2800.000	2.137
2810.000	2.210
2820.000	2.210
2830.000	2.283
2840.000	2.324
2850.000	2.450
2860.000	2.450
2870.000	2.430
2880.000	2.356
2890.000	2.356
2900.000	2.356
2910.000	2.299
2920.000	2.299
2930.000	2.206
2940.000	2.133
2950.000	2.100
2960.000	2.174
2970.000	2.299
2980.000	2.373
2990.000	2.426
3000.000	2.426
3010.000	2.556
3020.000	2.629
3030.000	2.836
3040.000	2.836
3050.000	2.810
3060.000	2.737
3070.000	2.558
3080.000	2.558
3090.000	2.521
3100.000	2.521
3110.000	2.361
3120.000	2.288
3130.000	2.174
3140.000	2.174
3150.000	2.233
3160.000	2.233
3170.000	2.286
3180.000	2.286
3190.000	2.343
3200.000	2.343
3210.000	2.535
3220.000	2.609
3230.000	2.649
3240.000	2.649
3250.000	2.543
3260.000	2.543
3270.000	2.506
3280.000	2.506
3290.000	2.419
3300.000	2.444
3310.000	2.338
3320.000	2.311
3330.000	2.344
3340.000	2.344
3350.000	2.418
3360.000	2.442
3370.000	2.572
3380.000	2.552
3390.000	2.712
3400.000	2.794
3410.000	2.973
3420.000	3.000
3430.000	2.959
3440.000	2.866
3450.000	2.793
3460.000	2.768
3470.000	2.695
3480.000	2.740
3490.000	2.740
3500.000	2.747
3510.000	2.714
3520.000	2.714
3530.000	2.608
3540.000	2.734
3550.000	2.807
3560.000	2.920
3570.000	3.140
3580.000	3.262
3590.000	3.262
3600.000	3.173
3610.000	3.100
3620.000	3.007
3630.000	3.007
3640.000	2.974
3650.000	3.121
3660.000	3.195
3670.000	2.975
3680.000	2.975
3690.000	2.975
3700.000	3.024
3710.000	3.024
3720.000	3.337
3730.000	3.483
3740.000	3.483
3750.000	3.263
3760.000	3.003
3770.000	3.003
3780.000	2.930
3790.000	3.076
3800.000	3.076
3810.000	3.149
3820.000	2.856
3830.000	2.856
3840.000	2.856
3850.000	3.149
3860.000	3.149
3870.000	3.369
3880.000	3.589
3890.000	3.589
3900.000	3.442
3910.000	3.296
3920.000	3.296
3930.000	3.296
3940.000	3.589
3950.000	3.589
3960.000	3.516
3970.000	3.223
3980.000	3.223
3990.000	3.296
4000.000	3.735
4010.000	3.735
4020.000	3.735
4030.000	3.516
4040.000	3.369
4050.000	3.369
4060.000	3.263
4070.000	3.263
4080.000	3.458
4090.000	3.458
4100.000	3.351
4110.000	3.132
4120.000	3.205
4130.000	3.278
4140.000	3.709
4150.000	3.856
4160.000	3.903
4170.000	3.863
4180.000	3.667
4190.000	3.667
4200.000	3.741
4210.000	3.914
4220.000	3.988
4230.000	3.988
4240.000	3.703
4250.000	3.703
4260.000	4.022
4270.000	4.169
4280.000	4.242
4290.000	4.201
4300.000	4.088
4310.000	3.954
4320.000	4.028
4330.000	4.150
4340.000	4.116
4350.000	4.043
4360.000	3.823
4370.000	3.897
4380.000	4.116
4390.000	4.157
4400.000	4.230
4410.000	4.190
4420.000	4.044
4430.000	4.068
4440.000	4.248
4450.000	4.248
4460.000	4.248
4470.000	4.175
4480.000	4.102
4490.000	4.321
4500.000	4.362
4510.000	4.435
4520.000	4.335
4530.000	4.189
4540.000	4.116
4550.000	4.262
4560.000	4.303
4570.000	4.230
4580.000	4.116
4590.000	3.970
4600.000	4.222
4610.000	4.222
4620.000	4.363
4630.000	4.289
4640.000	4.183
4650.000	4.110
4660.000	4.215
4670.000	4.289
4680.000	4.296
4690.000	4.223
4700.000	4.096
4710.000	4.243
4720.000	4.275
4730.000	4.349
4740.000	4.309
4750.000	4.162
4760.000	4.089
4770.000	4.219
4780.000	4.252
4790.000	4.218
4800.000	4.052
4810.000	4.052
4820.000	4.198
4830.000	4.321
4840.000	4.394
4850.000	4.434
4860.000	4.287
4870.000	4.230
4880.000	4.377
4890.000	4.451
4900.000	4.524
4910.000	4.411
4920.000	4.411
4930.000	4.435
4940.000	4.508
4950.000	4.501
4960.000	4.501
4970.000	4.321
4980.000	4.248
4990.000	4.354
5000.000	4.354
5010.000	4.361
5020.000	4.215
5030.000	4.301
5040.000	4.375
5050.000	4.415
5060.000	4.415
5070.000	4.489
5080.000	4.343
5090.000	4.429
5100.000	4.429
5110.000	4.462
5120.000	4.462
5130.000	4.432
5140.000	4.579
5150.000	4.545
5160.000	4.619
5170.000	4.505
5180.000	4.578
5190.000	4.491
5200.000	4.622
5210.000	4.582
5220.000	4.508
5230.000	4.378
5240.000	4.378
5250.000	4.615
5260.000	4.615
5270.000	4.588
5280.000	4.515
5290.000	4.515
5300.000	4.531
5310.000	4.620
5320.000	4.693
5330.000	4.720
5340.000	4.647
5350.000	4.590
5360.000	4.663
5370.000	4.722
5380.000	4.722
5390.000	4.676
5400.000	4.602
5410.000	4.602
5420.000	4.602
5430.000	4.649
5440.000	4.722
5450.000	4.722
5460.000	4.722
5470.000	4.690
5480.000	4.690
5490.000	4.736
5500.000	4.810
5510.000	4.834
5520.000	4.834
5530.000	4.834
5540.000	4.834
5550.000	4.761
5560.000	4.761
5570.000	4.761
5580.000	4.761
5590.000	4.687
5600.000	4.687
5610.000	4.614
5620.000	4.687
5630.000	4.687
5640.000	4.614
5650.000	4.687
5660.000	4.687
5670.000	4.687
5680.000	4.687
5690.000	4.687
5700.000	4.761
5710.000	4.687
5720.000	4.687
5730.000	4.687
5740.000	4.687
5750.000	4.687
5760.000	4.687
5770.000	4.541
5780.000	4.541
5790.000	4.468
5800.000	4.468
5810.000	4.468
5820.000	4.468
5830.000	4.248
5840.000	4.248
5850.000	4.395
5860.000	4.468
5870.000	4.468
5880.000	4.468
5890.000	4.395
5900.000	4.395
5910.000	4.468
5920.000	4.541
5930.000	4.501
5940.000	4.501
5950.000	4.501
5960.000	4.501
5970.000	4.615
5980.000	4.615
5990.000	4.508
6000.000	4.435
6010.000	4.435
6020.000	4.435
6030.000	4.524
6040.000	4.231
6050.000	4.231
6060.000	4.451
6070.000	4.483
6080.000	4.483
6090.000	4.517
6100.000	4.443
6110.000	4.370
6120.000	4.463
6130.000	4.415
6140.000	4.415
6150.000	4.390
6160.000	4.317
6170.000	4.343
6180.000	4.417
6190.000	4.343
6200.000	4.343
6210.000	4.230
6220.000	4.210
6230.000	4.236
6240.000	4.236
6250.000	4.114
6260.000	3.968
6270.000	4.014
6280.000	4.161
6290.000	4.234
6300.000	4.234
6310.000	4.201
6320.000	3.982
6330.000	4.004
6340.000	4.150
6350.000	4.184
6360.000	4.037
6370.000	3.891
6380.000	3.817
6390.000	4.021
6400.000	4.167
6410.000	4.167
6420.000	4.167
6430.000	3.752
6440.000	3.752
6450.000	3.752
6460.000	3.899
6470.000	3.972
6480.000	3.826
6490.000	3.622
6500.000	3.549
6510.000	3.695
6520.000	3.915
6530.000	4.062
6540.000	4.062
6550.000	3.882
6560.000	3.809
6570.000	3.735
6580.000	3.955
6590.000	4.028
6600.000	3.955
6610.000	3.809
6620.000	3.662
6630.000	3.735
6640.000	3.955
6650.000	4.102
6660.000	4.028
6670.000	3.882
6680.000	3.662
6690.000	3.516
6700.000	3.516
6710.000	3.662
6720.000	3.703
6730.000	3.483
6740.000	3.237
6750.000	3.237
6760.000	3.310
6770.000	3.530
6780.000	3.725
6790.000	3.725
6800.000	3.559
6810.000	3.412
6820.000	3.225
6830.000	3.298
6840.000	3.439
6850.000	3.512
6860.000	3.479
6870.000	3.259
6880.000	3.064
6890.000	3.064
6900.000	3.271
6910.000	3.417
6920.000	3.597
6930.000	3.524
6940.000	3.337
6950.000	3.117
6960.000	3.028
6970.000	3.028
6980.000	3.001
6990.000	3.075
7000.000	3.034
7010.000	2.888
7020.000	2.659
7030.000	2.659
7040.000	2.659
7050.000	2.732
7060.000	2.854
7070.000	2.854
7080.000	2.954
7090.000	2.734
7100.000	2.734
7110.000	2.641
7120.000	2.617
7130.000	2.544
7140.000	2.544
7150.000	2.397
7160.000	2.397
7170.000	2.324
7180.000	2.251
7190.000	2.251
7200.000	2.251
7210.000	2.271
7220.000	2.271
7230.000	2.271
7240.000	2.271
7250.000	2.344
7260.000	2.344
7270.000	2.344
7280.000	2.417
7290.000	2.344
7300.000	2.344
7310.000	2.344
7320.000	2.271
7330.000	2.271
7340.000	2.197
7350.000	2.124
7360.000	2.051
7370.000	1.978
7380.000	1.758
7390.000	1.758
7400.000	1.831
7410.000	1.831
7420.000	1.904
7430.000	1.978
7440.000	1.978
7450.000	1.978
7460.000	1.978
7470.000	1.904
7480.000	1.978
7490.000	1.904
7500.000	1.831
7510.000	1.831
7520.000	1.831
7530.000	1.831
7540.000	1.831
7550.000	1.904
7560.000	1.831
7570.000	1.831
7580.000	1.758
7590.000	1.685
7600.000	1.538
7610.000	1.465
7620.000	1.318
7630.000	1.107
7640.000	1.107
7650.000	0.960
7660.000	0.960
7670.000	0.960
7680.000	0.887
7690.000	0.960
7700.000	0.960
7710.000	0.960
7720.000	1.025
7730.000	1.025
7740.000	1.025
7750.000	0.952
7760.000	0.952
7770.000	0.952
7780.000	0.879
7790.000	0.879
7800.000	0.879
7810.000	0.732
7820.000	0.732
7830.000	0.659
7840.000	0.586
7850.000	0.513
7860.000	0.513
7870.000	0.366
7880.000	0.366
7890.000	0.366
7900.000	0.293
7910.000	0.293
7920.000	0.220
7930.000	0.146
7940.000	0.146
7950.000	0.146
7960.000	0.073
7970.000	0.073
7980.000	0.073
7990.000	-0.000
8000.000	-0.000
8010.000	-0.000
8020.000	-0.073
8030.000	-0.073
8040.000	-0.073
8050.000	-0.146
8060.000	-0.146
8070.000	-0.228
8080.000	-0.228
8090.000	-0.294
8100.000	-0.368
8110.000	-0.368
8120.000	-0.368
8130.000	-0.449
8140.000	-0.522
8150.000	-0.516
8160.000	-0.597
8170.000	-0.589
8180.000	-0.722
8190.000	-0.729
8200.000	-0.729
8210.000	-0.802
8220.000	-0.810
8230.000	-0.802
8240.000	-0.795
8250.000	-0.802
8260.000	-0.794
8270.000	-0.794
8280.000	-0.742
8290.000	-0.742
8300.000	-0.735
8310.000	-0.735
8320.000	-0.727
8330.000	-0.654
8340.000	-0.669
8350.000	-0.669
8360.000	-0.662
8370.000	-0.662
8380.000	-0.662
8390.000	-0.662
8400.000	-0.669
8410.000	-0.742
8420.000	-0.742
8430.000	-0.815
8440.000	-0.880
8450.000	-0.880
8460.000	-0.887
8470.000	-1.025
8480.000	-1.025
8490.000	-1.099
8500.000	-1.172
8510.000	-1.172
8520.000	-1.099
8530.000	-1.099
8540.000	-1.099
8550.000	-1.025
8560.000	-0.879
8570.000	-0.879
8580.000	-0.879
8590.000	-0.806
8600.000	-0.806
8610.000	-0.732
8620.000	-0.732
8630.000	-0.732
8640.000	-0.732
8650.000	-0.732
8660.000	-0.732
8670.000	-0.732
8680.000	-0.732
8690.000	-0.732
8700.000	-0.659
8710.000	-0.732
8720.000	-0.732
8730.000	-0.732
8740.000	-0.732
8750.000	-0.732
8760.000	-0.732
8770.000	-0.732
8780.000	-0.732
8790.000	-0.732
8800.000	-0.732
8810.000	-0.732
8820.000	-0.659
8830.000	-0.586
8840.000	-0.586
8850.000	-0.586
8860.000	-0.513
8870.000	-0.513
8880.000	-0.439
8890.000	-0.366
8900.000	-0.366
8910.000	-0.439
8920.000	-0.293
8930.000	-0.293
8940.000	-0.293
8950.000	-0.293
8960.000	-0.293
8970.000	-0.220
8980.000	-0.220
8990.000	-0.220
9000.000	-0.220
9010.000	-0.146
9020.000	-0.146
9030.000	-0.146
9040.000	-0.146
9050.000	-0.073
9060.000	-0.073
9070.000	-0.146
9080.000	-0.146
9090.000	-0.073
9100.000	-0.073
9110.000	-0.073
9120.000	-0.073
9130.000	-0.073
9140.000	-0.073
9150.000	-0.073
9160.000	-0.000
9170.000	0.073
9180.000	0.073
9190.000	0.073
9200.000	0.073
9210.000	0.155
9220.000	0.155
9230.000	0.155
9240.000	0.155
9250.000	0.228
9260.000	0.155
9270.000	0.155
9280.000	0.228
9290.000	0.228
9300.000	0.228
9310.000	0.220
9320.000	0.220
9330.000	0.301
9340.000	0.301
9350.000	0.228
9360.000	0.301
9370.000	0.301
9380.000	0.301
9390.000	0.301
9400.000	0.374
9410.000	0.301
9420.000	0.374
9430.000	0.293
9440.000	0.366
9450.000	0.366
9460.000	0.366
9470.000	0.439
9480.000	0.366
9490.000	0.439
9500.000	0.366
9510.000	0.439
9520.000	0.366
9530.000	0.439
9540.000	0.366
9550.000	0.439
9560.000	0.366
9570.000	0.293
9580.000	0.366
9590.000	0.293
9600.000	0.293
9610.000	0.293
9620.000	0.293
9630.000	0.220
9640.000	0.220
9650.000	0.220
9660.000	0.220
9670.000	0.220
9680.000	0.146
9690.000	0.146
9700.000	0.146
9710.000	0.140
9720.000	0.140
9730.000	0.140
9740.000	0.140
9750.000	0.067
9760.000	0.067
9770.000	0.067
9780.000	0.067
9790.000	0.067
9800.000	0.067
9810.000	-0.000
9820.000	-0.000
9830.000	-0.000
9840.000	-0.000
9850.000	-0.000
9860.000	-0.000
9870.000	-0.000
9880.000	-0.000
9890.000	-0.000
9900.000	-0.067
9910.000	-0.067
9920.000	-0.067
9930.000	-0.067
9940.000	-0.067
9950.000	-0.067
9960.000	-0.140
9970.000	-0.140
9980.000	-0.140
9990.000	-0.140
10000.000	-0.146
