%Time [ms]	Speed [rpm]	%3/11/20203:13 PM
0.000	0.000
10.000	125.351
20.000	126.010
30.000	126.123
40.000	126.416
50.000	127.368
60.000	126.343
70.000	126.562
80.000	127.148
90.000	126.123
100.000	126.196
110.000	126.050
120.000	124.146
130.000	123.413
140.000	121.948
150.000	118.726
160.000	116.455
170.000	113.525
180.000	109.635
190.000	106.047
200.000	100.540
210.000	94.607
220.000	89.334
230.000	83.255
240.000	77.339
250.000	71.259
260.000	64.774
270.000	57.816
280.000	50.573
290.000	43.542
300.000	37.712
310.000	31.194
320.000	25.141
330.000	19.062
340.000	12.747
350.000	7.620
360.000	2.338
370.000	-1.910
380.000	-5.173
390.000	-8.444
400.000	-12.196
410.000	-12.196
420.000	-13.541
430.000	-14.713
440.000	-14.713
450.000	-15.225
460.000	-14.517
470.000	-14.517
480.000	-14.551
490.000	-14.136
500.000	-14.136
510.000	-14.282
520.000	-14.136
530.000	-14.136
540.000	-13.916
550.000	-13.696
560.000	-13.696
570.000	-13.696
580.000	-13.550
590.000	-13.550
600.000	-13.257
610.000	-13.330
620.000	-12.784
630.000	-13.077
640.000	-13.077
650.000	-12.857
660.000	-12.621
670.000	-12.475
680.000	-12.621
690.000	-12.182
700.000	-12.328
710.000	-12.328
720.000	-12.581
730.000	-12.069
740.000	-12.069
750.000	-12.215
760.000	-11.865
770.000	-11.865
780.000	-12.012
790.000	-12.158
800.000	-12.158
810.000	-11.865
820.000	-12.012
830.000	-12.012
840.000	-11.938
850.000	-11.499
860.000	-11.499
870.000	-11.719
880.000	-11.353
890.000	-11.353
900.000	-11.206
910.000	-11.279
920.000	-11.279
930.000	-11.133
940.000	-10.767
950.000	-11.226
960.000	-11.063
970.000	-10.624
980.000	-10.624
990.000	-11.137
1000.000	-10.917
1010.000	-10.917
1020.000	-10.551
1030.000	-10.990
1040.000	-10.990
1050.000	-10.750
1060.000	-10.400
1070.000	-10.400
1080.000	-10.840
1090.000	-10.547
1100.000	-10.547
1110.000	-10.181
1120.000	-10.327
1130.000	-10.327
1140.000	-10.107
1150.000	-10.254
1160.000	-9.888
1170.000	-10.147
1180.000	-9.781
1190.000	-9.854
1200.000	-9.732
1210.000	-9.952
1220.000	-9.952
1230.000	-9.732
1240.000	-9.879
1250.000	-9.586
1260.000	-9.586
1270.000	-9.766
1280.000	-9.612
1290.000	-9.686
1300.000	-9.442
1310.000	-9.442
1320.000	-9.490
1330.000	-9.490
1340.000	-9.324
1350.000	-9.324
1360.000	-9.226
1370.000	-9.226
1380.000	-9.306
1390.000	-9.306
1400.000	-9.306
1410.000	-9.160
1420.000	-8.891
1430.000	-8.891
1440.000	-8.765
1450.000	-8.984
1460.000	-8.984
1470.000	-8.569
1480.000	-8.689
1490.000	-8.616
1500.000	-8.616
1510.000	-8.762
1520.000	-8.543
1530.000	-8.250
1540.000	-8.469
1550.000	-8.176
1560.000	-8.543
1570.000	-8.396
1580.000	-8.057
1590.000	-8.276
1600.000	-8.130
1610.000	-8.130
1620.000	-8.423
1630.000	-8.203
1640.000	-7.764
1650.000	-7.910
1660.000	-7.764
1670.000	-7.837
1680.000	-8.154
1690.000	-7.788
1700.000	-7.515
1710.000	-7.841
1720.000	-7.767
1730.000	-7.781
1740.000	-8.074
1750.000	-7.707
1760.000	-7.341
1770.000	-7.268
1780.000	-7.398
1790.000	-7.398
1800.000	-7.598
1810.000	-7.346
1820.000	-7.073
1830.000	-7.059
1840.000	-7.059
1850.000	-7.206
1860.000	-7.426
1870.000	-7.499
1880.000	-7.213
1890.000	-6.838
1900.000	-6.618
1910.000	-6.692
1920.000	-6.973
1930.000	-6.973
1940.000	-6.893
1950.000	-6.820
1960.000	-6.576
1970.000	-6.376
1980.000	-6.516
1990.000	-6.809
2000.000	-6.882
2010.000	-6.735
2020.000	-6.654
2030.000	-6.468
2040.000	-6.181
2050.000	-6.181
2060.000	-6.499
2070.000	-6.617
2080.000	-6.397
2090.000	-6.464
2100.000	-6.391
2110.000	-6.146
2120.000	-5.947
2130.000	-6.353
2140.000	-6.499
2150.000	-6.353
2160.000	-6.206
2170.000	-6.214
2180.000	-6.068
2190.000	-5.757
2200.000	-5.757
2210.000	-6.068
2220.000	-6.121
2230.000	-5.828
2240.000	-5.828
2250.000	-6.048
2260.000	-5.902
2270.000	-5.642
2280.000	-5.715
2290.000	-6.032
2300.000	-6.106
2310.000	-5.795
2320.000	-5.722
2330.000	-5.808
2340.000	-5.589
2350.000	-5.222
2360.000	-5.149
2370.000	-5.319
2380.000	-5.539
2390.000	-5.266
2400.000	-5.120
2410.000	-5.144
2420.000	-5.364
2430.000	-5.253
2440.000	-5.179
2450.000	-5.213
2460.000	-5.286
2470.000	-5.449
2480.000	-5.229
2490.000	-5.185
2500.000	-5.185
2510.000	-5.271
2520.000	-4.978
2530.000	-4.856
2540.000	-4.856
2550.000	-4.823
2560.000	-4.896
2570.000	-4.823
2580.000	-4.750
2590.000	-4.701
2600.000	-4.774
2610.000	-4.907
2620.000	-4.834
2630.000	-4.801
2640.000	-4.801
2650.000	-5.094
2660.000	-5.094
2670.000	-4.947
2680.000	-4.874
2690.000	-4.874
2700.000	-4.874
2710.000	-4.727
2720.000	-4.727
2730.000	-4.687
2740.000	-4.541
2750.000	-4.541
2760.000	-4.321
2770.000	-4.395
2780.000	-4.395
2790.000	-4.468
2800.000	-4.321
2810.000	-4.321
2820.000	-4.468
2830.000	-4.468
2840.000	-4.468
2850.000	-4.468
2860.000	-4.321
2870.000	-4.321
2880.000	-4.395
2890.000	-4.395
2900.000	-4.288
2910.000	-4.142
2920.000	-4.142
2930.000	-4.215
2940.000	-4.329
2950.000	-4.255
2960.000	-4.156
2970.000	-3.863
2980.000	-3.863
2990.000	-4.009
3000.000	-4.164
3010.000	-4.164
3020.000	-3.985
3030.000	-4.058
3040.000	-4.237
3050.000	-4.310
3060.000	-4.337
3070.000	-4.337
3080.000	-4.190
3090.000	-4.174
3100.000	-4.218
3110.000	-4.218
3120.000	-4.252
3130.000	-4.105
3140.000	-3.886
3150.000	-4.089
3160.000	-4.162
3170.000	-4.202
3180.000	-4.056
3190.000	-3.779
3200.000	-3.539
3210.000	-3.661
3220.000	-3.808
3230.000	-3.908
3240.000	-3.834
3250.000	-3.631
3260.000	-3.631
3270.000	-3.786
3280.000	-4.079
3290.000	-4.119
3300.000	-4.119
3310.000	-3.924
3320.000	-3.704
3330.000	-3.726
3340.000	-3.946
3350.000	-3.979
3360.000	-3.979
3370.000	-3.784
3380.000	-3.564
3390.000	-3.720
3400.000	-3.866
3410.000	-3.906
3420.000	-3.906
3430.000	-3.638
3440.000	-3.418
3450.000	-3.263
3460.000	-3.189
3470.000	-3.296
3480.000	-3.442
3490.000	-3.320
3500.000	-3.174
3510.000	-3.166
3520.000	-3.166
3530.000	-3.346
3540.000	-3.493
3550.000	-3.615
3560.000	-3.615
3570.000	-3.435
3580.000	-3.289
3590.000	-3.215
3600.000	-3.215
3610.000	-3.329
3620.000	-3.476
3630.000	-3.369
3640.000	-3.223
3650.000	-3.149
3660.000	-3.255
3670.000	-3.255
3680.000	-3.362
3690.000	-3.435
3700.000	-3.435
3710.000	-3.215
3720.000	-2.996
3730.000	-2.922
3740.000	-2.849
3750.000	-2.849
3760.000	-2.963
3770.000	-3.109
3780.000	-3.003
3790.000	-3.003
3800.000	-3.003
3810.000	-3.003
3820.000	-3.149
3830.000	-3.296
3840.000	-3.516
3850.000	-3.516
3860.000	-3.296
3870.000	-3.076
3880.000	-3.003
3890.000	-2.930
3900.000	-2.930
3910.000	-3.149
3920.000	-3.223
3930.000	-3.149
3940.000	-3.003
3950.000	-2.930
3960.000	-3.003
3970.000	-3.076
3980.000	-3.223
3990.000	-3.296
4000.000	-3.101
4010.000	-3.101
4020.000	-2.881
4030.000	-2.734
4040.000	-2.734
4050.000	-2.734
4060.000	-2.808
4070.000	-2.808
4080.000	-2.881
4090.000	-2.808
4100.000	-2.808
4110.000	-2.856
4120.000	-3.003
4130.000	-3.003
4140.000	-3.223
4150.000	-3.369
4160.000	-3.369
4170.000	-3.296
4180.000	-3.003
4190.000	-3.003
4200.000	-2.930
4210.000	-2.930
4220.000	-2.930
4230.000	-3.003
4240.000	-2.783
4250.000	-2.783
4260.000	-2.783
4270.000	-2.783
4280.000	-2.783
4290.000	-2.856
4300.000	-3.003
4310.000	-3.003
4320.000	-2.930
4330.000	-2.637
4340.000	-2.563
4350.000	-2.563
4360.000	-2.490
4370.000	-2.330
4380.000	-2.330
4390.000	-2.257
4400.000	-2.257
4410.000	-2.330
4420.000	-2.444
4430.000	-2.491
4440.000	-2.515
4450.000	-2.589
4460.000	-2.642
4470.000	-2.802
4480.000	-2.948
4490.000	-3.095
4500.000	-3.095
4510.000	-3.021
4520.000	-2.834
4530.000	-2.812
4540.000	-2.714
4550.000	-2.688
4560.000	-2.781
4570.000	-2.854
4580.000	-2.927
4590.000	-2.887
4600.000	-2.887
4610.000	-2.794
4620.000	-2.867
4630.000	-2.842
4640.000	-3.062
4650.000	-3.203
4660.000	-3.203
4670.000	-3.103
4680.000	-2.810
4690.000	-2.704
4700.000	-2.631
4710.000	-2.675
4720.000	-2.602
4730.000	-2.649
4740.000	-2.649
4750.000	-2.681
4760.000	-2.681
4770.000	-2.740
4780.000	-2.794
4790.000	-2.867
4800.000	-2.973
4810.000	-3.168
4820.000	-3.281
4830.000	-3.308
4840.000	-3.234
4850.000	-3.015
4860.000	-2.942
4870.000	-2.961
4880.000	-2.961
4890.000	-3.108
4900.000	-3.075
4910.000	-3.075
4920.000	-3.035
4930.000	-3.035
4940.000	-3.035
4950.000	-3.109
4960.000	-3.402
4970.000	-3.402
4980.000	-3.369
4990.000	-2.930
5000.000	-2.930
5010.000	-2.856
5020.000	-2.710
5030.000	-2.710
5040.000	-2.710
5050.000	-2.930
5060.000	-2.930
5070.000	-2.856
5080.000	-2.856
5090.000	-2.856
5100.000	-2.903
5110.000	-2.976
5120.000	-3.050
5130.000	-3.318
5140.000	-3.318
5150.000	-3.145
5160.000	-2.998
5170.000	-2.795
5180.000	-2.795
5190.000	-2.795
5200.000	-2.895
5210.000	-2.895
5220.000	-2.968
5230.000	-2.773
5240.000	-2.746
5250.000	-2.773
5260.000	-2.773
5270.000	-2.773
5280.000	-2.903
5290.000	-3.050
5300.000	-3.050
5310.000	-3.009
5320.000	-2.789
5330.000	-2.696
5340.000	-2.649
5350.000	-2.576
5360.000	-2.576
5370.000	-2.682
5380.000	-2.828
5390.000	-2.722
5400.000	-2.722
5410.000	-2.689
5420.000	-2.836
5430.000	-2.880
5440.000	-3.027
5450.000	-3.140
5460.000	-3.360
5470.000	-3.327
5480.000	-3.107
5490.000	-3.018
5500.000	-2.945
5510.000	-2.919
5520.000	-2.845
5530.000	-2.967
5540.000	-3.041
5550.000	-3.115
5560.000	-2.895
5570.000	-2.868
5580.000	-2.868
5590.000	-2.917
5600.000	-2.990
5610.000	-3.131
5620.000	-3.277
5630.000	-3.178
5640.000	-2.885
5650.000	-2.697
5660.000	-2.697
5670.000	-2.651
5680.000	-2.724
5690.000	-2.724
5700.000	-2.919
5710.000	-2.805
5720.000	-2.805
5730.000	-2.832
5740.000	-3.052
5750.000	-3.052
5760.000	-3.125
5770.000	-3.418
5780.000	-3.418
5790.000	-3.418
5800.000	-3.149
5810.000	-3.076
5820.000	-2.983
5830.000	-2.983
5840.000	-3.056
5850.000	-3.203
5860.000	-3.276
5870.000	-3.129
5880.000	-2.983
5890.000	-2.983
5900.000	-3.056
5910.000	-3.056
5920.000	-3.223
5930.000	-3.296
5940.000	-3.149
5950.000	-2.930
5960.000	-2.783
5970.000	-2.710
5980.000	-2.710
5990.000	-2.710
6000.000	-2.710
6010.000	-2.856
6020.000	-2.856
6030.000	-2.783
6040.000	-2.783
6050.000	-2.856
6060.000	-2.930
6070.000	-3.003
6080.000	-3.149
6090.000	-3.223
6100.000	-3.223
6110.000	-3.003
6120.000	-2.930
6130.000	-2.856
6140.000	-2.856
6150.000	-2.856
6160.000	-2.930
6170.000	-3.149
6180.000	-3.076
6190.000	-3.003
6200.000	-3.003
6210.000	-3.076
6220.000	-3.076
6230.000	-3.223
6240.000	-3.442
6250.000	-3.442
6260.000	-3.296
6270.000	-3.109
6280.000	-3.035
6290.000	-3.009
6300.000	-3.009
6310.000	-3.155
6320.000	-3.302
6330.000	-3.343
6340.000	-3.196
6350.000	-3.169
6360.000	-3.316
6370.000	-3.357
6380.000	-3.576
6390.000	-3.635
6400.000	-3.635
6410.000	-3.462
6420.000	-3.267
6430.000	-3.153
6440.000	-3.126
6450.000	-3.373
6460.000	-3.373
6470.000	-3.373
6480.000	-3.259
6490.000	-3.226
6500.000	-3.266
6510.000	-3.366
6520.000	-3.561
6530.000	-3.635
6540.000	-3.613
6550.000	-3.320
6560.000	-3.220
6570.000	-3.073
6580.000	-3.041
6590.000	-3.187
6600.000	-3.424
6610.000	-3.351
6620.000	-3.244
6630.000	-3.203
6640.000	-3.472
6650.000	-3.472
6660.000	-3.645
6670.000	-3.792
6680.000	-3.792
6690.000	-3.572
6700.000	-3.222
6710.000	-3.222
6720.000	-3.255
6730.000	-3.516
6740.000	-3.516
6750.000	-3.369
6760.000	-3.076
6770.000	-3.076
6780.000	-3.076
6790.000	-3.296
6800.000	-3.296
6810.000	-3.442
6820.000	-3.149
6830.000	-3.149
6840.000	-2.930
6850.000	-2.783
6860.000	-2.783
6870.000	-2.856
6880.000	-2.930
6890.000	-2.930
6900.000	-2.930
6910.000	-2.856
6920.000	-2.856
6930.000	-2.930
6940.000	-3.149
6950.000	-3.149
6960.000	-3.369
6970.000	-3.369
6980.000	-3.369
6990.000	-3.149
7000.000	-3.003
7010.000	-3.003
7020.000	-3.076
7030.000	-3.296
7040.000	-3.296
7050.000	-3.296
7060.000	-3.149
7070.000	-3.149
7080.000	-3.076
7090.000	-3.296
7100.000	-3.296
7110.000	-3.442
7120.000	-3.296
7130.000	-3.296
7140.000	-3.076
7150.000	-2.856
7160.000	-2.856
7170.000	-2.856
7180.000	-3.149
7190.000	-3.149
7200.000	-3.076
7210.000	-3.003
7220.000	-3.003
7230.000	-3.003
7240.000	-3.076
7250.000	-3.189
7260.000	-3.409
7270.000	-3.409
7280.000	-3.336
7290.000	-3.043
7300.000	-2.970
7310.000	-2.970
7320.000	-3.043
7330.000	-3.238
7340.000	-3.311
7350.000	-3.345
7360.000	-3.125
7370.000	-3.125
7380.000	-3.125
7390.000	-3.491
7400.000	-3.491
7410.000	-3.564
7420.000	-3.223
7430.000	-3.223
7440.000	-3.076
7450.000	-2.930
7460.000	-2.930
7470.000	-3.003
7480.000	-3.223
7490.000	-3.223
7500.000	-3.149
7510.000	-3.003
7520.000	-3.003
7530.000	-3.149
7540.000	-3.442
7550.000	-3.442
7560.000	-3.516
7570.000	-3.223
7580.000	-3.223
7590.000	-3.076
7600.000	-3.003
7610.000	-3.003
7620.000	-3.003
7630.000	-3.149
7640.000	-3.149
7650.000	-3.076
7660.000	-3.003
7670.000	-3.003
7680.000	-3.003
7690.000	-3.296
7700.000	-3.296
7710.000	-3.369
7720.000	-3.149
7730.000	-3.149
7740.000	-3.003
7750.000	-2.930
7760.000	-2.930
7770.000	-2.930
7780.000	-3.223
7790.000	-3.223
7800.000	-3.076
7810.000	-3.149
7820.000	-3.149
7830.000	-3.149
7840.000	-3.589
7850.000	-3.589
7860.000	-3.662
7870.000	-3.442
7880.000	-3.442
7890.000	-3.223
7900.000	-3.296
7910.000	-3.296
7920.000	-3.516
7930.000	-3.442
7940.000	-3.442
7950.000	-3.296
7960.000	-3.296
7970.000	-3.296
7980.000	-3.662
7990.000	-3.589
8000.000	-3.442
8010.000	-3.149
8020.000	-3.076
8030.000	-3.076
8040.000	-3.076
8050.000	-3.296
8060.000	-3.296
8070.000	-3.369
8080.000	-3.369
8090.000	-3.196
8100.000	-3.229
8110.000	-3.375
8120.000	-3.555
8130.000	-3.701
8140.000	-3.701
8150.000	-3.628
8160.000	-3.441
8170.000	-3.221
8180.000	-3.221
8190.000	-3.321
8200.000	-3.508
8210.000	-3.508
8220.000	-3.402
8230.000	-3.255
8240.000	-3.255
8250.000	-3.328
8260.000	-3.589
8270.000	-3.589
8280.000	-3.516
8290.000	-3.076
8300.000	-3.076
8310.000	-2.930
8320.000	-2.903
8330.000	-2.903
8340.000	-2.976
8350.000	-3.123
8360.000	-3.123
8370.000	-2.903
8380.000	-2.903
8390.000	-2.976
8400.000	-3.050
8410.000	-3.196
8420.000	-3.369
8430.000	-3.369
8440.000	-3.223
8450.000	-3.076
8460.000	-2.930
8470.000	-2.930
8480.000	-3.003
8490.000	-3.076
8500.000	-3.223
8510.000	-3.223
8520.000	-3.076
8530.000	-3.076
8540.000	-3.149
8550.000	-3.182
8560.000	-3.548
8570.000	-3.548
8580.000	-3.475
8590.000	-3.109
8600.000	-3.109
8610.000	-2.962
8620.000	-3.035
8630.000	-3.035
8640.000	-3.182
8650.000	-3.296
8660.000	-3.296
8670.000	-3.149
8680.000	-3.223
8690.000	-3.223
8700.000	-3.369
8710.000	-3.662
8720.000	-3.662
8730.000	-3.516
8740.000	-3.149
8750.000	-3.149
8760.000	-3.076
8770.000	-3.296
8780.000	-3.296
8790.000	-3.369
8800.000	-3.149
8810.000	-3.149
8820.000	-3.149
8830.000	-3.296
8840.000	-3.296
8850.000	-3.442
8860.000	-3.516
8870.000	-3.516
8880.000	-3.223
8890.000	-3.003
8900.000	-3.003
8910.000	-3.003
8920.000	-3.296
8930.000	-3.296
8940.000	-3.296
8950.000	-3.223
8960.000	-3.223
8970.000	-3.223
8980.000	-3.442
8990.000	-3.442
9000.000	-3.589
9010.000	-3.442
9020.000	-3.442
9030.000	-3.223
9040.000	-3.003
9050.000	-3.003
9060.000	-3.003
9070.000	-3.296
9080.000	-3.296
9090.000	-3.149
9100.000	-3.003
9110.000	-3.003
9120.000	-3.003
9130.000	-3.076
9140.000	-3.189
9150.000	-3.263
9160.000	-3.295
9170.000	-3.055
9180.000	-2.836
9190.000	-2.762
9200.000	-2.762
9210.000	-2.762
9220.000	-2.836
9230.000	-2.982
9240.000	-3.056
9250.000	-2.983
9260.000	-2.924
9270.000	-3.017
9280.000	-3.090
9290.000	-3.237
9300.000	-3.432
9310.000	-3.579
9320.000	-3.479
9330.000	-3.259
9340.000	-3.145
9350.000	-3.072
9360.000	-3.212
9370.000	-3.432
9380.000	-3.539
9390.000	-3.465
9400.000	-3.270
9410.000	-3.270
9420.000	-3.297
9430.000	-3.443
9440.000	-3.590
9450.000	-3.663
9460.000	-3.549
9470.000	-3.256
9480.000	-3.076
9490.000	-3.076
9500.000	-3.149
9510.000	-3.223
9520.000	-3.369
9530.000	-3.369
9540.000	-3.223
9550.000	-3.223
9560.000	-3.296
9570.000	-3.442
9580.000	-3.662
9590.000	-3.735
9600.000	-3.662
9610.000	-3.442
9620.000	-3.296
9630.000	-3.223
9640.000	-3.296
9650.000	-3.516
9660.000	-3.556
9670.000	-3.410
9680.000	-3.337
9690.000	-3.337
9700.000	-3.630
9710.000	-3.630
9720.000	-3.703
9730.000	-3.556
9740.000	-3.556
9750.000	-3.337
9760.000	-3.149
9770.000	-3.149
9780.000	-3.296
9790.000	-3.442
9800.000	-3.442
9810.000	-3.369
9820.000	-3.296
9830.000	-3.296
9840.000	-3.442
9850.000	-3.589
9860.000	-3.589
9870.000	-3.589
9880.000	-3.223
9890.000	-3.223
9900.000	-3.149
9910.000	-3.149
9920.000	-3.149
9930.000	-3.256
9940.000	-3.256
9950.000	-3.109
9960.000	-3.109
9970.000	-3.109
9980.000	-3.109
9990.000	-3.297
10000.000	-3.370
