%Time [ms]	Speed [rpm]	%3/11/20201:59 PM
0.000	0.000
10.000	126.562
20.000	126.782
30.000	126.929
40.000	126.929
50.000	126.855
60.000	127.368
70.000	127.368
80.000	127.368
90.000	126.043
100.000	127.142
110.000	126.336
120.000	126.263
130.000	126.849
140.000	126.409
150.000	126.629
160.000	126.483
170.000	126.336
180.000	126.263
190.000	126.929
200.000	127.686
210.000	128.125
220.000	127.439
230.000	126.560
240.000	126.560
250.000	126.487
260.000	127.431
270.000	127.285
280.000	126.605
290.000	126.386
300.000	124.750
310.000	124.750
320.000	126.355
330.000	126.502
340.000	125.976
350.000	125.463
360.000	124.080
370.000	124.226
380.000	125.980
390.000	126.053
400.000	125.380
410.000	125.087
420.000	123.875
430.000	124.021
440.000	125.841
450.000	125.988
460.000	125.455
470.000	125.162
480.000	124.015
490.000	124.088
500.000	126.152
510.000	126.298
520.000	125.439
530.000	126.595
540.000	125.374
550.000	124.988
560.000	125.228
570.000	126.506
580.000	126.506
590.000	126.799
600.000	125.260
610.000	124.801
620.000	125.367
630.000	123.845
640.000	124.285
650.000	124.524
660.000	124.598
670.000	124.598
680.000	123.466
690.000	124.142
700.000	123.083
710.000	123.396
720.000	123.616
730.000	124.128
740.000	123.030
750.000	123.030
760.000	123.762
770.000	123.030
780.000	122.656
790.000	122.656
800.000	123.494
810.000	123.494
820.000	123.494
830.000	123.055
840.000	123.201
850.000	123.201
860.000	122.762
870.000	123.055
880.000	123.055
890.000	122.021
900.000	121.948
910.000	121.948
920.000	121.948
930.000	121.875
940.000	121.875
950.000	122.021
960.000	121.948
970.000	121.948
980.000	122.095
990.000	122.095
1000.000	121.675
1010.000	121.309
1020.000	121.163
1030.000	121.456
1040.000	121.529
1050.000	121.456
1060.000	121.529
1070.000	121.382
1080.000	121.163
1090.000	121.822
1100.000	121.948
1110.000	122.021
1120.000	122.314
1130.000	121.729
1140.000	121.582
1150.000	122.021
1160.000	121.289
1170.000	121.362
1180.000	121.655
1190.000	120.557
1200.000	120.776
1210.000	120.557
1220.000	120.190
1230.000	120.703
1240.000	120.483
1250.000	121.077
1260.000	120.931
1270.000	120.392
1280.000	119.659
1290.000	119.732
1300.000	119.879
1310.000	120.807
1320.000	120.807
1330.000	119.748
1340.000	119.895
1350.000	118.275
1360.000	118.495
1370.000	120.182
1380.000	120.548
1390.000	119.536
1400.000	120.545
1410.000	119.544
1420.000	118.658
1430.000	118.985
1440.000	119.131
1450.000	119.790
1460.000	120.474
1470.000	119.693
1480.000	119.000
1490.000	119.792
1500.000	118.490
1510.000	118.564
1520.000	120.613
1530.000	120.833
1540.000	120.340
1550.000	119.461
1560.000	119.070
1570.000	118.558
1580.000	120.422
1590.000	120.568
1600.000	120.169
1610.000	119.656
1620.000	118.419
1630.000	118.493
1640.000	119.832
1650.000	120.125
1660.000	119.006
1670.000	118.933
1680.000	117.395
1690.000	117.907
1700.000	117.867
1710.000	118.160
1720.000	118.160
1730.000	117.794
1740.000	116.508
1750.000	116.582
1760.000	118.091
1770.000	118.164
1780.000	118.164
1790.000	117.578
1800.000	117.725
1810.000	117.725
1820.000	117.578
1830.000	117.798
1840.000	117.798
1850.000	117.578
1860.000	116.602
1870.000	116.602
1880.000	116.382
1890.000	116.455
1900.000	116.455
1910.000	116.455
1920.000	116.528
1930.000	115.403
1940.000	116.461
1950.000	116.534
1960.000	116.208
1970.000	115.695
1980.000	115.695
1990.000	116.208
2000.000	116.061
2010.000	115.769
2020.000	116.208
2030.000	116.821
2040.000	115.982
2050.000	116.056
2060.000	116.162
2070.000	116.528
2080.000	117.261
2090.000	116.162
2100.000	116.235
2110.000	116.821
2120.000	116.162
2130.000	116.455
2140.000	116.382
2150.000	116.089
2160.000	116.162
2170.000	116.528
2180.000	115.283
2190.000	115.942
2200.000	116.089
2210.000	115.649
2220.000	114.990
2230.000	115.430
2240.000	114.697
2250.000	114.771
2260.000	115.063
2270.000	114.331
2280.000	114.624
2290.000	114.624
2300.000	113.892
2310.000	113.672
2320.000	114.404
2330.000	113.818
2340.000	113.965
2350.000	114.331
2360.000	113.232
2370.000	113.452
2380.000	113.599
2390.000	113.232
2400.000	113.672
2410.000	113.892
2420.000	113.379
2430.000	113.232
2440.000	113.818
2450.000	113.013
2460.000	113.525
2470.000	114.038
2480.000	113.599
2490.000	113.818
2500.000	113.599
2510.000	113.452
2520.000	113.745
2530.000	114.331
2540.000	113.745
2550.000	113.892
2560.000	114.038
2570.000	114.543
2580.000	113.990
2590.000	113.917
2600.000	115.089
2610.000	115.382
2620.000	114.609
2630.000	114.170
2640.000	113.804
2650.000	114.023
2660.000	115.203
2670.000	114.113
2680.000	114.046
2690.000	114.575
2700.000	113.403
2710.000	113.184
2720.000	112.984
2730.000	113.130
2740.000	112.984
2750.000	113.846
2760.000	112.666
2770.000	111.907
2780.000	112.234
2790.000	112.396
2800.000	112.250
2810.000	112.250
2820.000	112.563
2830.000	111.791
2840.000	112.083
2850.000	110.635
2860.000	110.269
2870.000	112.037
2880.000	111.345
2890.000	111.345
2900.000	111.125
2910.000	111.272
2920.000	111.272
2930.000	111.458
2940.000	111.971
2950.000	111.971
2960.000	111.825
2970.000	110.669
2980.000	110.056
2990.000	109.763
3000.000	110.203
3010.000	109.983
3020.000	110.992
3030.000	111.432
3040.000	110.819
3050.000	110.380
3060.000	110.526
3070.000	110.526
3080.000	112.213
3090.000	112.359
3100.000	111.461
3110.000	112.982
3120.000	111.314
3130.000	111.314
3140.000	112.146
3150.000	112.586
3160.000	112.586
3170.000	112.366
3180.000	111.438
3190.000	111.438
3200.000	110.972
3210.000	109.817
3220.000	110.476
3230.000	109.890
3240.000	109.450
3250.000	109.817
3260.000	109.231
3270.000	109.231
3280.000	109.524
3290.000	108.718
3300.000	109.570
3310.000	109.863
3320.000	108.838
3330.000	109.277
3340.000	109.717
3350.000	108.545
3360.000	108.838
3370.000	109.204
3380.000	108.179
3390.000	109.741
3400.000	109.155
3410.000	109.448
3420.000	109.155
3430.000	108.862
3440.000	108.862
3450.000	109.155
3460.000	109.155
3470.000	108.936
3480.000	109.229
3490.000	109.229
3500.000	108.032
3510.000	108.252
3520.000	108.252
3530.000	108.325
3540.000	108.398
3550.000	108.398
3560.000	108.179
3570.000	108.105
3580.000	107.886
3590.000	107.520
3600.000	107.739
3610.000	107.520
3620.000	108.423
3630.000	108.716
3640.000	108.003
3650.000	107.857
3660.000	108.223
3670.000	107.784
3680.000	109.411
3690.000	109.777
3700.000	108.845
3710.000	109.138
3720.000	107.942
3730.000	107.722
3740.000	109.305
3750.000	109.232
3760.000	108.626
3770.000	108.187
3780.000	107.292
3790.000	107.145
3800.000	107.638
3810.000	107.491
3820.000	107.345
3830.000	108.549
3840.000	107.239
3850.000	106.667
3860.000	106.540
3870.000	107.199
3880.000	106.540
3890.000	107.500
3900.000	107.427
3910.000	106.928
3920.000	106.488
3930.000	105.064
3940.000	105.357
3950.000	106.874
3960.000	106.874
3970.000	106.095
3980.000	106.168
3990.000	104.915
4000.000	104.768
4010.000	106.366
4020.000	106.659
4030.000	106.093
4040.000	105.507
4050.000	104.563
4060.000	104.710
4070.000	106.441
4080.000	106.441
4090.000	106.015
4100.000	105.941
4110.000	104.843
4120.000	104.696
4130.000	106.442
4140.000	106.809
4150.000	106.236
4160.000	106.089
4170.000	105.064
4180.000	105.504
4190.000	106.695
4200.000	106.768
4210.000	106.768
4220.000	107.281
4230.000	106.101
4240.000	106.101
4250.000	106.600
4260.000	106.673
4270.000	106.673
4280.000	106.307
4290.000	105.981
4300.000	105.981
4310.000	105.688
4320.000	105.322
4330.000	105.322
4340.000	105.396
4350.000	104.590
4360.000	104.590
4370.000	104.810
4380.000	104.883
4390.000	104.883
4400.000	104.224
4410.000	104.297
4420.000	104.297
4430.000	104.004
4440.000	103.638
4450.000	103.638
4460.000	103.784
4470.000	103.564
4480.000	103.564
4490.000	103.271
4500.000	103.052
4510.000	103.052
4520.000	103.052
4530.000	102.979
4540.000	102.905
4550.000	102.053
4560.000	101.833
4570.000	101.980
4580.000	102.802
4590.000	102.216
4600.000	102.216
4610.000	102.867
4620.000	102.867
4630.000	102.401
4640.000	102.035
4650.000	102.960
4660.000	102.887
4670.000	102.814
4680.000	101.845
4690.000	101.772
4700.000	103.806
4710.000	103.009
4720.000	102.463
4730.000	102.709
4740.000	103.002
4750.000	103.149
4760.000	104.109
4770.000	103.962
4780.000	103.570
4790.000	103.350
4800.000	103.301
4810.000	103.301
4820.000	103.701
4830.000	103.920
4840.000	103.920
4850.000	104.140
4860.000	103.033
4870.000	103.033
4880.000	103.646
4890.000	103.353
4900.000	103.353
4910.000	102.686
4920.000	102.393
4930.000	101.847
4940.000	101.407
4950.000	100.894
4960.000	101.261
4970.000	102.213
4980.000	101.773
4990.000	101.187
5000.000	100.748
5010.000	100.309
5020.000	100.455
5030.000	101.831
5040.000	101.978
5050.000	101.199
5060.000	100.613
5070.000	99.807
5080.000	99.807
5090.000	101.109
5100.000	101.402
5110.000	100.896
5120.000	100.456
5130.000	99.114
5140.000	99.187
5150.000	100.918
5160.000	100.918
5170.000	100.059
5180.000	101.085
5190.000	100.222
5200.000	99.237
5210.000	99.596
5220.000	100.182
5230.000	100.402
5240.000	100.036
5250.000	99.230
5260.000	99.743
5270.000	100.016
5280.000	98.844
5290.000	99.356
5300.000	99.976
5310.000	100.049
5320.000	100.122
5330.000	99.976
5340.000	100.195
5350.000	100.269
5360.000	99.609
5370.000	100.122
5380.000	100.708
5390.000	99.756
5400.000	101.164
5410.000	101.457
5420.000	100.944
5430.000	100.871
5440.000	100.505
5450.000	99.992
5460.000	100.138
5470.000	99.992
5480.000	100.741
5490.000	101.180
5500.000	99.219
5510.000	98.707
5520.000	98.707
5530.000	98.927
5540.000	99.293
5550.000	99.293
5560.000	99.366
5570.000	100.391
5580.000	99.130
5590.000	98.291
5600.000	98.551
5610.000	98.551
5620.000	98.477
5630.000	99.112
5640.000	99.039
5650.000	98.486
5660.000	98.120
5670.000	96.802
5680.000	96.655
5690.000	98.275
5700.000	98.642
5710.000	98.162
5720.000	97.869
5730.000	96.722
5740.000	96.722
5750.000	98.031
5760.000	98.031
5770.000	97.685
5780.000	97.465
5790.000	96.318
5800.000	96.171
5810.000	97.562
5820.000	97.709
5830.000	97.636
5840.000	97.196
5850.000	97.343
5860.000	96.586
5870.000	97.843
5880.000	97.843
5890.000	97.371
5900.000	97.224
5910.000	96.459
5920.000	96.679
5930.000	97.737
5940.000	98.030
5950.000	97.617
5960.000	97.397
5970.000	96.706
5980.000	96.999
5990.000	98.456
6000.000	98.602
6010.000	97.910
6020.000	97.544
6030.000	96.706
6040.000	96.925
6050.000	98.331
6060.000	98.258
6070.000	98.258
6080.000	98.184
6090.000	97.346
6100.000	97.346
6110.000	98.185
6120.000	98.112
6130.000	97.673
6140.000	97.673
6150.000	96.460
6160.000	96.460
6170.000	96.240
6180.000	95.947
6190.000	95.947
6200.000	95.654
6210.000	95.142
6220.000	95.142
6230.000	94.995
6240.000	94.922
6250.000	94.922
6260.000	94.922
6270.000	94.922
6280.000	94.922
6290.000	94.849
6300.000	94.702
6310.000	94.702
6320.000	94.775
6330.000	94.556
6340.000	94.556
6350.000	94.482
6360.000	94.189
6370.000	94.189
6380.000	94.189
6390.000	94.043
6400.000	94.043
6410.000	94.043
6420.000	93.970
6430.000	93.970
6440.000	93.970
6450.000	93.970
6460.000	93.970
6470.000	93.970
6480.000	94.116
6490.000	94.116
6500.000	94.043
6510.000	94.116
6520.000	94.116
6530.000	94.189
6540.000	94.189
6550.000	94.189
6560.000	93.537
6570.000	93.610
6580.000	93.903
6590.000	93.610
6600.000	93.683
6610.000	94.196
6620.000	93.830
6630.000	93.757
6640.000	94.343
6650.000	94.050
6660.000	94.702
6670.000	94.849
6680.000	94.482
6690.000	94.775
6700.000	94.995
6710.000	95.353
6720.000	95.353
6730.000	94.960
6740.000	94.008
6750.000	95.017
6760.000	95.017
6770.000	94.724
6780.000	94.431
6790.000	94.431
6800.000	93.992
6810.000	93.048
6820.000	93.048
6830.000	93.294
6840.000	92.725
6850.000	92.725
6860.000	92.432
6870.000	92.505
6880.000	92.505
6890.000	92.285
6900.000	92.285
6910.000	92.285
6920.000	92.212
6930.000	91.772
6940.000	91.772
6950.000	91.699
6960.000	91.699
6970.000	91.699
6980.000	91.626
6990.000	91.626
7000.000	91.626
7010.000	91.553
7020.000	91.406
7030.000	91.406
7040.000	91.406
7050.000	91.187
7060.000	91.187
7070.000	91.187
7080.000	91.113
7090.000	91.040
7100.000	91.113
7110.000	90.820
7120.000	90.820
7130.000	91.113
7140.000	91.113
7150.000	91.113
7160.000	91.260
7170.000	91.479
7180.000	91.479
7190.000	91.479
7200.000	91.406
7210.000	91.127
7220.000	90.980
7230.000	90.687
7240.000	90.687
7250.000	91.615
7260.000	91.615
7270.000	90.969
7280.000	90.676
7290.000	90.676
7300.000	90.676
7310.000	91.949
7320.000	92.022
7330.000	91.809
7340.000	91.589
7350.000	90.661
7360.000	90.734
7370.000	92.170
7380.000	92.316
7390.000	91.750
7400.000	91.384
7410.000	90.245
7420.000	90.245
7430.000	91.369
7440.000	91.516
7450.000	90.823
7460.000	90.384
7470.000	89.008
7480.000	89.008
7490.000	90.348
7500.000	90.567
7510.000	90.168
7520.000	89.582
7530.000	88.597
7540.000	88.451
7550.000	89.827
7560.000	89.753
7570.000	89.427
7580.000	89.134
7590.000	88.141
7600.000	87.922
7610.000	88.972
7620.000	89.265
7630.000	89.265
7640.000	89.119
7650.000	88.362
7660.000	88.362
7670.000	88.908
7680.000	88.468
7690.000	88.468
7700.000	88.542
7710.000	87.744
7720.000	87.744
7730.000	87.817
7740.000	88.184
7750.000	88.184
7760.000	87.964
7770.000	87.744
7780.000	87.358
7790.000	87.431
7800.000	87.504
7810.000	87.504
7820.000	87.431
7830.000	87.504
7840.000	87.504
7850.000	88.009
7860.000	88.155
7870.000	87.763
7880.000	88.222
7890.000	88.149
7900.000	88.222
7910.000	89.280
7920.000	89.646
7930.000	89.167
7940.000	88.654
7950.000	87.930
7960.000	88.003
7970.000	89.364
7980.000	89.364
7990.000	88.912
8000.000	89.668
8010.000	88.464
8020.000	88.464
8030.000	88.650
8040.000	89.236
8050.000	89.236
8060.000	88.943
8070.000	88.268
8080.000	88.268
8090.000	88.940
8100.000	87.378
8110.000	87.378
8120.000	87.524
8130.000	87.231
8140.000	87.231
8150.000	87.231
8160.000	86.865
8170.000	86.865
8180.000	86.719
8190.000	86.353
8200.000	86.353
8210.000	86.572
8220.000	86.206
8230.000	86.206
8240.000	86.279
8250.000	85.767
8260.000	85.767
8270.000	85.986
8280.000	85.547
8290.000	85.547
8300.000	85.693
8310.000	85.254
8320.000	85.181
8330.000	85.547
8340.000	85.254
8350.000	84.748
8360.000	84.601
8370.000	84.235
8380.000	84.528
8390.000	85.374
8400.000	85.155
8410.000	84.729
8420.000	85.201
8430.000	85.201
8440.000	84.974
8450.000	85.114
8460.000	85.407
8470.000	85.480
8480.000	85.887
8490.000	85.480
8500.000	85.181
8510.000	85.314
8520.000	84.695
8530.000	84.476
8540.000	85.955
8550.000	86.614
8560.000	86.095
8570.000	85.802
8580.000	85.175
8590.000	85.175
8600.000	85.402
8610.000	85.988
8620.000	85.841
8630.000	86.785
8640.000	85.679
8650.000	84.946
8660.000	85.465
8670.000	86.125
8680.000	86.198
8690.000	85.612
8700.000	85.758
8710.000	85.758
8720.000	85.978
8730.000	84.888
8740.000	85.034
8750.000	85.327
8760.000	85.034
8770.000	85.107
8780.000	84.961
8790.000	84.961
8800.000	85.254
8810.000	84.595
8820.000	84.521
8830.000	85.034
8840.000	84.302
8850.000	84.375
8860.000	84.521
8870.000	84.082
8880.000	84.082
8890.000	84.155
8900.000	83.496
8910.000	83.716
8920.000	84.009
8930.000	82.983
8940.000	83.423
8950.000	83.350
8960.000	83.276
8970.000	82.910
8980.000	82.910
8990.000	82.544
9000.000	82.837
9010.000	82.983
9020.000	82.104
9030.000	83.366
9040.000	83.366
9050.000	83.146
9060.000	83.000
9070.000	83.000
9080.000	82.926
9090.000	82.926
9100.000	82.926
9110.000	82.707
9120.000	82.471
9130.000	82.471
9140.000	82.178
9150.000	82.251
9160.000	82.251
9170.000	82.471
9180.000	82.251
9190.000	82.251
9200.000	82.397
9210.000	82.324
9220.000	82.324
9230.000	82.324
9240.000	82.764
9250.000	82.764
9260.000	82.471
9270.000	82.617
9280.000	82.617
9290.000	82.983
9300.000	82.544
9310.000	82.544
9320.000	82.690
9330.000	82.910
9340.000	82.631
9350.000	81.971
9360.000	82.191
9370.000	82.045
9380.000	82.484
9390.000	81.971
9400.000	82.045
9410.000	82.712
9420.000	83.005
9430.000	82.239
9440.000	82.372
9450.000	82.665
9460.000	82.885
9470.000	83.398
9480.000	83.031
9490.000	82.632
9500.000	82.485
9510.000	81.525
9520.000	81.379
9530.000	81.851
9540.000	82.144
9550.000	81.851
9560.000	81.559
9570.000	81.339
9580.000	81.339
9590.000	81.139
9600.000	80.919
9610.000	81.578
9620.000	80.993
9630.000	80.919
9640.000	80.626
9650.000	80.773
9660.000	80.333
9670.000	79.747
9680.000	79.894
9690.000	80.127
9700.000	80.493
9710.000	79.614
9720.000	79.687
9730.000	79.834
9740.000	79.541
9750.000	79.541
9760.000	79.614
9770.000	80.037
9780.000	80.111
9790.000	80.111
9800.000	79.598
9810.000	80.111
9820.000	80.111
9830.000	79.671
9840.000	79.818
9850.000	79.818
9860.000	79.964
9870.000	79.175
9880.000	79.175
9890.000	79.248
9900.000	79.028
9910.000	79.028
9920.000	79.175
9930.000	79.395
9940.000	79.395
9950.000	79.468
9960.000	79.395
9970.000	79.395
9980.000	79.248
9990.000	79.614
10000.000	79.614
10010.000	79.834
10020.000	79.248
10030.000	79.321
10040.000	79.028
10050.000	79.883
10060.000	79.883
10070.000	80.029
10080.000	80.176
10090.000	80.176
10100.000	79.956
10110.000	80.396
10120.000	80.396
10130.000	80.396
10140.000	80.069
10150.000	79.581
10160.000	79.361
10170.000	79.068
10180.000	79.361
10190.000	79.068
10200.000	79.068
10210.000	79.361
10220.000	79.068
10230.000	78.775
10240.000	79.614
10250.000	79.102
10260.000	78.955
10270.000	79.468
10280.000	78.735
10290.000	78.662
10300.000	78.955
10310.000	78.833
10320.000	79.053
10330.000	79.026
10340.000	77.927
10350.000	78.074
10360.000	78.513
10370.000	78.391
10380.000	78.465
10390.000	78.438
10400.000	77.559
10410.000	77.640
10420.000	77.401
10430.000	77.134
10440.000	77.427
10450.000	77.427
10460.000	77.671
10470.000	77.208
10480.000	76.648
10490.000	76.455
10500.000	77.188
10510.000	76.203
10520.000	76.980
10530.000	77.273
10540.000	76.707
10550.000	77.561
10560.000	76.658
10570.000	76.012
10580.000	76.645
10590.000	76.645
10600.000	76.278
10610.000	77.426
10620.000	76.669
10630.000	76.243
10640.000	76.516
10650.000	76.833
10660.000	76.833
10670.000	77.040
10680.000	76.966
10690.000	76.960
10700.000	76.740
10710.000	75.886
10720.000	76.032
10730.000	77.223
10740.000	77.516
10750.000	77.037
10760.000	75.792
10770.000	76.451
10780.000	76.451
10790.000	76.531
10800.000	77.678
10810.000	77.245
10820.000	77.026
10830.000	76.627
10840.000	76.773
10850.000	77.106
10860.000	77.180
10870.000	76.813
10880.000	77.985
10890.000	77.985
10900.000	76.631
10910.000	77.137
10920.000	77.137
10930.000	76.771
10940.000	77.723
10950.000	77.943
10960.000	77.450
10970.000	77.304
10980.000	76.132
10990.000	76.498
11000.000	77.526
11010.000	77.160
11020.000	77.214
11030.000	76.847
11040.000	75.602
11050.000	75.675
11060.000	76.852
11070.000	76.925
11080.000	76.166
11090.000	75.800
11100.000	75.271
11110.000	75.271
11120.000	76.048
11130.000	76.048
11140.000	75.562
11150.000	75.488
11160.000	74.512
11170.000	74.438
11180.000	75.556
11190.000	75.189
11200.000	75.189
11210.000	74.583
11220.000	73.900
11230.000	74.120
11240.000	74.459
11250.000	74.093
11260.000	74.239
11270.000	73.873
11280.000	73.295
11290.000	73.442
11300.000	73.930
11310.000	74.609
11320.000	73.784
11330.000	73.491
11340.000	73.418
11350.000	73.784
11360.000	73.564
11370.000	73.637
11380.000	73.784
11390.000	73.979
11400.000	73.491
11410.000	72.878
11420.000	73.191
11430.000	73.484
11440.000	73.484
11450.000	74.160
11460.000	74.013
11470.000	73.820
11480.000	73.454
11490.000	72.892
11500.000	72.892
11510.000	74.172
11520.000	74.758
11530.000	74.146
11540.000	73.926
11550.000	72.957
11560.000	73.250
11570.000	74.575
11580.000	74.794
11590.000	74.535
11600.000	74.315
11610.000	73.574
11620.000	73.428
11630.000	74.464
11640.000	74.976
11650.000	74.650
11660.000	74.577
11670.000	74.251
11680.000	73.579
11690.000	74.644
11700.000	75.377
11710.000	75.377
11720.000	75.010
11730.000	74.148
11740.000	74.148
11750.000	74.547
11760.000	74.987
11770.000	73.788
11780.000	74.314
11790.000	73.435
11800.000	73.435
11810.000	73.655
11820.000	73.582
11830.000	73.442
11840.000	73.076
11850.000	74.052
11860.000	72.814
11870.000	74.012
11880.000	73.939
11890.000	73.939
11900.000	73.793
11910.000	72.987
11920.000	72.987
11930.000	72.834
11940.000	72.077
11950.000	72.077
11960.000	73.022
11970.000	71.491
11980.000	71.857
11990.000	71.345
12000.000	71.768
12010.000	71.768
12020.000	71.987
12030.000	71.768
12040.000	71.168
12050.000	70.949
12060.000	70.656
12070.000	71.089
12080.000	71.430
12090.000	71.007
12100.000	71.007
12110.000	70.934
12120.000	70.714
12130.000	70.714
12140.000	71.167
12150.000	71.094
12160.000	71.094
12170.000	71.167
12180.000	70.459
12190.000	70.459
12200.000	70.312
12210.000	70.386
12220.000	70.386
12230.000	70.459
12240.000	70.386
12250.000	70.386
12260.000	70.459
12270.000	70.386
12280.000	70.386
12290.000	70.386
12300.000	70.605
12310.000	70.605
12320.000	70.459
12330.000	70.532
12340.000	70.532
12350.000	70.825
12360.000	70.532
12370.000	70.532
12380.000	70.679
12390.000	70.679
12400.000	70.679
12410.000	70.825
12420.000	71.265
12430.000	71.265
12440.000	70.972
12450.000	70.972
12460.000	70.972
12470.000	71.631
12480.000	71.411
12490.000	71.411
12500.000	71.411
12510.000	71.411
12520.000	71.411
12530.000	71.191
12540.000	71.338
12550.000	71.338
12560.000	71.411
12570.000	71.045
12580.000	71.045
12590.000	71.045
12600.000	70.825
12610.000	70.898
12620.000	70.825
12630.000	70.898
12640.000	70.679
12650.000	70.605
12660.000	70.605
12670.000	70.679
12680.000	70.459
12690.000	70.239
12700.000	70.239
12710.000	70.312
12720.000	70.239
12730.000	69.660
12740.000	69.367
12750.000	69.440
12760.000	69.367
12770.000	69.912
12780.000	69.546
12790.000	69.313
12800.000	69.093
12810.000	68.947
12820.000	68.727
12830.000	69.770
12840.000	69.550
12850.000	68.971
12860.000	68.751
12870.000	67.913
12880.000	68.060
12890.000	68.740
12900.000	69.180
12910.000	68.474
12920.000	68.474
12930.000	67.351
12940.000	67.790
12950.000	68.508
12960.000	68.581
12970.000	68.228
12980.000	68.009
12990.000	67.415
13000.000	67.195
13010.000	67.681
13020.000	67.315
13030.000	67.827
13040.000	67.461
13050.000	67.770
13060.000	67.770
13070.000	67.977
13080.000	67.904
13090.000	67.904
13100.000	67.904
13110.000	68.123
13120.000	68.123
13130.000	68.050
13140.000	67.676
13150.000	67.676
13160.000	67.456
13170.000	67.310
13180.000	67.310
13190.000	67.676
13200.000	67.749
13210.000	67.749
13220.000	67.822
13230.000	67.822
13240.000	67.822
13250.000	67.529
13260.000	67.749
13270.000	67.749
13280.000	67.969
13290.000	68.188
13300.000	68.188
13310.000	67.896
13320.000	67.969
13330.000	67.969
13340.000	68.115
13350.000	67.749
13360.000	67.749
13370.000	68.262
13380.000	68.042
13390.000	68.042
13400.000	67.749
13410.000	68.042
13420.000	68.042
13430.000	67.822
13440.000	67.749
13450.000	67.749
13460.000	67.969
13470.000	67.822
13480.000	67.822
13490.000	67.603
13500.000	67.603
13510.000	67.603
13520.000	67.456
13530.000	66.943
13540.000	66.943
13550.000	67.090
13560.000	67.017
13570.000	67.017
13580.000	66.943
13590.000	66.797
13600.000	66.797
13610.000	66.284
13620.000	66.138
13630.000	66.138
13640.000	66.284
13650.000	65.845
13660.000	65.845
13670.000	65.845
13680.000	65.698
13690.000	65.698
13700.000	65.479
13710.000	65.479
13720.000	65.006
13730.000	64.786
13740.000	64.493
13750.000	64.273
13760.000	65.120
13770.000	64.973
13780.000	64.560
13790.000	64.048
13800.000	63.974
13810.000	64.267
13820.000	64.748
13830.000	64.748
13840.000	64.648
13850.000	64.355
13860.000	63.656
13870.000	63.582
13880.000	64.256
13890.000	64.842
13900.000	64.189
13910.000	63.823
13920.000	63.741
13930.000	63.522
13940.000	63.768
13950.000	63.915
13960.000	64.134
13970.000	64.061
13980.000	63.288
13990.000	63.288
14000.000	64.014
14010.000	63.721
14020.000	63.721
14030.000	64.087
14040.000	63.721
14050.000	63.867
14060.000	63.794
14070.000	63.721
14080.000	64.160
14090.000	63.867
14100.000	63.721
14110.000	64.453
14120.000	63.867
14130.000	63.867
14140.000	64.526
14150.000	63.940
14160.000	63.940
14170.000	64.380
14180.000	64.087
14190.000	64.526
14200.000	64.453
14210.000	64.087
14220.000	64.819
14230.000	64.746
14240.000	64.233
14250.000	64.673
14260.000	65.039
14270.000	64.746
14280.000	64.526
14290.000	64.673
14300.000	64.746
14310.000	64.673
14320.000	64.893
14330.000	64.884
14340.000	65.177
14350.000	65.124
14360.000	64.318
14370.000	64.392
14380.000	64.831
14390.000	65.018
14400.000	64.945
14410.000	64.705
14420.000	64.193
14430.000	64.355
14440.000	64.355
14450.000	64.555
14460.000	64.702
14470.000	64.702
14480.000	64.555
14490.000	64.002
14500.000	64.315
14510.000	64.315
14520.000	64.022
14530.000	64.022
14540.000	63.794
14550.000	62.988
14560.000	62.988
14570.000	63.501
14580.000	62.915
14590.000	62.915
14600.000	62.915
14610.000	62.622
14620.000	62.622
14630.000	62.549
14640.000	62.402
14650.000	62.402
14660.000	62.329
14670.000	61.963
14680.000	61.683
14690.000	61.390
14700.000	61.317
14710.000	61.171
14720.000	61.700
14730.000	61.773
14740.000	61.147
14750.000	61.000
14760.000	61.074
14770.000	60.781
14780.000	61.809
14790.000	61.736
14800.000	61.370
14810.000	61.296
14820.000	60.548
14830.000	60.548
14840.000	61.287
14850.000	61.434
14860.000	61.134
14870.000	60.915
14880.000	60.166
14890.000	60.312
14900.000	61.289
14910.000	61.216
14920.000	61.069
14930.000	60.703
14940.000	60.369
14950.000	60.296
14960.000	60.881
14970.000	61.466
14980.000	61.054
14990.000	60.834
15000.000	60.370
15010.000	60.517
15020.000	60.590
15030.000	60.883
15040.000	61.102
15050.000	60.883
15060.000	60.451
15070.000	60.451
15080.000	60.791
15090.000	61.157
15100.000	61.157
15110.000	60.864
15120.000	61.157
15130.000	61.304
15140.000	61.011
15150.000	61.377
15160.000	61.670
15170.000	61.230
15180.000	61.597
15190.000	61.304
15200.000	61.849
15210.000	62.362
15220.000	61.929
15230.000	61.636
15240.000	61.782
15250.000	61.563
15260.000	62.271
15270.000	62.271
15280.000	61.831
15290.000	62.271
15300.000	61.066
15310.000	61.139
15320.000	62.427
15330.000	62.134
15340.000	61.987
15350.000	62.061
15360.000	60.986
15370.000	61.133
15380.000	62.109
15390.000	61.890
15400.000	61.770
15410.000	61.623
15420.000	60.769
15430.000	60.769
15440.000	61.664
15450.000	61.444
15460.000	61.231
15470.000	61.158
15480.000	61.028
15490.000	61.028
15500.000	61.074
15510.000	61.074
15520.000	61.074
15530.000	61.074
15540.000	60.252
15550.000	60.252
15560.000	60.539
15570.000	60.465
15580.000	60.465
15590.000	59.253
15600.000	59.253
15610.000	59.253
15620.000	59.106
15630.000	59.399
15640.000	59.399
15650.000	58.887
15660.000	58.594
15670.000	58.594
15680.000	58.813
15690.000	58.081
15700.000	58.081
15710.000	58.447
15720.000	58.228
15730.000	58.228
15740.000	57.861
15750.000	58.081
15760.000	58.081
15770.000	58.228
15780.000	57.935
15790.000	57.935
15800.000	57.788
15810.000	57.495
15820.000	57.495
15830.000	57.642
15840.000	57.642
15850.000	57.642
15860.000	57.568
15870.000	57.568
15880.000	57.568
15890.000	57.349
15900.000	57.202
15910.000	57.202
15920.000	57.568
15930.000	57.642
15940.000	57.642
15950.000	57.349
15960.000	57.642
15970.000	57.642
15980.000	57.422
15990.000	57.202
16000.000	57.202
16010.000	57.495
16020.000	57.349
16030.000	57.442
16040.000	56.856
16050.000	57.295
16060.000	57.222
16070.000	57.881
16080.000	57.881
16090.000	57.409
16100.000	57.702
16110.000	57.555
16120.000	57.775
16130.000	58.137
16140.000	58.577
16150.000	58.297
16160.000	58.370
16170.000	57.418
16180.000	57.931
16190.000	58.575
16200.000	58.867
16210.000	58.415
16220.000	58.341
16230.000	58.252
16240.000	58.252
16250.000	58.629
16260.000	59.069
16270.000	58.756
16280.000	58.609
16290.000	58.072
16300.000	57.852
16310.000	59.103
16320.000	59.176
16330.000	58.503
16340.000	58.503
16350.000	58.113
16360.000	58.333
16370.000	58.426
16380.000	58.206
16390.000	58.499
16400.000	59.150
16410.000	58.353
16420.000	57.946
16430.000	58.179
16440.000	58.399
16450.000	58.253
16460.000	58.057
16470.000	58.570
16480.000	58.044
16490.000	58.117
16500.000	57.027
16510.000	57.100
16520.000	57.840
16530.000	57.986
16540.000	57.367
16550.000	57.147
16560.000	57.017
16570.000	57.017
16580.000	57.397
16590.000	57.177
16600.000	57.177
16610.000	57.104
16620.000	56.331
16630.000	56.331
16640.000	56.657
16650.000	56.657
16660.000	55.717
16670.000	55.498
16680.000	55.351
16690.000	55.351
16700.000	55.782
16710.000	55.416
16720.000	55.177
16730.000	54.884
16740.000	54.737
16750.000	54.957
16760.000	55.408
16770.000	55.335
16780.000	55.168
16790.000	54.729
16800.000	54.444
16810.000	54.664
16820.000	55.115
16830.000	55.115
16840.000	54.869
16850.000	54.429
16860.000	54.144
16870.000	54.511
16880.000	54.384
16890.000	54.238
16900.000	54.457
16910.000	54.164
16920.000	53.660
16930.000	54.319
16940.000	54.126
16950.000	54.199
16960.000	54.346
16970.000	53.906
16980.000	54.053
16990.000	54.492
17000.000	54.199
17010.000	54.712
17020.000	54.419
17030.000	54.419
17040.000	54.492
17050.000	54.486
17060.000	54.266
17070.000	54.339
17080.000	54.266
17090.000	54.648
17100.000	54.722
17110.000	54.648
17120.000	54.429
17130.000	54.062
17140.000	54.062
17150.000	54.972
17160.000	55.046
17170.000	54.959
17180.000	55.179
17190.000	54.503
17200.000	54.210
17210.000	55.105
17220.000	55.105
17230.000	54.959
17240.000	55.398
17250.000	54.568
17260.000	54.422
17270.000	55.428
17280.000	55.208
17290.000	55.388
17300.000	55.461
17310.000	54.786
17320.000	54.493
17330.000	55.551
17340.000	55.404
17350.000	55.404
17360.000	55.844
17370.000	54.851
17380.000	54.851
17390.000	55.111
17400.000	55.404
17410.000	55.404
17420.000	55.623
17430.000	54.565
17440.000	54.565
17450.000	54.785
17460.000	54.492
17470.000	54.492
17480.000	55.005
17490.000	54.419
17500.000	54.419
17510.000	54.346
17520.000	54.199
17530.000	54.199
17540.000	54.346
17550.000	53.906
17560.000	53.906
17570.000	53.833
17580.000	53.687
17590.000	53.687
17600.000	53.760
17610.000	53.687
17620.000	53.687
17630.000	53.320
17640.000	52.808
17650.000	52.808
17660.000	53.027
17670.000	52.661
17680.000	52.661
17690.000	52.734
17700.000	52.661
17710.000	52.661
17720.000	52.148
17730.000	52.002
17740.000	52.002
17750.000	52.002
17760.000	51.929
17770.000	51.709
17780.000	51.929
17790.000	51.709
17800.000	51.356
17810.000	50.917
17820.000	50.990
17830.000	50.917
17840.000	51.324
17850.000	51.104
17860.000	50.758
17870.000	50.758
17880.000	50.465
17890.000	50.318
17900.000	50.777
17910.000	51.143
17920.000	50.950
17930.000	51.023
17940.000	50.397
17950.000	50.250
17960.000	50.694
17970.000	50.694
17980.000	50.508
17990.000	50.361
18000.000	49.962
18010.000	49.743
18020.000	50.334
18030.000	50.261
18040.000	50.148
18050.000	50.075
18060.000	49.977
18070.000	49.977
18080.000	50.717
18090.000	50.644
18100.000	50.251
18110.000	50.104
18120.000	49.559
18130.000	49.632
18140.000	50.372
18150.000	50.665
18160.000	50.119
18170.000	50.046
18180.000	49.419
18190.000	49.639
18200.000	50.512
18210.000	50.951
18220.000	50.772
18230.000	50.698
18240.000	49.999
18250.000	49.999
18260.000	50.805
18270.000	50.878
18280.000	51.098
18290.000	50.691
18300.000	50.398
18310.000	50.398
18320.000	50.944
18330.000	51.530
18340.000	51.530
18350.000	51.310
18360.000	50.757
18370.000	50.757
18380.000	50.757
18390.000	50.977
18400.000	50.977
18410.000	51.196
18420.000	51.050
18430.000	51.050
18440.000	50.830
18450.000	51.270
18460.000	51.270
18470.000	51.023
18480.000	50.877
18490.000	50.950
18500.000	50.950
18510.000	50.730
18520.000	51.170
18530.000	50.730
18540.000	50.950
18550.000	50.803
18560.000	51.023
18570.000	51.270
18580.000	51.416
18590.000	51.050
18600.000	50.903
18610.000	51.416
18620.000	50.903
18630.000	51.270
18640.000	51.050
18650.000	50.903
18660.000	50.684
18670.000	51.270
18680.000	50.977
18690.000	51.050
18700.000	51.050
18710.000	50.391
18720.000	50.464
18730.000	50.391
18740.000	50.464
18750.000	50.317
18760.000	50.317
18770.000	50.195
18780.000	50.415
18790.000	50.095
18800.000	49.949
18810.000	49.949
18820.000	50.169
18830.000	50.405
18840.000	50.258
18850.000	49.739
18860.000	49.519
18870.000	48.909
18880.000	48.762
18890.000	49.391
18900.000	49.318
18910.000	49.012
18920.000	48.499
18930.000	47.970
18940.000	47.897
18950.000	48.725
18960.000	48.872
18970.000	48.705
18980.000	48.412
18990.000	47.883
19000.000	47.957
19010.000	48.043
19020.000	48.043
19030.000	48.043
19040.000	48.263
19050.000	47.661
19060.000	47.215
19070.000	47.235
19080.000	47.308
19090.000	47.308
19100.000	47.446
19110.000	47.593
19120.000	47.300
19130.000	47.153
19140.000	46.640
19150.000	46.640
19160.000	47.306
19170.000	46.953
19180.000	46.953
19190.000	46.953
19200.000	46.376
19210.000	46.449
19220.000	46.595
19230.000	46.595
19240.000	46.815
19250.000	46.595
19260.000	46.083
19270.000	46.229
19280.000	46.509
19290.000	46.362
19300.000	46.655
19310.000	46.362
19320.000	46.436
19330.000	46.655
19340.000	46.289
19350.000	46.436
19360.000	46.655
19370.000	46.289
19380.000	46.436
19390.000	46.729
19400.000	46.362
19410.000	46.509
19420.000	46.729
19430.000	46.509
19440.000	46.655
19450.000	46.875
19460.000	46.655
19470.000	46.729
19480.000	47.021
19490.000	46.802
19500.000	47.396
19510.000	47.396
19520.000	47.249
19530.000	47.616
19540.000	47.616
19550.000	47.616
19560.000	47.982
19570.000	47.982
19580.000	47.542
19590.000	47.909
19600.000	47.909
19610.000	47.534
19620.000	47.607
19630.000	47.607
19640.000	47.534
19650.000	47.534
19660.000	47.534
19670.000	47.607
19680.000	47.754
19690.000	47.754
19700.000	47.681
19710.000	47.754
19720.000	47.754
19730.000	47.827
19740.000	47.827
19750.000	47.827
19760.000	47.754
19770.000	47.827
19780.000	47.827
19790.000	47.974
19800.000	48.120
19810.000	48.120
19820.000	48.047
19830.000	47.661
19840.000	47.807
19850.000	47.587
19860.000	47.661
19870.000	47.514
19880.000	47.587
19890.000	47.294
19900.000	47.441
19910.000	47.075
19920.000	47.148
19930.000	47.388
19940.000	47.168
19950.000	47.168
19960.000	47.314
19970.000	47.021
19980.000	47.021
19990.000	47.095
20000.000	46.875
20010.000	46.875
20020.000	46.875
20030.000	46.582
20040.000	46.655
20050.000	46.655
20060.000	46.289
20070.000	46.362
20080.000	46.289
20090.000	45.996
20100.000	45.850
20110.000	45.996
20120.000	45.410
20130.000	45.410
20140.000	45.337
20150.000	45.117
20160.000	45.117
20170.000	45.117
20180.000	44.897
20190.000	44.824
20200.000	44.971
20210.000	44.385
20220.000	44.678
20230.000	44.678
20240.000	44.531
20250.000	44.458
20260.000	44.678
20270.000	44.312
20280.000	44.458
20290.000	44.458
20300.000	44.019
20310.000	43.872
20320.000	44.019
20330.000	43.652
20340.000	43.913
20350.000	43.913
20360.000	43.547
20370.000	43.400
20380.000	43.400
20390.000	43.400
20400.000	43.913
20410.000	43.913
20420.000	43.473
20430.000	42.920
20440.000	42.920
20450.000	42.920
20460.000	42.993
20470.000	42.993
20480.000	42.700
20490.000	42.627
20500.000	42.627
20510.000	42.480
20520.000	42.554
20530.000	42.554
20540.000	42.554
20550.000	42.554
20560.000	42.554
20570.000	42.480
20580.000	42.480
20590.000	42.480
20600.000	42.407
20610.000	42.407
20620.000	42.407
20630.000	42.441
20640.000	42.294
20650.000	42.441
20660.000	42.148
20670.000	42.294
20680.000	42.514
20690.000	42.367
20700.000	42.546
20710.000	42.546
20720.000	42.693
20730.000	43.319
20740.000	43.319
20750.000	43.026
20760.000	43.319
20770.000	43.099
20780.000	42.766
20790.000	42.913
20800.000	43.132
20810.000	42.969
20820.000	42.969
20830.000	42.710
20840.000	42.563
20850.000	42.930
20860.000	42.930
20870.000	43.751
20880.000	43.631
20890.000	43.631
20900.000	43.712
20910.000	43.696
20920.000	43.296
20930.000	43.556
20940.000	43.556
20950.000	43.410
20960.000	43.890
20970.000	43.475
20980.000	43.428
20990.000	43.695
21000.000	43.760
21010.000	43.613
21020.000	44.582
21030.000	44.363
21040.000	44.442
21050.000	44.150
21060.000	43.889
21070.000	43.743
21080.000	44.660
21090.000	44.513
21100.000	44.234
21110.000	43.941
21120.000	43.371
21130.000	43.664
21140.000	44.732
21150.000	44.732
21160.000	44.319
21170.000	44.465
21180.000	43.741
21190.000	44.107
21200.000	43.801
21210.000	44.167
21220.000	44.167
21230.000	44.167
21240.000	43.532
21250.000	43.606
21260.000	43.579
21270.000	43.433
21280.000	43.506
21290.000	43.140
21300.000	43.726
21310.000	43.652
21320.000	43.652
21330.000	43.433
21340.000	43.579
21350.000	42.993
21360.000	43.286
21370.000	43.286
21380.000	43.140
21390.000	42.627
21400.000	42.627
21410.000	43.034
21420.000	43.180
21430.000	43.180
21440.000	42.887
21450.000	42.594
21460.000	42.594
21470.000	42.594
21480.000	42.448
21490.000	42.348
21500.000	42.202
21510.000	41.575
21520.000	41.575
21530.000	41.412
21540.000	41.559
21550.000	41.319
21560.000	41.319
21570.000	40.953
21580.000	40.879
21590.000	41.590
21600.000	41.590
21610.000	41.277
21620.000	40.618
21630.000	40.561
21640.000	40.414
21650.000	40.434
21660.000	40.971
21670.000	40.878
21680.000	40.732
21690.000	39.828
21700.000	39.828
21710.000	40.117
21720.000	40.410
21730.000	40.163
21740.000	40.017
21750.000	39.870
21760.000	39.187
21770.000	39.638
21780.000	39.565
21790.000	39.691
21800.000	39.618
21810.000	39.423
21820.000	39.423
21830.000	39.376
21840.000	39.669
21850.000	39.669
21860.000	39.376
21870.000	39.156
21880.000	39.156
21890.000	39.176
21900.000	39.469
21910.000	39.469
21920.000	38.957
21930.000	38.737
21940.000	38.883
21950.000	38.517
21960.000	38.810
21970.000	39.017
21980.000	38.219
21990.000	38.650
22000.000	38.504
22010.000	38.138
22020.000	38.357
22030.000	38.650
22040.000	38.683
22050.000	38.829
22060.000	38.536
22070.000	38.477
22080.000	38.989
22090.000	38.631
22100.000	38.875
22110.000	39.168
22120.000	38.662
22130.000	38.516
22140.000	38.703
22150.000	38.483
22160.000	39.053
22170.000	39.199
22180.000	38.767
22190.000	38.693
22200.000	38.815
22210.000	38.742
22220.000	39.216
22230.000	39.435
22240.000	38.790
22250.000	39.009
22260.000	38.952
22270.000	38.806
22280.000	39.605
22290.000	39.252
22300.000	39.032
22310.000	39.545
22320.000	39.504
22330.000	39.338
22340.000	39.324
22350.000	40.000
22360.000	39.487
22370.000	39.487
22380.000	39.267
22390.000	39.620
22400.000	39.962
22410.000	39.449
22420.000	39.283
22430.000	39.156
22440.000	39.742
22450.000	39.360
22460.000	40.133
22470.000	39.913
22480.000	39.913
22490.000	39.913
22500.000	39.864
22510.000	39.864
22520.000	40.177
22530.000	40.104
22540.000	40.104
22550.000	39.738
22560.000	39.624
22570.000	39.624
22580.000	39.697
22590.000	39.551
22600.000	39.551
22610.000	39.624
22620.000	39.551
22630.000	39.551
22640.000	39.551
22650.000	39.551
22660.000	39.551
22670.000	39.185
22680.000	39.111
22690.000	39.111
22700.000	39.404
22710.000	39.185
22720.000	39.185
22730.000	39.185
22740.000	39.038
22750.000	39.038
22760.000	39.111
22770.000	38.892
22780.000	38.892
22790.000	38.672
22800.000	38.599
22810.000	38.599
22820.000	38.599
22830.000	38.379
22840.000	38.379
22850.000	38.086
22860.000	37.939
22870.000	38.306
22880.000	38.013
22890.000	37.866
22900.000	37.593
22910.000	37.373
22920.000	37.300
22930.000	37.154
22940.000	37.487
22950.000	37.414
22960.000	37.121
22970.000	36.828
22980.000	36.755
22990.000	36.609
23000.000	37.215
23010.000	37.215
23020.000	36.682
23030.000	36.829
23040.000	36.202
23050.000	36.349
23060.000	36.430
23070.000	36.430
23080.000	36.104
23090.000	36.324
23100.000	35.624
23110.000	35.404
23120.000	35.571
23130.000	35.571
23140.000	35.571
23150.000	35.058
23160.000	34.976
23170.000	35.056
23180.000	34.870
23190.000	34.723
23200.000	34.723
23210.000	35.049
23220.000	34.976
23230.000	34.503
23240.000	34.430
23250.000	34.649
23260.000	34.137
23270.000	34.041
23280.000	34.427
23290.000	33.841
23300.000	34.215
23310.000	33.670
23320.000	33.643
23330.000	33.530
23340.000	33.310
23350.000	33.530
23360.000	33.717
23370.000	33.441
23380.000	33.241
23390.000	33.461
23400.000	32.940
23410.000	32.720
23420.000	33.512
23430.000	33.365
23440.000	33.212
23450.000	32.992
23460.000	32.659
23470.000	32.805
23480.000	33.205
23490.000	33.058
23500.000	33.031
23510.000	32.885
23520.000	32.267
23530.000	32.559
23540.000	32.566
23550.000	33.030
23560.000	33.030
23570.000	32.810
23580.000	32.591
23590.000	32.591
23600.000	32.690
23610.000	32.764
23620.000	32.764
23630.000	32.764
23640.000	32.520
23650.000	32.520
23660.000	32.520
23670.000	32.666
23680.000	32.666
23690.000	32.520
23700.000	32.666
23710.000	32.666
23720.000	32.446
23730.000	32.666
23740.000	32.666
23750.000	32.300
23760.000	32.520
23770.000	32.440
23780.000	32.220
23790.000	32.440
23800.000	32.366
23810.000	32.757
23820.000	32.830
23830.000	32.591
23840.000	32.444
23850.000	32.664
23860.000	32.591
23870.000	33.175
23880.000	33.321
23890.000	33.035
23900.000	33.108
23910.000	32.718
23920.000	32.718
23930.000	33.332
23940.000	33.478
23950.000	33.505
23960.000	33.432
23970.000	33.000
23980.000	32.927
23990.000	33.645
24000.000	33.791
24010.000	33.405
24020.000	33.918
24030.000	33.250
24040.000	33.397
24050.000	33.907
24060.000	33.981
24070.000	34.160
24080.000	33.721
24090.000	33.802
24100.000	33.583
24110.000	34.197
24120.000	34.636
24130.000	34.636
24140.000	34.416
24150.000	34.319
24160.000	34.319
24170.000	34.212
24180.000	34.285
24190.000	34.285
24200.000	34.871
24210.000	34.351
24220.000	34.351
24230.000	34.131
24240.000	34.717
24250.000	34.424
24260.000	34.277
24270.000	34.351
24280.000	34.351
24290.000	34.717
24300.000	34.424
24310.000	34.424
24320.000	34.570
24330.000	34.058
24340.000	34.058
24350.000	34.717
24360.000	34.497
24370.000	34.497
24380.000	34.277
24390.000	34.497
24400.000	34.497
24410.000	34.204
24420.000	34.497
24430.000	34.497
24440.000	34.277
24450.000	33.911
24460.000	34.231
24470.000	33.718
24480.000	33.938
24490.000	33.718
24500.000	33.938
24510.000	33.865
24520.000	33.645
24530.000	33.799
24540.000	34.092
24550.000	33.786
24560.000	33.540
24570.000	34.126
24580.000	33.613
24590.000	34.069
24600.000	33.922
24610.000	33.689
24620.000	33.689
24630.000	33.095
24640.000	33.168
24650.000	33.255
24660.000	33.255
24670.000	33.035
24680.000	33.532
24690.000	32.856
24700.000	32.616
24710.000	32.776
24720.000	32.630
24730.000	32.630
24740.000	33.020
24750.000	32.801
24760.000	32.514
24770.000	32.824
24780.000	31.894
24790.000	31.894
24800.000	32.590
24810.000	32.224
24820.000	32.070
24830.000	32.290
24840.000	31.167
24850.000	31.240
24860.000	32.202
24870.000	31.087
24880.000	31.094
24890.000	31.673
24900.000	30.558
24910.000	30.705
24920.000	31.289
24930.000	30.777
24940.000	30.996
24950.000	30.996
24960.000	30.541
24970.000	30.541
24980.000	30.534
24990.000	30.461
25000.000	30.461
25010.000	30.387
25020.000	29.810
25030.000	29.810
25040.000	29.810
25050.000	29.663
25060.000	29.663
25070.000	29.297
25080.000	29.443
25090.000	29.443
25100.000	29.077
25110.000	29.004
25120.000	29.004
25130.000	29.077
25140.000	28.564
25150.000	28.564
25160.000	28.584
25170.000	28.511
25180.000	28.365
25190.000	28.291
25200.000	28.145
25210.000	28.438
25220.000	28.218
25230.000	28.072
25240.000	28.072
25250.000	27.998
25260.000	28.198
25270.000	28.198
25280.000	28.377
25290.000	28.304
25300.000	28.191
25310.000	27.825
25320.000	27.971
25330.000	27.971
25340.000	28.109
25350.000	27.890
25360.000	27.890
25370.000	27.890
25380.000	27.784
25390.000	27.784
25400.000	27.897
25410.000	27.751
25420.000	27.751
25430.000	27.751
25440.000	27.539
25450.000	27.486
25460.000	27.339
25470.000	27.266
25480.000	27.046
25490.000	27.339
25500.000	27.632
25510.000	27.386
25520.000	27.313
25530.000	27.020
25540.000	27.093
25550.000	27.512
25560.000	27.512
25570.000	27.659
25580.000	27.724
25590.000	27.504
25600.000	27.098
25610.000	27.646
25620.000	27.939
25630.000	27.699
25640.000	27.699
25650.000	27.333
25660.000	27.479
25670.000	27.878
25680.000	27.740
25690.000	27.626
25700.000	27.593
25710.000	27.292
25720.000	27.585
25730.000	27.955
25740.000	28.101
25750.000	27.915
25760.000	27.687
25770.000	27.834
25780.000	28.166
25790.000	28.166
25800.000	28.240
25810.000	28.240
25820.000	28.093
25830.000	28.036
25840.000	28.036
25850.000	28.149
25860.000	28.052
25870.000	28.052
25880.000	28.125
25890.000	28.198
25900.000	28.198
25910.000	28.271
25920.000	28.345
25930.000	28.345
25940.000	28.271
25950.000	28.345
25960.000	28.345
25970.000	28.564
25980.000	28.418
25990.000	28.418
26000.000	28.564
26010.000	28.638
26020.000	28.638
26030.000	28.638
26040.000	28.857
26050.000	28.857
26060.000	28.857
26070.000	28.638
26080.000	28.638
26090.000	28.564
26100.000	28.857
26110.000	28.857
26120.000	28.564
26130.000	28.784
26140.000	28.784
26150.000	28.931
26160.000	28.711
26170.000	28.711
26180.000	29.077
26190.000	29.004
26200.000	29.004
26210.000	28.857
26220.000	29.077
26230.000	29.077
26240.000	29.004
26250.000	28.711
26260.000	28.604
26270.000	28.604
26280.000	28.751
26290.000	28.531
26300.000	28.621
26310.000	28.987
26320.000	28.807
26330.000	28.587
26340.000	28.514
26350.000	28.368
26360.000	29.011
26370.000	29.158
26380.000	28.598
26390.000	28.598
26400.000	28.362
26410.000	28.362
26420.000	28.396
26430.000	28.396
26440.000	28.396
26450.000	28.534
26460.000	28.363
26470.000	27.957
26480.000	28.386
26490.000	28.386
26500.000	28.193
26510.000	28.120
26520.000	28.047
26530.000	28.120
26540.000	28.193
26550.000	27.981
26560.000	27.642
26570.000	27.755
26580.000	27.592
26590.000	27.592
26600.000	27.639
26610.000	27.273
26620.000	27.419
26630.000	27.346
26640.000	27.053
26650.000	27.273
26660.000	27.026
26670.000	27.026
26680.000	26.880
26690.000	26.733
26700.000	26.880
26710.000	26.807
26720.000	26.953
26730.000	26.440
26740.000	26.440
26750.000	26.432
26760.000	26.579
26770.000	26.199
26780.000	26.183
26790.000	26.622
26800.000	25.963
26810.000	25.784
26820.000	26.150
26830.000	26.150
26840.000	25.784
26850.000	25.333
26860.000	25.260
26870.000	25.615
26880.000	25.192
26890.000	24.666
26900.000	24.885
26910.000	24.592
26920.000	24.405
26930.000	24.039
26940.000	24.454
26950.000	24.321
26960.000	24.174
26970.000	23.833
26980.000	23.979
26990.000	24.009
27000.000	24.009
27010.000	23.796
27020.000	23.796
27030.000	23.576
27040.000	23.161
27050.000	23.420
27060.000	23.493
27070.000	23.213
27080.000	22.920
27090.000	22.904
27100.000	22.758
27110.000	23.150
27120.000	22.783
27130.000	22.857
27140.000	22.710
27150.000	22.458
27160.000	22.019
27170.000	22.559
27180.000	22.266
27190.000	22.266
27200.000	21.973
27210.000	21.720
27220.000	21.720
27230.000	21.720
27240.000	21.574
27250.000	21.574
27260.000	21.794
27270.000	21.606
27280.000	21.606
27290.000	21.021
27300.000	21.021
27310.000	21.021
27320.000	20.947
27330.000	20.654
27340.000	20.654
27350.000	20.801
27360.000	20.581
27370.000	20.581
27380.000	20.068
27390.000	20.288
27400.000	20.288
27410.000	20.288
27420.000	19.995
27430.000	19.995
27440.000	19.995
27450.000	19.702
27460.000	19.849
27470.000	19.775
27480.000	19.995
27490.000	19.995
27500.000	19.556
27510.000	19.409
27520.000	19.409
27530.000	19.482
27540.000	19.702
27550.000	19.329
27560.000	19.549
27570.000	19.256
27580.000	19.156
27590.000	19.156
27600.000	19.156
27610.000	19.156
27620.000	19.059
27630.000	19.059
27640.000	18.792
27650.000	19.019
27660.000	18.726
27670.000	18.652
27680.000	18.956
27690.000	18.882
27700.000	18.796
27710.000	18.723
27720.000	18.454
27730.000	18.527
27740.000	18.875
27750.000	18.655
27760.000	18.549
27770.000	18.622
27780.000	18.419
27790.000	18.345
27800.000	18.456
27810.000	18.456
27820.000	18.569
27830.000	18.423
27840.000	18.049
27850.000	18.049
27860.000	18.448
27870.000	18.595
27880.000	18.428
27890.000	18.135
27900.000	18.184
27910.000	18.111
27920.000	18.592
27930.000	18.372
27940.000	18.199
27950.000	18.492
27960.000	18.126
27970.000	18.199
27980.000	18.162
27990.000	18.382
28000.000	18.422
28010.000	18.422
28020.000	18.120
28030.000	18.120
28040.000	18.424
28050.000	18.570
28060.000	18.404
28070.000	18.257
28080.000	18.241
28090.000	18.241
28100.000	18.641
28110.000	18.421
28120.000	18.421
28130.000	18.641
28140.000	18.584
28150.000	18.584
28160.000	18.604
28170.000	18.750
28180.000	18.750
28190.000	18.750
28200.000	18.530
28210.000	18.530
28220.000	18.424
28230.000	18.497
28240.000	18.570
28250.000	18.570
28260.000	18.570
28270.000	18.717
28280.000	18.717
28290.000	18.717
28300.000	18.790
28310.000	19.010
28320.000	19.189
28330.000	19.043
28340.000	18.970
28350.000	18.970
28360.000	19.263
28370.000	19.336
28380.000	19.116
28390.000	19.263
28400.000	19.189
28410.000	19.336
28420.000	19.556
28430.000	19.556
28440.000	19.556
28450.000	19.482
28460.000	19.556
28470.000	19.482
28480.000	19.922
28490.000	19.922
28500.000	19.702
28510.000	19.922
28520.000	19.556
28530.000	19.922
28540.000	20.215
28550.000	20.288
28560.000	20.361
28570.000	20.142
28580.000	20.215
28590.000	19.995
28600.000	20.435
28610.000	20.215
28620.000	20.435
28630.000	20.581
28640.000	20.581
28650.000	20.801
28660.000	20.408
28670.000	20.628
28680.000	20.628
28690.000	20.994
28700.000	21.002
28710.000	21.075
28720.000	21.155
28730.000	21.009
28740.000	21.009
28750.000	20.496
28760.000	21.125
28770.000	21.052
28780.000	21.131
28790.000	20.985
28800.000	20.757
28810.000	20.977
28820.000	21.206
28830.000	21.499
28840.000	21.166
28850.000	21.606
28860.000	21.736
28870.000	21.736
28880.000	21.510
28890.000	21.802
28900.000	21.802
28910.000	21.802
28920.000	21.347
28930.000	21.347
28940.000	21.753
28950.000	21.753
28960.000	21.686
28970.000	21.320
28980.000	21.760
28990.000	21.540
29000.000	22.028
29010.000	21.515
29020.000	21.522
29030.000	21.522
29040.000	21.595
29050.000	21.449
29060.000	21.678
29070.000	22.044
29080.000	21.831
29090.000	22.124
29100.000	21.343
29110.000	21.929
29120.000	22.158
29130.000	22.378
29140.000	21.766
29150.000	21.839
29160.000	21.676
29170.000	21.749
29180.000	21.816
29190.000	21.669
29200.000	21.896
29210.000	21.749
29220.000	21.660
29230.000	21.294
29240.000	22.166
29250.000	22.240
29260.000	22.240
29270.000	21.654
29280.000	21.654
29290.000	21.654
29300.000	21.654
29310.000	21.507
29320.000	21.434
29330.000	21.654
29340.000	21.174
29350.000	21.467
29360.000	21.027
29370.000	21.540
29380.000	21.247
29390.000	21.638
29400.000	21.338
29410.000	21.285
29420.000	21.211
29430.000	21.211
29440.000	21.211
29450.000	20.984
29460.000	21.143
29470.000	20.850
29480.000	20.997
29490.000	20.313
29500.000	20.606
29510.000	20.733
29520.000	20.659
29530.000	20.659
29540.000	20.489
29550.000	20.423
29560.000	20.157
29570.000	20.230
29580.000	20.084
29590.000	20.230
29600.000	20.466
29610.000	20.100
29620.000	20.047
29630.000	19.534
29640.000	19.485
29650.000	19.632
29660.000	19.869
29670.000	19.869
29680.000	19.356
29690.000	19.356
29700.000	19.047
29710.000	19.120
29720.000	19.401
29730.000	19.181
29740.000	19.075
29750.000	18.855
29760.000	18.505
29770.000	18.432
29780.000	18.676
29790.000	18.603
29800.000	18.483
29810.000	18.190
29820.000	17.742
29830.000	18.109
29840.000	18.101
29850.000	17.955
29860.000	17.735
29870.000	17.792
29880.000	17.987
29890.000	17.421
29900.000	17.175
29910.000	17.541
29920.000	17.248
29930.000	17.289
29940.000	17.183
29950.000	16.883
29960.000	17.030
29970.000	16.607
29980.000	16.460
29990.000	17.148
30000.000	16.782
30010.000	16.409
30020.000	16.556
30030.000	16.002
30040.000	16.002
30050.000	16.505
30060.000	16.066
30070.000	15.919
30080.000	15.846
30090.000	15.211
30100.000	15.578
30110.000	15.918
30120.000	15.479
30130.000	15.625
30140.000	15.405
30150.000	14.836
30160.000	15.202
30170.000	15.283
30180.000	15.210
30190.000	15.090
30200.000	14.724
30210.000	14.537
30220.000	14.390
30230.000	14.634
30240.000	14.781
30250.000	14.381
30260.000	14.235
30270.000	14.153
30280.000	13.940
30290.000	14.044
30300.000	14.190
30310.000	14.037
30320.000	13.964
30330.000	13.647
30340.000	13.281
30350.000	13.843
30360.000	13.696
30370.000	13.497
30380.000	13.636
30390.000	13.360
30400.000	13.213
30410.000	12.984
30420.000	13.497
30430.000	13.104
30440.000	13.177
30450.000	13.014
30460.000	12.868
30470.000	12.905
30480.000	12.538
30490.000	12.845
30500.000	12.479
30510.000	12.422
30520.000	12.055
30530.000	12.684
30540.000	12.245
30550.000	11.912
30560.000	11.912
30570.000	12.001
30580.000	11.708
30590.000	11.760
30600.000	11.907
30610.000	11.927
30620.000	11.707
30630.000	11.031
30640.000	11.324
30650.000	11.438
30660.000	11.438
30670.000	10.925
30680.000	11.291
30690.000	11.006
30700.000	11.153
30710.000	10.620
30720.000	10.840
30730.000	10.913
30740.000	11.060
30750.000	10.620
30760.000	10.547
30770.000	10.767
30780.000	10.620
30790.000	10.693
30800.000	10.107
30810.000	10.474
30820.000	10.254
30830.000	10.474
30840.000	10.124
30850.000	10.124
30860.000	10.197
30870.000	9.964
30880.000	10.184
30890.000	9.671
30900.000	9.907
30910.000	9.807
30920.000	9.734
30930.000	9.661
30940.000	9.514
30950.000	9.514
30960.000	9.514
30970.000	9.448
30980.000	9.301
30990.000	9.374
31000.000	9.212
31010.000	9.352
31020.000	9.206
31030.000	9.166
31040.000	9.166
31050.000	9.003
31060.000	8.930
31070.000	9.026
31080.000	8.879
31090.000	9.012
31100.000	8.866
31110.000	8.606
31120.000	8.752
31130.000	8.515
31140.000	8.882
31150.000	8.815
31160.000	8.449
31170.000	8.392
31180.000	8.392
31190.000	8.478
31200.000	8.552
31210.000	8.552
31220.000	8.405
31230.000	8.023
31240.000	8.023
31250.000	8.309
31260.000	8.130
31270.000	8.130
31280.000	8.130
31290.000	8.057
31300.000	7.910
31310.000	8.250
31320.000	8.176
31330.000	7.884
31340.000	8.128
31350.000	7.981
31360.000	7.768
31370.000	8.134
31380.000	7.988
31390.000	7.695
31400.000	7.939
31410.000	7.746
31420.000	7.753
31430.000	8.192
31440.000	7.875
31450.000	7.655
31460.000	7.884
31470.000	7.665
31480.000	7.605
31490.000	7.971
31500.000	7.727
31510.000	7.507
31520.000	7.655
31530.000	7.508
31540.000	7.449
31550.000	7.815
31560.000	7.725
31570.000	7.432
31580.000	7.565
31590.000	7.492
31600.000	7.426
31610.000	7.735
31620.000	7.515
31630.000	7.429
31640.000	7.429
31650.000	7.355
31660.000	7.355
31670.000	7.502
31680.000	7.575
31690.000	7.575
31700.000	7.422
31710.000	7.251
31720.000	7.251
31730.000	7.251
31740.000	7.617
31750.000	7.464
31760.000	7.244
31770.000	7.244
31780.000	7.098
31790.000	7.252
31800.000	7.472
31810.000	7.532
31820.000	7.386
31830.000	7.312
31840.000	7.312
31850.000	7.246
31860.000	7.392
31870.000	7.732
31880.000	7.512
31890.000	7.211
31900.000	7.284
31910.000	7.314
31920.000	7.460
31930.000	7.807
31940.000	7.660
31950.000	7.514
31960.000	7.587
31970.000	7.394
31980.000	7.394
31990.000	7.833
32000.000	7.923
32010.000	7.613
32020.000	7.613
32030.000	7.560
32040.000	7.560
32050.000	8.000
32060.000	8.000
32070.000	7.780
32080.000	7.780
32090.000	7.804
32100.000	7.642
32110.000	7.921
32120.000	7.994
32130.000	7.702
32140.000	7.702
32150.000	7.734
32160.000	7.661
32170.000	8.007
32180.000	8.154
32190.000	7.763
32200.000	7.763
32210.000	7.874
32220.000	7.727
32230.000	8.074
32240.000	8.147
32250.000	7.748
32260.000	7.895
32270.000	7.939
32280.000	7.866
32290.000	8.279
32300.000	8.279
32310.000	7.888
32320.000	8.181
32330.000	8.144
32340.000	8.144
32350.000	8.484
32360.000	8.329
32370.000	8.085
32380.000	8.351
32390.000	8.085
32400.000	8.378
32410.000	8.597
32420.000	8.304
32430.000	8.361
32440.000	8.451
32450.000	8.258
32460.000	8.632
32470.000	8.632
32480.000	8.439
32490.000	8.732
32500.000	8.506
32510.000	8.799
32520.000	8.872
32530.000	8.652
32540.000	8.815
32550.000	8.888
32560.000	8.722
32570.000	9.015
32580.000	8.868
32590.000	8.941
32600.000	9.119
32610.000	9.046
32620.000	9.246
32630.000	9.172
32640.000	9.254
32650.000	9.174
32660.000	9.194
32670.000	9.340
32680.000	9.413
32690.000	9.413
32700.000	9.413
32710.000	9.387
32720.000	9.407
32730.000	9.407
32740.000	9.366
32750.000	9.373
32760.000	9.446
32770.000	9.446
32780.000	9.446
32790.000	9.446
32800.000	9.422
32810.000	9.725
32820.000	9.652
32830.000	9.725
32840.000	9.847
32850.000	9.920
32860.000	10.093
32870.000	9.800
32880.000	10.093
32890.000	10.020
32900.000	10.167
32910.000	9.963
32920.000	9.817
32930.000	10.305
32940.000	10.036
32950.000	10.289
32960.000	9.970
32970.000	10.116
32980.000	10.263
32990.000	10.295
33000.000	10.442
33010.000	10.076
33020.000	10.442
33030.000	10.173
33040.000	10.392
33050.000	10.392
33060.000	10.758
33070.000	10.758
33080.000	10.685
33090.000	10.360
33100.000	10.360
33110.000	10.872
33120.000	11.165
33130.000	11.165
33140.000	10.799
33150.000	11.060
33160.000	11.060
33170.000	11.133
33180.000	10.693
33190.000	10.693
33200.000	11.060
33210.000	11.206
33220.000	11.206
33230.000	10.693
33240.000	10.886
33250.000	10.886
33260.000	11.245
33270.000	10.732
33280.000	11.051
33290.000	11.125
33300.000	11.271
33310.000	11.125
33320.000	11.198
33330.000	11.344
33340.000	11.491
33350.000	11.298
33360.000	11.233
33370.000	11.452
33380.000	11.646
33390.000	11.572
33400.000	11.572
33410.000	11.841
33420.000	11.914
33430.000	11.688
33440.000	11.468
33450.000	11.688
33460.000	11.834
33470.000	11.867
33480.000	11.793
33490.000	11.907
33500.000	11.907
33510.000	11.565
33520.000	11.418
33530.000	11.840
33540.000	12.060
33550.000	11.900
33560.000	11.754
33570.000	11.867
33580.000	11.941
33590.000	11.852
33600.000	11.852
33610.000	12.038
33620.000	12.185
33630.000	11.949
33640.000	11.949
33650.000	12.328
33660.000	12.109
33670.000	12.109
33680.000	12.035
33690.000	12.231
33700.000	12.231
33710.000	12.410
33720.000	12.671
33730.000	12.671
33740.000	12.231
33750.000	12.158
33760.000	12.158
33770.000	12.598
33780.000	12.451
33790.000	12.451
33800.000	12.378
33810.000	12.158
33820.000	12.158
33830.000	12.085
33840.000	12.451
33850.000	12.451
33860.000	12.278
33870.000	12.205
33880.000	12.718
33890.000	12.205
33900.000	12.335
33910.000	12.075
33920.000	12.588
33930.000	12.222
33940.000	12.515
33950.000	12.425
33960.000	12.818
33970.000	12.292
33980.000	12.146
33990.000	12.365
34000.000	12.455
34010.000	12.462
34020.000	12.536
34030.000	12.775
34040.000	12.450
34050.000	12.080
34060.000	12.007
34070.000	12.687
34080.000	12.467
34090.000	12.561
34100.000	12.341
34110.000	12.666
34120.000	12.199
34130.000	12.199
34140.000	12.058
34150.000	12.412
34160.000	12.257
34170.000	12.331
34180.000	12.384
34190.000	12.384
34200.000	11.944
34210.000	11.944
34220.000	12.164
34230.000	12.199
34240.000	12.199
34250.000	12.126
34260.000	12.012
34270.000	12.012
34280.000	11.792
34290.000	11.938
34300.000	11.938
34310.000	12.012
34320.000	11.865
34330.000	11.792
34340.000	11.938
34350.000	11.499
34360.000	11.499
34370.000	11.499
34380.000	11.646
34390.000	11.665
34400.000	11.446
34410.000	11.446
34420.000	11.592
34430.000	11.657
34440.000	11.291
34450.000	11.178
34460.000	11.251
34470.000	11.398
34480.000	11.178
34490.000	11.215
34500.000	11.361
34510.000	11.235
34520.000	11.015
34530.000	10.511
34540.000	10.877
34550.000	10.803
34560.000	11.169
34570.000	10.510
34580.000	10.876
34590.000	10.526
34600.000	10.819
34610.000	10.449
34620.000	10.376
34630.000	10.496
34640.000	10.382
34650.000	10.056
34660.000	10.056
34670.000	10.349
34680.000	10.203
34690.000	10.203
34700.000	9.910
34710.000	9.967
34720.000	9.967
34730.000	9.847
34740.000	9.595
34750.000	9.595
34760.000	9.521
34770.000	9.448
34780.000	9.448
34790.000	9.448
34800.000	9.302
34810.000	9.302
34820.000	9.082
34830.000	9.155
34840.000	9.002
34850.000	9.002
34860.000	8.929
34870.000	8.563
34880.000	8.709
34890.000	8.498
34900.000	8.544
34910.000	8.691
34920.000	8.471
34930.000	8.251
34940.000	8.347
34950.000	7.981
34960.000	8.254
34970.000	8.327
34980.000	7.888
34990.000	7.807
35000.000	7.613
35010.000	7.540
35020.000	7.833
35030.000	7.915
35040.000	7.532
35050.000	7.332
35060.000	7.133
35070.000	7.059
35080.000	7.059
35090.000	7.206
35100.000	7.059
35110.000	6.913
35120.000	6.547
35130.000	6.465
35140.000	6.685
35150.000	6.665
35160.000	6.665
35170.000	6.665
35180.000	6.519
35190.000	6.079
35200.000	5.859
35210.000	6.087
35220.000	6.087
35230.000	5.821
35240.000	5.601
35250.000	5.894
35260.000	5.674
35270.000	5.349
35280.000	5.276
35290.000	5.369
35300.000	5.515
35310.000	5.214
35320.000	5.141
35330.000	5.163
35340.000	5.310
35350.000	4.970
35360.000	4.824
35370.000	4.710
35380.000	4.636
35390.000	4.511
35400.000	4.364
35410.000	4.318
35420.000	4.171
35430.000	4.049
35440.000	3.756
35450.000	3.697
35460.000	3.843
35470.000	3.950
35480.000	3.950
35490.000	3.763
35500.000	3.616
35510.000	3.394
35520.000	3.321
35530.000	3.288
35540.000	3.288
35550.000	3.174
35560.000	2.954
35570.000	2.880
35580.000	2.807
35590.000	2.787
35600.000	2.787
35610.000	2.836
35620.000	2.982
35630.000	2.942
35640.000	2.739
35650.000	2.646
35660.000	2.336
35670.000	2.250
35680.000	2.250
35690.000	2.213
35700.000	1.993
35710.000	1.833
35720.000	1.614
35730.000	1.467
35740.000	1.451
35750.000	1.398
35760.000	1.479
35770.000	1.479
35780.000	1.419
35790.000	1.403
35800.000	1.403
35810.000	1.416
35820.000	1.270
35830.000	1.270
35840.000	1.196
35850.000	0.977
35860.000	0.977
35870.000	0.806
35880.000	0.586
35890.000	0.586
35900.000	0.586
35910.000	0.366
35920.000	0.366
35930.000	0.293
35940.000	0.220
35950.000	0.220
35960.000	0.146
35970.000	-0.000
