% 05-Apr-2021 09:13:55
% Time, s	 Pressure, mBar	 Temperature, degC
0.005 827.9302 22.4646
0.015 827.9159 22.4671
0.025 827.9302 22.4689
0.035 827.9393 22.4718
0.045 827.9393 22.4744
0.055 827.9444 22.4769
0.065 827.9444 22.4796
0.075 827.9422 22.4808
0.085 827.9362 22.4841
0.095 827.9362 22.4865
0.105 827.9298 22.4874
0.115 827.9298 22.4895
0.125 827.9298 22.4896
0.135 827.9298 22.4913
0.145 827.9264 22.4930
0.155 827.9372 22.4939
0.165 827.9264 22.4973
0.174 827.9157 22.5004
0.184 827.9157 22.5011
0.194 827.9314 22.5027
0.204 827.9314 22.5049
0.214 827.9314 22.5061
0.224 827.9314 22.5073
0.234 827.9418 22.5091
0.244 827.9418 22.5107
0.254 827.9271 22.5090
0.264 827.9446 22.5086
0.274 827.9446 22.5103
0.284 827.9245 22.5116
0.294 827.9245 22.5119
0.304 827.9420 22.5128
0.314 827.9205 22.5152
0.324 827.9188 22.5170
0.334 827.9420 22.5186
0.344 827.9482 22.5187
0.354 827.9267 22.5182
0.364 827.9267 22.5190
0.374 827.9462 22.5200
0.384 827.9334 22.5184
0.394 827.9334 22.5198
0.404 827.9462 22.5215
0.414 827.9485 22.5220
0.424 827.9485 22.5243
0.434 827.9485 22.5240
0.444 827.9387 22.5243
0.454 827.9328 22.5251
0.464 827.9303 22.5249
0.474 827.9303 22.5281
0.484 827.9328 22.5287
0.494 827.9328 22.5251
0.504 827.9472 22.5245
0.514 827.9472 22.5250
0.524 827.9472 22.5263
0.534 827.9472 22.5289
0.544 827.9418 22.5309
0.554 827.9400 22.5302
0.564 827.9353 22.5289
0.574 827.9418 22.5279
0.584 827.9353 22.5293
0.594 827.9318 22.5304
0.604 827.9327 22.5302
0.614 827.9318 22.5297
0.624 827.9318 22.5289
0.634 827.9327 22.5285
0.644 827.9360 22.5276
0.654 827.9372 22.5306
0.664 827.9468 22.5331
0.674 827.9472 22.5337
0.684 827.9468 22.5339
0.694 827.9559 22.5339
0.704 827.9468 22.5347
0.714 827.9430 22.5343
0.724 827.9318 22.5346
0.734 827.9318 22.5346
0.744 827.9318 22.5342
0.754 827.9470 22.5339
0.764 827.9541 22.5331
0.774 827.9541 22.5340
0.784 827.9470 22.5359
0.794 827.9450 22.5360
0.804 827.9450 22.5339
0.814 827.9403 22.5329
0.824 827.9450 22.5355
0.834 827.9408 22.5364
0.844 827.9538 22.5365
0.854 827.9578 22.5380
0.864 827.9578 22.5392
0.874 827.9678 22.5394
0.884 827.9678 22.5386
0.894 827.9541 22.5396
0.904 827.9541 22.5402
0.914 827.9569 22.5399
0.924 827.9569 22.5396
0.934 827.9569 22.5406
0.944 827.9627 22.5397
0.954 827.9627 22.5392
0.964 827.9627 22.5406
0.974 827.9429 22.5407
0.984 827.9429 22.5389
0.994 827.9429 22.5390
1.004 827.9532 22.5413
1.014 827.9394 22.5396
1.024 827.9386 22.5399
1.034 827.9386 22.5406
1.044 827.9386 22.5392
1.054 827.9386 22.5413
1.064 827.9597 22.5420
1.074 827.9597 22.5419
1.084 827.9600 22.5418
1.094 827.9597 22.5411
1.104 827.9420 22.5419
1.114 827.9420 22.5420
1.124 827.9600 22.5418
1.134 827.9603 22.5411
1.144 827.9603 22.5447
1.154 827.9603 22.5451
1.164 827.9541 22.5427
1.174 827.9493 22.5426
1.184 827.9473 22.5419
1.194 827.9493 22.5437
1.204 827.9493 22.5443
1.214 827.9493 22.5439
1.224 827.9473 22.5439
1.234 827.9558 22.5427
1.244 827.9473 22.5419
1.254 827.9465 22.5417
1.264 827.9465 22.5436
1.274 827.9419 22.5468
1.284 827.9419 22.5455
1.294 827.9429 22.5427
1.304 827.9429 22.5424
1.314 827.9429 22.5460
1.324 827.9540 22.5473
1.334 827.9540 22.5441
1.344 827.9622 22.5441
1.354 827.9783 22.5456
1.364 827.9783 22.5455
1.374 827.9459 22.5445
1.384 827.9532 22.5435
1.394 827.9532 22.5440
1.404 827.9397 22.5456
1.414 827.9532 22.5465
1.424 827.9532 22.5461
1.434 827.9551 22.5431
1.444 827.9552 22.5431
1.454 827.9625 22.5439
1.464 827.9625 22.5455
1.474 827.9625 22.5474
1.484 827.9625 22.5472
1.494 827.9578 22.5478
1.504 827.9578 22.5489
1.514 827.9589 22.5495
1.524 827.9589 22.5474
1.534 827.9578 22.5476
1.544 827.9517 22.5473
1.554 827.9517 22.5473
1.564 827.9517 22.5483
1.574 827.9518 22.5476
1.584 827.9591 22.5476
1.594 827.9591 22.5464
1.604 827.9598 22.5470
1.614 827.9658 22.5487
1.624 827.9598 22.5500
1.634 827.9652 22.5507
1.644 827.9652 22.5503
1.654 827.9652 22.5504
1.664 827.9652 22.5487
1.674 827.9756 22.5487
1.684 827.9756 22.5502
1.694 827.9756 22.5502
1.704 827.9490 22.5495
1.714 827.9490 22.5493
1.724 827.9471 22.5479
1.734 827.9471 22.5489
1.744 827.9471 22.5496
1.754 827.9471 22.5483
1.764 827.9471 22.5482
1.774 827.9441 22.5508
1.784 827.9478 22.5516
1.794 827.9478 22.5491
1.804 827.9633 22.5483
1.814 827.9395 22.5493
1.824 827.9395 22.5495
1.834 827.9395 22.5486
1.844 827.9511 22.5483
1.854 827.9489 22.5498
1.864 827.9489 22.5506
1.874 827.9511 22.5514
1.884 827.9746 22.5514
1.894 827.9764 22.5507
1.904 827.9764 22.5523
1.914 827.9764 22.5517
1.924 827.9764 22.5514
1.934 827.9673 22.5506
1.944 827.9622 22.5508
1.954 827.9622 22.5529
1.964 827.9622 22.5533
1.974 827.9622 22.5516
1.984 827.9622 22.5517
1.994 827.9558 22.5516
2.004 827.9558 22.5503
2.014 827.9514 22.5515
2.024 827.9514 22.5525
2.034 827.9514 22.5519
2.044 827.9514 22.5515
2.054 827.9375 22.5512
2.064 827.9654 22.5520
2.074 827.9652 22.5525
2.084 827.9652 22.5540
2.094 827.9652 22.5548
2.104 827.9652 22.5521
2.114 827.9619 22.5528
2.124 827.9619 22.5532
2.134 827.9451 22.5548
2.144 827.9484 22.5549
2.154 827.9484 22.5525
2.164 827.9495 22.5537
2.174 827.9495 22.5542
2.184 827.9495 22.5532
2.194 827.9546 22.5533
2.204 827.9546 22.5533
2.214 827.9476 22.5532
2.224 827.9476 22.5538
2.234 827.9546 22.5537
2.244 827.9385 22.5562
2.254 827.9635 22.5562
2.264 827.9635 22.5559
2.274 827.9597 22.5583
2.284 827.9576 22.5557
2.294 827.9576 22.5548
2.304 827.9576 22.5563
2.314 827.9597 22.5563
2.324 827.9576 22.5566
2.334 827.9618 22.5534
2.344 827.9618 22.5541
2.354 827.9540 22.5574
2.364 827.9526 22.5583
2.374 827.9526 22.5573
2.384 827.9526 22.5553
2.394 827.9484 22.5550
2.404 827.9484 22.5557
2.414 827.9484 22.5580
2.424 827.9484 22.5574
2.434 827.9413 22.5550
2.444 827.9413 22.5561
2.454 827.9413 22.5573
2.464 827.9413 22.5555
2.474 827.9413 22.5566
2.484 827.9413 22.5579
2.494 827.9314 22.5575
2.504 827.9314 22.5578
2.514 827.9314 22.5580
2.524 827.9402 22.5573
2.534 827.9402 22.5557
2.544 827.9486 22.5567
2.554 827.9488 22.5569
2.564 827.9402 22.5548
2.574 827.9452 22.5544
2.584 827.9488 22.5536
2.594 827.9473 22.5557
2.604 827.9473 22.5576
2.614 827.9519 22.5558
2.624 827.9519 22.5576
2.634 827.9519 22.5588
2.644 827.9519 22.5559
2.654 827.9459 22.5546
2.664 827.9341 22.5542
2.674 827.9341 22.5538
2.684 827.9341 22.5563
2.694 827.9341 22.5567
2.704 827.9380 22.5545
2.714 827.9380 22.5546
2.724 827.9388 22.5557
2.734 827.9380 22.5555
2.744 827.9380 22.5561
2.754 827.9388 22.5558
2.764 827.9485 22.5563
2.774 827.9553 22.5580
2.784 827.9553 22.5579
2.794 827.9630 22.5570
2.804 827.9553 22.5558
2.814 827.9524 22.5558
2.824 827.9524 22.5575
2.834 827.9529 22.5591
2.844 827.9529 22.5586
2.854 827.9529 22.5584
2.864 827.9531 22.5586
2.874 827.9548 22.5582
2.884 827.9548 22.5580
2.894 827.9414 22.5567
2.904 827.9543 22.5569
2.914 827.9350 22.5562
2.924 827.9245 22.5548
2.934 827.9350 22.5552
2.944 827.9543 22.5555
2.954 827.9459 22.5559
2.964 827.9567 22.5569
2.974 827.9567 22.5569
2.984 827.9459 22.5567
2.994 827.9459 22.5582
3.004 827.9491 22.5574
3.014 827.9491 22.5575
3.024 827.9491 22.5563
3.034 827.9503 22.5554
3.044 827.9659 22.5575
3.054 827.9659 22.5571
3.064 827.9622 22.5559
3.074 827.9622 22.5576
3.084 827.9577 22.5578
3.094 827.9577 22.5555
3.104 827.9512 22.5576
3.114 827.9577 22.5576
3.124 827.9512 22.5557
3.134 827.9507 22.5558
3.144 827.9396 22.5550
3.154 827.9507 22.5557
3.164 827.9445 22.5582
3.174 827.9445 22.5569
3.184 827.9396 22.5562
3.194 827.9392 22.5571
3.204 827.9392 22.5566
3.214 827.9392 22.5575
3.224 827.9428 22.5579
3.234 827.9428 22.5588
3.244 827.9428 22.5576
3.254 827.9402 22.5579
3.264 827.9402 22.5593
3.274 827.9245 22.5586
3.284 827.9402 22.5595
3.294 827.9386 22.5588
3.304 827.9397 22.5575
3.314 827.9386 22.5569
3.324 827.9397 22.5574
3.334 827.9397 22.5588
3.344 827.9491 22.5584
3.354 827.9491 22.5575
3.364 827.9491 22.5566
3.374 827.9485 22.5570
3.384 827.9485 22.5590
3.394 827.9480 22.5593
3.404 827.9485 22.5570
3.414 827.9501 22.5563
3.424 827.9501 22.5588
3.434 827.9430 22.5608
3.444 827.9501 22.5605
3.454 827.9498 22.5592
3.464 827.9476 22.5576
3.474 827.9476 22.5570
3.484 827.9476 22.5576
3.494 827.9435 22.5575
3.504 827.9404 22.5569
3.514 827.9404 22.5566
3.524 827.9435 22.5567
3.534 827.9445 22.5575
3.544 827.9445 22.5576
3.554 827.9445 22.5562
3.564 827.9445 22.5549
3.574 827.9445 22.5554
3.584 827.9378 22.5563
3.594 827.9378 22.5567
3.604 827.9378 22.5565
3.614 827.9378 22.5561
3.624 827.9337 22.5571
3.634 827.9337 22.5583
3.644 827.9508 22.5588
3.654 827.9508 22.5587
3.664 827.9359 22.5586
3.674 827.9359 22.5587
3.684 827.9297 22.5582
3.694 827.9297 22.5587
3.704 827.9359 22.5575
3.714 827.9337 22.5580
3.724 827.9375 22.5609
3.734 827.9384 22.5597
3.744 827.9384 22.5576
3.754 827.9337 22.5579
3.764 827.9310 22.5593
3.774 827.9218 22.5601
3.784 827.9218 22.5584
3.794 827.9250 22.5575
3.804 827.9310 22.5580
3.814 827.9250 22.5582
3.824 827.9371 22.5575
3.834 827.9338 22.5566
3.844 827.9338 22.5570
3.854 827.9338 22.5580
3.864 827.9338 22.5580
3.874 827.9276 22.5569
3.884 827.9185 22.5586
3.894 827.9047 22.5595
3.904 827.9185 22.5586
3.914 827.9185 22.5607
3.924 827.9203 22.5617
3.934 827.9205 22.5603
3.944 827.9321 22.5604
3.954 827.9205 22.5607
3.964 827.9205 22.5590
3.974 827.9321 22.5588
3.984 827.9321 22.5604
3.994 827.9220 22.5608
4.004 827.9333 22.5604
4.014 827.9469 22.5593
4.024 827.9333 22.5596
4.034 827.9220 22.5600
4.044 827.9262 22.5592
4.054 827.9196 22.5590
4.064 827.9196 22.5596
4.074 827.9196 22.5591
4.084 827.9196 22.5579
4.094 827.9196 22.5575
4.104 827.9208 22.5578
4.114 827.9322 22.5599
4.124 827.9382 22.5603
4.134 827.9476 22.5603
4.144 827.9476 22.5601
4.154 827.9382 22.5583
4.164 827.9354 22.5586
4.174 827.9354 22.5612
4.184 827.9354 22.5605
4.194 827.9535 22.5596
4.204 827.9554 22.5596
4.214 827.9554 22.5601
4.224 827.9554 22.5620
4.234 827.9466 22.5607
4.244 827.9208 22.5605
4.254 827.9208 22.5603
4.264 827.9208 22.5607
4.274 827.9279 22.5613
4.284 827.9279 22.5601
4.294 827.9364 22.5587
4.304 827.9279 22.5591
4.314 827.9225 22.5613
4.324 827.9225 22.5596
4.334 827.9458 22.5591
4.344 827.9225 22.5603
4.354 827.9346 22.5603
4.364 827.9440 22.5616
4.374 827.9346 22.5601
4.384 827.9346 22.5586
4.394 827.9346 22.5582
4.404 827.9341 22.5582
4.414 827.9341 22.5603
4.424 827.9432 22.5625
4.434 827.9416 22.5633
4.444 827.9467 22.5625
4.454 827.9467 22.5626
4.464 827.9416 22.5608
4.474 827.9416 22.5599
4.484 827.9460 22.5618
4.494 827.9460 22.5617
4.504 827.9460 22.5621
4.514 827.9460 22.5613
4.524 827.9460 22.5601
4.534 827.9470 22.5608
4.544 827.9428 22.5617
4.554 827.9428 22.5622
4.564 827.9428 22.5614
4.574 827.9391 22.5608
4.584 827.9350 22.5605
4.594 827.9350 22.5638
4.604 827.9391 22.5637
4.614 827.9350 22.5603
4.624 827.9347 22.5618
4.634 827.9415 22.5624
4.644 827.9415 22.5635
4.654 827.9235 22.5634
4.664 827.9415 22.5605
4.674 827.9415 22.5611
4.684 827.9366 22.5618
4.694 827.9366 22.5613
4.704 827.9488 22.5620
4.714 827.9488 22.5624
4.724 827.9488 22.5617
4.734 827.9520 22.5611
4.744 827.9566 22.5628
4.754 827.9566 22.5628
4.764 827.9442 22.5608
4.774 827.9442 22.5604
4.784 827.9442 22.5600
4.794 827.9442 22.5620
4.804 827.9565 22.5628
4.814 827.9565 22.5617
4.824 827.9565 22.5618
4.834 827.9600 22.5637
4.844 827.9600 22.5639
4.854 827.9517 22.5637
4.864 827.9517 22.5635
4.874 827.9600 22.5634
4.884 827.9505 22.5651
4.894 827.9505 22.5639
4.904 827.9505 22.5635
4.914 827.9552 22.5647
4.924 827.9552 22.5622
4.934 827.9552 22.5618
4.944 827.9572 22.5646
4.954 827.9582 22.5641
4.964 827.9698 22.5639
4.974 827.9672 22.5650
4.984 827.9672 22.5647
4.994 827.9672 22.5626
5.004 827.9515 22.5638
5.014 827.9460 22.5650
5.024 827.9457 22.5647
5.034 827.9457 22.5637
5.044 827.9457 22.5620
5.054 827.9293 22.5632
5.064 827.9238 22.5625
5.074 827.9238 22.5637
5.084 827.9238 22.5664
5.094 827.9454 22.5685
5.104 827.9591 22.5679
5.114 827.9591 22.5660
5.124 827.9591 22.5649
5.134 827.9591 22.5635
5.144 827.9551 22.5663
5.154 827.9418 22.5681
5.164 827.9449 22.5662
5.174 827.9449 22.5659
5.184 827.9418 22.5659
5.194 827.9339 22.5659
5.204 827.9339 22.5638
5.214 827.9329 22.5633
5.224 827.9329 22.5637
5.234 827.9339 22.5626
5.244 827.9460 22.5641
5.254 827.9460 22.5634
5.264 827.9470 22.5638
5.274 827.9460 22.5638
5.284 827.9350 22.5639
5.294 827.9350 22.5667
5.304 827.9441 22.5667
5.314 827.9385 22.5649
5.324 827.9429 22.5655
5.334 827.9429 22.5672
5.344 827.9429 22.5667
5.354 827.9388 22.5673
5.364 827.9429 22.5662
5.374 827.9447 22.5658
5.384 827.9508 22.5667
5.394 827.9508 22.5652
5.404 827.9564 22.5675
5.414 827.9564 22.5679
5.424 827.9564 22.5662
5.434 827.9564 22.5649
5.444 827.9411 22.5630
5.454 827.9411 22.5637
5.464 827.9411 22.5650
5.474 827.9411 22.5650
5.484 827.9411 22.5652
5.494 827.9504 22.5654
5.504 827.9493 22.5642
5.514 827.9504 22.5664
5.524 827.9504 22.5697
5.534 827.9493 22.5689
5.544 827.9434 22.5666
5.554 827.9434 22.5643
5.564 827.9434 22.5645
5.574 827.9542 22.5677
5.584 827.9562 22.5689
5.594 827.9562 22.5680
5.604 827.9562 22.5687
5.614 827.9561 22.5664
5.624 827.9424 22.5656
5.634 827.9387 22.5660
5.644 827.9355 22.5652
5.654 827.9387 22.5664
5.664 827.9355 22.5658
5.674 827.9355 22.5658
5.684 827.9355 22.5667
5.694 827.9210 22.5667
5.704 827.9210 22.5667
5.714 827.9318 22.5671
5.724 827.9355 22.5675
5.734 827.9355 22.5655
5.744 827.9605 22.5658
5.754 827.9605 22.5690
5.764 827.9625 22.5689
5.774 827.9625 22.5681
5.784 827.9569 22.5673
5.794 827.9498 22.5673
5.804 827.9465 22.5672
5.814 827.9465 22.5658
5.824 827.9465 22.5666
5.834 827.9594 22.5663
5.844 827.9594 22.5672
5.854 827.9594 22.5676
5.864 827.9470 22.5662
5.874 827.9393 22.5663
5.884 827.9393 22.5660
5.894 827.9393 22.5667
5.904 827.9423 22.5659
5.914 827.9393 22.5650
5.924 827.9423 22.5655
5.934 827.9407 22.5658
5.944 827.9413 22.5693
5.954 827.9413 22.5700
5.964 827.9413 22.5685
5.974 827.9408 22.5685
5.984 827.9408 22.5684
5.994 827.9399 22.5683
6.004 827.9337 22.5663
6.014 827.9399 22.5679
6.024 827.9399 22.5697
6.034 827.9438 22.5697
6.044 827.9438 22.5687
6.054 827.9488 22.5676
6.064 827.9488 22.5684
6.074 827.9210 22.5677
6.084 827.9210 22.5658
6.094 827.9410 22.5676
6.104 827.9410 22.5687
6.114 827.9471 22.5684
6.124 827.9471 22.5705
6.134 827.9472 22.5696
6.144 827.9527 22.5671
6.154 827.9472 22.5683
6.164 827.9299 22.5680
6.174 827.9514 22.5666
6.184 827.9352 22.5676
6.194 827.9352 22.5698
6.204 827.9352 22.5717
6.214 827.9352 22.5687
6.224 827.9352 22.5694
6.234 827.9278 22.5708
6.244 827.9278 22.5704
6.254 827.9564 22.5701
6.264 827.9564 22.5704
6.274 827.9457 22.5731
6.284 827.9457 22.5717
6.294 827.9457 22.5680
6.304 827.9330 22.5689
6.314 827.9457 22.5688
6.324 827.9330 22.5666
6.334 827.9528 22.5696
6.344 827.9528 22.5698
6.354 827.9538 22.5688
6.364 827.9528 22.5710
6.374 827.9528 22.5710
6.384 827.9538 22.5708
6.394 827.9642 22.5715
6.404 827.9642 22.5708
6.414 827.9642 22.5709
6.424 827.9642 22.5718
6.434 827.9595 22.5706
6.444 827.9490 22.5710
6.454 827.9384 22.5729
6.464 827.9490 22.5722
6.474 827.9576 22.5717
6.484 827.9568 22.5719
6.494 827.9576 22.5708
6.504 827.9631 22.5698
6.514 827.9631 22.5701
6.524 827.9631 22.5676
6.534 827.9631 22.5667
6.544 827.9631 22.5694
6.554 827.9669 22.5702
6.564 827.9669 22.5715
6.574 827.9683 22.5718
6.584 827.9683 22.5713
6.594 827.9508 22.5709
6.604 827.9508 22.5694
6.614 827.9736 22.5709
6.624 827.9517 22.5734
6.634 827.9683 22.5725
6.644 827.9683 22.5709
6.654 827.9664 22.5718
6.664 827.9590 22.5718
6.674 827.9590 22.5718
6.684 827.9539 22.5726
6.694 827.9531 22.5732
6.704 827.9539 22.5736
6.714 827.9531 22.5723
6.724 827.9438 22.5721
6.734 827.9438 22.5740
6.744 827.9247 22.5736
6.754 827.9247 22.5725
6.764 827.9505 22.5726
6.774 827.9541 22.5738
6.784 827.9505 22.5740
6.794 827.9505 22.5729
6.804 827.9464 22.5735
6.814 827.9464 22.5726
6.824 827.9464 22.5718
6.834 827.9725 22.5747
6.844 827.9810 22.5752
6.854 827.9967 22.5735
6.864 827.9967 22.5740
6.874 827.9810 22.5740
6.884 827.8842 22.5743
6.894 827.8592 22.5729
6.904 827.8443 22.5718
6.914 827.7022 22.5736
6.924 827.6569 22.5744
6.934 827.6528 22.5738
6.944 827.5596 22.5743
6.954 827.5256 22.5755
6.964 827.4257 22.5748
6.974 827.3169 22.5734
6.984 827.1752 22.5736
6.994 827.0537 22.5748
7.004 826.9359 22.5743
7.014 826.7244 22.5743
7.024 826.3514 22.5747
7.034 826.0899 22.5752
7.044 825.6422 22.5765
7.054 825.5661 22.5770
7.064 825.5120 22.5742
7.074 825.4523 22.5731
7.084 825.4523 22.5746
7.094 825.4523 22.5747
7.104 825.4797 22.5747
7.114 825.6285 22.5735
7.124 825.6333 22.5757
7.134 825.6340 22.5778
7.144 825.6333 22.5753
7.154 825.6285 22.5744
7.164 825.6136 22.5752
7.174 825.6136 22.5751
7.184 825.6136 22.5753
7.194 825.6136 22.5755
7.204 825.6692 22.5751
7.214 825.6866 22.5739
7.224 825.7636 22.5761
7.234 825.7814 22.5776
7.244 825.7814 22.5777
7.254 825.7814 22.5790
7.264 825.7790 22.5770
7.274 825.7790 22.5748
7.284 825.7790 22.5744
7.294 825.7884 22.5767
7.304 825.7924 22.5794
7.314 825.8306 22.5768
7.324 825.8306 22.5751
7.334 825.8542 22.5785
7.344 825.8794 22.5801
7.354 825.8794 22.5807
7.364 825.8794 22.5790
7.374 825.8842 22.5790
7.384 825.8548 22.5784
7.394 825.8548 22.5763
7.404 825.8842 22.5770
7.414 825.9222 22.5793
7.424 825.9412 22.5805
7.434 825.9412 22.5791
7.444 825.9412 22.5782
7.454 825.9468 22.5763
7.464 825.9412 22.5785
7.474 825.9371 22.5811
7.484 825.9815 22.5795
7.494 825.9020 22.5778
7.504 825.9020 22.5774
7.514 825.9404 22.5795
7.524 825.9404 22.5805
7.534 825.9377 22.5802
7.544 825.9377 22.5818
7.554 825.9236 22.5816
7.564 825.8834 22.5794
7.574 825.8804 22.5785
7.584 825.8834 22.5815
7.594 825.8834 22.5823
7.604 825.8804 22.5810
7.614 825.8804 22.5811
7.624 825.8709 22.5816
7.634 825.8709 22.5829
7.644 825.8709 22.5822
7.654 825.9328 22.5820
7.664 825.9328 22.5828
7.674 825.9328 22.5803
7.684 825.9344 22.5803
7.694 825.9328 22.5820
7.704 825.9307 22.5831
7.714 825.9307 22.5819
7.724 825.9349 22.5823
7.734 825.9307 22.5860
7.744 825.9349 22.5848
7.754 825.9392 22.5843
7.764 825.9741 22.5835
7.774 825.9741 22.5841
7.784 825.9755 22.5869
7.794 825.9755 22.5854
7.804 825.9527 22.5819
7.814 825.9408 22.5828
7.824 825.9527 22.5839
7.834 825.9527 22.5841
7.844 825.9408 22.5857
7.854 825.9824 22.5836
7.864 825.9853 22.5839
7.874 825.9853 22.5858
7.884 825.9871 22.5853
7.894 826.0028 22.5848
7.904 825.9922 22.5850
7.914 826.0004 22.5845
7.924 826.0005 22.5843
7.934 826.0004 22.5829
7.944 825.9922 22.5839
7.954 825.9873 22.5860
7.964 825.9743 22.5845
7.974 825.9731 22.5853
7.984 825.9731 22.5862
7.994 825.9726 22.5865
8.004 825.9528 22.5871
8.014 825.9376 22.5852
8.024 825.9308 22.5837
8.034 825.9250 22.5844
8.044 825.9226 22.5837
8.054 825.9226 22.5841
8.064 825.9226 22.5845
8.074 825.9238 22.5829
8.084 825.9613 22.5843
8.094 825.9712 22.5873
8.104 825.9712 22.5878
8.114 825.9660 22.5874
8.124 825.9660 22.5874
8.134 825.9660 22.5857
8.144 825.9660 22.5844
8.154 825.9665 22.5848
8.164 825.9665 22.5877
8.174 825.9495 22.5907
8.184 825.9495 22.5896
8.194 825.9495 22.5874
8.204 825.9495 22.5856
8.214 825.9651 22.5870
8.224 825.9651 22.5884
8.234 825.9651 22.5886
8.244 825.9600 22.5890
8.254 825.9585 22.5881
8.264 825.9510 22.5882
8.274 825.9585 22.5890
8.284 825.9585 22.5884
8.294 825.9733 22.5854
8.304 825.9733 22.5866
8.314 825.9733 22.5900
8.324 825.9733 22.5916
8.334 825.9730 22.5921
8.344 825.9649 22.5908
8.354 825.9504 22.5892
8.364 825.9504 22.5884
8.374 825.9504 22.5904
8.384 825.9504 22.5908
8.394 825.9504 22.5898
8.404 825.9633 22.5896
8.414 825.9433 22.5903
8.424 825.9415 22.5896
8.434 825.9433 22.5896
8.444 825.9433 22.5902
8.454 825.9433 22.5896
8.464 825.9536 22.5908
8.474 825.9536 22.5912
8.484 825.9408 22.5911
8.494 825.9408 22.5895
8.504 825.9408 22.5884
8.514 825.9408 22.5891
8.524 825.9415 22.5896
8.534 825.9415 22.5915
8.544 825.9453 22.5928
8.554 825.9481 22.5924
8.564 825.9484 22.5913
8.574 825.9558 22.5912
8.584 825.9574 22.5921
8.594 825.9574 22.5920
8.604 825.9656 22.5907
8.614 825.9656 22.5904
8.624 825.9656 22.5926
8.634 825.9668 22.5934
8.644 825.9660 22.5904
8.654 825.9660 22.5896
8.664 825.9660 22.5926
8.674 825.9660 22.5932
8.684 825.9655 22.5912
8.694 825.9655 22.5924
8.704 825.9648 22.5925
8.714 825.9518 22.5925
8.724 825.9518 22.5937
8.734 825.9518 22.5943
8.744 825.9259 22.5954
8.754 825.9249 22.5946
8.764 825.9249 22.5947
8.774 825.9249 22.5947
8.784 825.9249 22.5940
8.794 825.9249 22.5946
8.804 825.9132 22.5953
8.814 825.9132 22.5954
8.824 825.9132 22.5938
8.834 825.9120 22.5946
8.844 825.9120 22.5954
8.854 825.9113 22.5941
8.864 825.9262 22.5938
8.874 825.9113 22.5943
8.884 825.9113 22.5946
8.894 825.9113 22.5933
8.904 825.8865 22.5938
8.914 825.8781 22.5958
8.924 825.8777 22.5953
8.934 825.8774 22.5966
8.944 825.8749 22.5979
8.954 825.8774 22.5947
8.964 825.8774 22.5943
8.974 825.8778 22.5958
8.984 825.8849 22.5964
8.994 825.8849 22.5966
9.004 825.8849 22.5962
9.014 825.8849 22.5945
9.024 825.8884 22.5950
9.034 825.8754 22.5947
9.044 825.8884 22.5938
9.054 825.9166 22.5955
9.064 825.9175 22.5964
9.074 825.9378 22.5978
9.084 825.9430 22.5966
9.094 825.9457 22.5955
9.104 825.9539 22.5949
9.114 825.9583 22.5968
9.124 825.9583 22.5976
9.134 825.9457 22.5961
9.144 825.9294 22.5978
9.154 825.9101 22.5982
9.164 825.9067 22.5988
9.174 825.8973 22.5974
9.184 825.8973 22.5972
9.194 825.8973 22.5992
9.204 825.8973 22.5980
9.214 825.8973 22.5975
9.224 825.8973 22.5959
9.234 825.8973 22.5972
9.244 825.9073 22.5982
9.254 825.9059 22.5961
9.264 825.9114 22.5979
9.274 825.9114 22.5979
9.284 825.9112 22.5974
9.294 825.9112 22.5987
9.304 825.9267 22.5980
9.314 825.9362 22.5964
9.324 825.9392 22.5958
9.334 825.9521 22.5972
9.344 825.9524 22.5970
9.354 825.9605 22.5983
9.364 825.9605 22.5999
9.374 825.9524 22.5980
9.384 825.9418 22.5980
9.394 825.9418 22.5993
9.404 825.9418 22.5989
9.414 825.9451 22.5983
9.424 825.9468 22.6000
9.434 825.9578 22.6000
9.444 825.9578 22.5991
9.454 825.9708 22.5975
9.464 825.9708 22.5983
9.474 825.9708 22.5979
9.484 826.0208 22.5982
9.494 826.0283 22.5997
9.504 826.0614 22.5972
9.514 826.0614 22.5971
9.524 826.0614 22.5983
9.534 826.0698 22.5997
9.544 826.0698 22.6006
9.554 826.0698 22.6004
9.564 826.0734 22.5995
9.574 826.0734 22.5999
9.584 826.0734 22.6006
9.594 826.0850 22.5985
9.604 826.0850 22.5988
9.614 826.0982 22.6000
9.624 826.0982 22.5988
9.634 826.0982 22.6004
9.644 826.1066 22.6010
9.654 826.1055 22.6022
9.664 826.1055 22.6021
9.674 826.1212 22.5983
9.684 826.1212 22.5982
9.694 826.1212 22.6005
9.704 826.1344 22.6017
9.714 826.1491 22.6008
9.724 826.1635 22.5991
9.734 826.1907 22.5989
9.744 826.1635 22.6016
9.754 826.1907 22.6006
9.764 826.2127 22.6004
9.774 826.2144 22.6025
9.784 826.2220 22.6034
9.794 826.2239 22.6023
9.804 826.2363 22.6009
9.814 826.2676 22.6006
9.824 826.2679 22.6008
9.834 826.2811 22.6016
9.844 826.3021 22.6002
9.854 826.3021 22.6002
9.864 826.3321 22.6020
9.874 826.3338 22.6042
9.884 826.3338 22.6037
9.894 826.3338 22.6010
9.904 826.3482 22.6025
9.914 826.3482 22.6034
9.924 826.3578 22.6035
9.934 826.3570 22.6038
9.944 826.3578 22.6020
9.954 826.3649 22.6008
9.964 826.3881 22.5999
9.974 826.3938 22.6017
9.984 826.3938 22.6021
9.994 826.3938 22.6018
10.004 826.4017 22.6034
10.014 826.4406 22.6031
10.024 826.4420 22.6033
10.034 826.4477 22.6013
10.044 826.4590 22.5997
10.054 826.4605 22.6025
10.064 826.4818 22.6050
10.074 826.4948 22.6055
10.084 826.4948 22.6061
10.094 826.4948 22.6056
10.104 826.4996 22.6059
10.114 826.5249 22.6068
10.124 826.5249 22.6055
10.134 826.5283 22.6043
10.144 826.5474 22.6046
10.154 826.5583 22.6058
10.164 826.5594 22.6046
10.174 826.6082 22.6034
10.184 826.6075 22.6054
10.194 826.6075 22.6054
10.204 826.6113 22.6046
10.214 826.6075 22.6044
10.224 826.6075 22.6038
10.234 826.6054 22.6051
10.244 826.6113 22.6058
10.254 826.6260 22.6047
10.264 826.6260 22.6047
10.274 826.6260 22.6047
10.284 826.6428 22.6059
10.294 826.6428 22.6075
10.304 826.6576 22.6076
10.314 826.6880 22.6088
10.324 826.6956 22.6090
10.334 826.7030 22.6058
10.344 826.7030 22.6048
10.354 826.7171 22.6081
10.364 826.7338 22.6082
10.374 826.7887 22.6058
10.384 826.7943 22.6067
10.394 826.8014 22.6076
10.404 826.8100 22.6072
10.414 826.8100 22.6075
10.424 826.8100 22.6079
10.434 826.8105 22.6081
10.444 826.8264 22.6075
10.454 826.8146 22.6072
10.464 826.8264 22.6086
10.474 826.8294 22.6085
10.484 826.8535 22.6071
10.494 826.8639 22.6068
10.504 826.8796 22.6056
10.514 826.9107 22.6065
10.524 826.9107 22.6086
10.534 826.9109 22.6099
10.544 826.9243 22.6102
10.554 826.9373 22.6101
10.564 826.9373 22.6088
10.574 827.0305 22.6080
10.584 827.0305 22.6076
10.594 827.0365 22.6081
10.604 827.0365 22.6089
10.614 827.0365 22.6082
10.624 827.0365 22.6096
10.634 827.0378 22.6092
10.644 827.0414 22.6080
10.654 827.0567 22.6081
10.664 827.0725 22.6080
10.674 827.0725 22.6089
10.684 827.0608 22.6096
10.694 827.0608 22.6103
10.704 827.0608 22.6111
10.714 827.0608 22.6099
10.724 827.0896 22.6101
10.734 827.1264 22.6102
10.744 827.1380 22.6110
10.754 827.1519 22.6097
10.764 827.1536 22.6076
10.774 827.1574 22.6085
10.784 827.1900 22.6110
10.794 827.1959 22.6110
10.804 827.2101 22.6077
10.814 827.2149 22.6072
10.824 827.2161 22.6086
10.834 827.2616 22.6086
10.844 827.2708 22.6098
10.854 827.2708 22.6103
10.864 827.2751 22.6093
10.874 827.2882 22.6096
10.884 827.2940 22.6109
10.894 827.2882 22.6113
10.904 827.3044 22.6090
10.914 827.3179 22.6098
10.924 827.3179 22.6132
10.934 827.3179 22.6128
10.944 827.3516 22.6026
10.954 827.7180 22.5938
10.964 827.9655 22.5941
10.974 827.9434 22.5964
10.984 827.9434 22.5984
10.994 827.9434 22.5989
11.004 827.8886 22.5978
11.014 827.8810 22.5963
11.024 827.8563 22.5979
11.034 827.8728 22.5983
11.044 827.8563 22.5968
11.054 827.8563 22.5975
11.064 827.8728 22.5976
11.074 827.8754 22.5979
11.084 827.8816 22.5987
11.094 827.8878 22.5996
11.104 827.8878 22.5991
11.114 827.8873 22.5959
11.124 827.8878 22.5966
11.134 827.8915 22.6009
11.144 827.9019 22.5985
11.154 827.8915 22.5972
11.164 827.8915 22.6004
11.174 827.8893 22.6001
11.184 827.8839 22.6004
11.194 827.8659 22.6016
11.204 827.8659 22.6010
11.214 827.8774 22.6002
11.224 827.8775 22.5997
11.234 827.8774 22.6005
11.244 827.8774 22.6006
11.254 827.8774 22.5991
11.264 827.8916 22.6000
11.274 827.8916 22.6021
11.284 827.8916 22.6009
11.294 827.8964 22.5999
11.304 827.8964 22.6008
11.314 827.8836 22.6005
11.324 827.8836 22.6000
11.334 827.8959 22.5996
11.344 827.8959 22.6002
11.354 827.8965 22.6006
11.364 827.9060 22.5995
11.374 827.8995 22.5992
11.384 827.9130 22.6001
11.394 827.8995 22.6006
11.404 827.9114 22.5993
11.414 827.9114 22.6002
11.424 827.9114 22.6020
11.434 827.9114 22.5993
11.444 827.9367 22.5975
11.454 827.9367 22.6009
11.464 827.9367 22.6037
11.474 827.9209 22.5993
11.484 827.9168 22.5961
11.494 827.9167 22.5985
11.504 827.9167 22.6001
11.514 827.9167 22.6004
11.524 827.9209 22.6009
11.534 827.9232 22.6004
11.544 827.9259 22.6006
11.554 827.9259 22.6010
11.564 827.9559 22.6014
11.574 827.9559 22.6042
11.584 827.9730 22.6042
11.594 827.9730 22.6025
11.604 827.9730 22.6009
11.614 827.9577 22.6014
11.624 827.9730 22.6037
11.634 827.9734 22.6038
11.644 827.9734 22.6034
11.654 827.9598 22.6037
11.664 827.9598 22.6033
11.674 827.9598 22.6033
11.684 827.9598 22.6038
11.694 827.9569 22.6035
11.704 827.9603 22.6034
11.714 827.9790 22.6037
11.724 827.9801 22.6029
11.734 827.9790 22.6040
11.744 827.9823 22.6052
11.754 827.9823 22.6030
11.764 827.9823 22.6044
11.774 827.9766 22.6051
11.784 827.9766 22.6050
11.794 827.9751 22.6043
11.804 827.9751 22.6050
11.814 827.9706 22.6054
11.824 827.9696 22.6037
11.834 827.9696 22.6027
11.844 827.9661 22.6017
11.854 827.9696 22.6037
11.864 827.9656 22.6058
11.874 827.9708 22.6059
11.884 827.9708 22.6056
11.894 827.9708 22.6058
11.904 827.9499 22.6042
11.914 827.9627 22.6026
11.924 827.9627 22.6055
11.934 827.9627 22.6064
11.944 827.9682 22.6039
11.954 827.9684 22.6038
11.964 827.9684 22.6048
11.974 827.9886 22.6055
11.984 827.9886 22.6069
11.994 827.9845 22.6069
12.004 827.9550 22.6046
12.014 827.9845 22.6029
12.024 827.9744 22.6044
12.034 827.9744 22.6065
12.044 827.9550 22.6059
12.054 827.9744 22.6050
12.064 827.9744 22.6044
12.074 827.9798 22.6035
12.084 827.9799 22.6042
12.094 827.9832 22.6076
12.104 827.9799 22.6075
12.114 827.9798 22.6063
12.124 827.9832 22.6056
12.134 827.9898 22.6067
12.144 827.9793 22.6089
12.154 827.9895 22.6073
12.164 827.9895 22.6075
12.174 827.9835 22.6079
12.184 827.9835 22.6061
12.194 827.9895 22.6059
12.204 827.9835 22.6065
12.214 827.9858 22.6065
12.224 828.0031 22.6065
12.234 827.9858 22.6052
12.244 827.9858 22.6058
12.254 827.9869 22.6050
12.264 827.9869 22.6058
12.274 827.9769 22.6065
12.284 827.9869 22.6054
12.294 827.9862 22.6069
12.304 827.9862 22.6056
12.314 827.9958 22.6046
12.324 827.9958 22.6065
12.334 827.9958 22.6073
12.344 827.9958 22.6090
12.354 827.9847 22.6082
12.364 827.9571 22.6065
12.374 827.9508 22.6068
12.384 827.9508 22.6072
12.394 827.9571 22.6075
12.404 827.9731 22.6079
12.414 827.9785 22.6096
12.424 828.0059 22.6079
12.434 828.0059 22.6075
12.444 828.0059 22.6088
12.454 827.9961 22.6084
12.464 827.9952 22.6090
12.474 827.9847 22.6107
12.484 827.9791 22.6097
12.494 827.9791 22.6085
12.504 827.9599 22.6088
12.514 827.9599 22.6073
12.524 827.9893 22.6056
12.534 827.9893 22.6065
12.544 827.9766 22.6086
12.554 827.9766 22.6092
12.564 827.9758 22.6086
12.574 827.9758 22.6068
12.584 827.9766 22.6063
12.594 827.9727 22.6094
12.604 827.9697 22.6092
12.614 827.9697 22.6068
12.624 827.9697 22.6080
12.634 827.9675 22.6096
12.644 827.9675 22.6099
12.654 827.9675 22.6090
12.664 827.9603 22.6080
12.674 827.9591 22.6092
12.684 827.9603 22.6096
12.694 827.9868 22.6084
12.704 827.9936 22.6092
12.714 827.9936 22.6115
12.724 827.9936 22.6117
12.734 827.9853 22.6096
12.744 827.9845 22.6098
12.754 827.9785 22.6102
12.764 827.9805 22.6090
12.774 827.9805 22.6092
12.784 827.9805 22.6114
12.794 827.9808 22.6107
12.804 827.9907 22.6093
12.814 827.9907 22.6089
12.824 827.9808 22.6079
12.834 827.9808 22.6085
12.844 827.9841 22.6098
12.854 827.9841 22.6105
12.864 827.9841 22.6099
12.874 827.9841 22.6092
12.884 827.9839 22.6085
12.894 827.9836 22.6069
12.904 827.9836 22.6065
12.914 827.9831 22.6103
12.924 827.9831 22.6105
12.934 827.9908 22.6099
12.944 827.9911 22.6102
12.954 827.9908 22.6103
12.964 827.9908 22.6094
12.974 827.9843 22.6096
12.984 827.9843 22.6106
12.994 827.9843 22.6114
13.004 827.9843 22.6123
13.014 827.9785 22.6115
13.024 828.0108 22.6122
13.034 827.9839 22.6126
13.044 827.9839 22.6119
13.054 827.9973 22.6113
13.064 827.9973 22.6130
13.074 827.9973 22.6124
13.084 827.9973 22.6128
13.094 827.9817 22.6114
13.104 827.9817 22.6098
13.114 827.9800 22.6094
13.124 827.9800 22.6096
13.134 827.9872 22.6107
13.144 827.9899 22.6102
13.154 827.9899 22.6115
13.164 828.0010 22.6124
13.174 828.0010 22.6110
13.184 828.0010 22.6093
13.194 828.0051 22.6107
13.204 828.0051 22.6126
13.214 828.0047 22.6118
13.224 828.0047 22.6119
13.234 828.0047 22.6134
13.244 828.0047 22.6135
13.254 828.0025 22.6140
13.264 827.9886 22.6144
13.274 828.0025 22.6140
13.284 828.0051 22.6126
13.294 828.0051 22.6098
13.304 828.0177 22.6118
13.314 828.0177 22.6145
13.324 828.0155 22.6126
13.334 828.0155 22.6115
13.344 828.0155 22.6120
13.354 828.0137 22.6124
13.364 828.0102 22.6134
13.374 828.0102 22.6134
13.384 828.0078 22.6131
13.394 828.0077 22.6124
13.404 827.9900 22.6117
13.414 827.9900 22.6122
13.424 827.9862 22.6117
13.434 827.9904 22.6135
13.444 827.9862 22.6149
13.454 827.9862 22.6141
13.464 827.9862 22.6126
13.474 827.9812 22.6110
13.484 827.9812 22.6135
13.494 827.9922 22.6130
13.504 827.9926 22.6122
13.514 827.9981 22.6119
13.524 827.9981 22.6128
13.534 827.9981 22.6145
13.544 827.9981 22.6132
13.554 827.9972 22.6153
13.564 827.9957 22.6151
13.574 827.9737 22.6143
13.584 827.9737 22.6132
13.594 827.9954 22.6098
13.604 827.9954 22.6128
13.614 827.9954 22.6158
13.624 827.9954 22.6141
13.634 827.9954 22.6128
13.644 827.9943 22.6130
13.654 827.9883 22.6111
13.664 827.9943 22.6110
13.674 828.0073 22.6134
13.684 827.9948 22.6144
13.694 827.9948 22.6151
13.704 827.9948 22.6156
13.714 827.9888 22.6153
13.724 827.9775 22.6143
13.734 827.9775 22.6141
13.744 827.9775 22.6139
13.754 827.9964 22.6147
13.764 827.9964 22.6162
13.774 827.9964 22.6155
13.784 827.9964 22.6162
13.794 827.9957 22.6168
13.804 827.9900 22.6160
13.814 827.9957 22.6160
13.824 827.9957 22.6145
13.834 827.9957 22.6148
13.844 827.9905 22.6161
13.854 827.9905 22.6165
13.864 827.9905 22.6158
13.874 827.9911 22.6156
13.884 827.9894 22.6176
13.894 827.9894 22.6173
13.904 827.9723 22.6144
13.914 827.9659 22.6136
13.924 827.9659 22.6157
13.934 827.9659 22.6172
13.944 827.9797 22.6161
13.954 827.9915 22.6183
13.964 827.9915 22.6196
13.974 827.9915 22.6161
13.984 827.9797 22.6162
13.994 827.9727 22.6166
14.004 827.9727 22.6155
14.014 827.9987 22.6164
14.024 827.9781 22.6168
14.034 827.9854 22.6174
14.044 827.9854 22.6172
14.054 827.9854 22.6172
14.064 827.9854 22.6158
14.074 827.9885 22.6169
14.084 827.9952 22.6183
14.094 827.9952 22.6182
14.104 828.0000 22.6185
14.114 828.0064 22.6165
14.124 828.0000 22.6155
14.134 827.9800 22.6153
14.144 827.9800 22.6155
14.154 827.9790 22.6153
14.164 827.9790 22.6158
14.174 827.9779 22.6160
14.184 827.9790 22.6166
14.194 827.9790 22.6166
14.204 827.9837 22.6157
14.214 827.9837 22.6158
14.224 827.9837 22.6164
14.234 827.9837 22.6156
14.244 827.9837 22.6160
14.254 827.9875 22.6177
14.264 827.9901 22.6195
14.274 827.9901 22.6202
14.284 828.0004 22.6182
14.294 828.0004 22.6183
14.304 827.9860 22.6193
14.314 827.9825 22.6177
14.324 827.9825 22.6174
14.334 827.9825 22.6193
14.344 827.9862 22.6193
14.354 827.9862 22.6185
14.364 827.9866 22.6165
14.374 827.9884 22.6158
14.384 827.9884 22.6186
14.394 827.9884 22.6186
14.404 827.9884 22.6187
14.414 827.9884 22.6208
14.424 827.9913 22.6190
14.434 827.9876 22.6174
14.444 827.9876 22.6187
14.454 827.9876 22.6208
14.464 827.9876 22.6199
14.474 827.9805 22.6179
14.484 827.9779 22.6174
14.494 827.9723 22.6179
14.504 827.9723 22.6214
14.514 827.9723 22.6214
14.524 827.9723 22.6185
14.534 827.9723 22.6178
14.544 827.9693 22.6199
14.554 827.9693 22.6199
14.564 827.9664 22.6199
14.574 827.9664 22.6194
14.584 827.9725 22.6194
14.594 827.9785 22.6208
14.604 827.9785 22.6206
14.614 827.9797 22.6202
14.624 827.9797 22.6200
14.634 827.9954 22.6196
14.644 827.9969 22.6199
14.654 827.9797 22.6220
14.664 827.9833 22.6211
14.674 827.9833 22.6185
14.684 827.9803 22.6196
14.694 827.9761 22.6206
14.704 827.9761 22.6182
14.714 827.9761 22.6174
14.724 827.9803 22.6190
14.734 827.9855 22.6199
14.744 827.9857 22.6195
14.754 827.9857 22.6207
14.764 827.9855 22.6210
14.774 827.9855 22.6182
14.784 827.9862 22.6196
14.794 827.9862 22.6224
14.804 827.9862 22.6219
14.814 827.9903 22.6232
14.824 827.9862 22.6231
14.834 827.9814 22.6212
14.844 827.9814 22.6208
14.854 827.9837 22.6220
14.864 827.9837 22.6224
14.874 827.9844 22.6224
14.884 827.9844 22.6223
14.894 827.9844 22.6219
14.904 827.9889 22.6210
14.914 827.9844 22.6206
14.924 827.9780 22.6220
14.934 827.9889 22.6249
14.944 827.9911 22.6249
14.954 827.9780 22.6233
14.964 827.9911 22.6232
14.974 827.9911 22.6231
14.984 827.9723 22.6224
14.994 827.9723 22.6198
15.004 827.9943 22.6196
15.014 827.9943 22.6196
15.024 827.9943 22.6202
15.034 827.9943 22.6206
15.044 827.9980 22.6202
15.054 827.9922 22.6238
15.064 827.9922 22.6244
15.074 827.9922 22.6224
15.084 827.9636 22.6217
15.094 827.9636 22.6221
15.104 827.9658 22.6208
15.114 827.9658 22.6191
15.124 827.9658 22.6207
15.134 827.9782 22.6208
15.144 827.9782 22.6211
15.154 827.9821 22.6223
15.164 827.9786 22.6221
15.174 827.9821 22.6225
15.184 827.9786 22.6235
15.194 827.9786 22.6233
15.204 827.9786 22.6240
15.214 827.9923 22.6236
15.224 827.9734 22.6233
15.234 827.9923 22.6231
15.244 827.9923 22.6237
15.254 827.9793 22.6266
15.264 827.9793 22.6265
15.274 827.9960 22.6273
15.284 827.9793 22.6257
15.294 827.9793 22.6229
15.304 827.9848 22.6244
15.314 827.9586 22.6267
15.324 827.9581 22.6255
15.334 827.9581 22.6232
15.344 827.9722 22.6249
15.354 827.9722 22.6270
15.364 827.9860 22.6265
15.374 827.9871 22.6269
15.384 827.9871 22.6263
15.394 827.9871 22.6249
15.404 827.9800 22.6254
15.414 827.9800 22.6233
15.424 827.9791 22.6224
15.434 827.9800 22.6237
15.444 827.9800 22.6254
15.454 827.9864 22.6254
15.464 827.9757 22.6255
15.474 827.9815 22.6248
15.484 827.9757 22.6227
15.494 827.9678 22.6240
15.504 827.9671 22.6255
15.514 827.9671 22.6258
15.524 827.9671 22.6257
15.534 827.9671 22.6254
15.544 827.9655 22.6245
15.554 827.9827 22.6244
15.564 827.9698 22.6250
15.574 827.9655 22.6248
15.584 827.9698 22.6245
15.594 827.9895 22.6254
15.604 827.9801 22.6270
15.614 827.9895 22.6278
15.624 827.9895 22.6276
15.634 827.9801 22.6266
15.644 827.9801 22.6257
15.654 827.9894 22.6258
15.664 827.9894 22.6269
15.674 827.9894 22.6283
15.684 827.9894 22.6290
15.694 827.9906 22.6287
15.704 827.9894 22.6290
15.714 827.9847 22.6282
15.724 827.9847 22.6269
15.734 827.9894 22.6271
15.744 827.9894 22.6279
15.754 827.9895 22.6278
15.764 827.9895 22.6273
15.774 827.9895 22.6280
15.784 827.9992 22.6273
15.794 827.9851 22.6270
15.804 827.9641 22.6291
15.814 827.9848 22.6283
15.824 827.9851 22.6275
15.834 827.9851 22.6273
15.844 827.9848 22.6287
15.854 827.9848 22.6311
15.864 827.9855 22.6290
15.874 827.9855 22.6287
15.884 827.9805 22.6292
15.894 827.9909 22.6267
15.904 827.9909 22.6255
15.914 827.9634 22.6278
15.924 827.9634 22.6282
15.934 827.9793 22.6275
15.944 827.9793 22.6299
15.954 827.9860 22.6303
15.964 827.9906 22.6283
15.974 827.9906 22.6270
15.984 827.9860 22.6273
15.994 827.9770 22.6296
16.004 827.9744 22.6278
16.014 827.9713 22.6258
16.024 827.9704 22.6266
16.034 827.9713 22.6261
16.044 827.9713 22.6274
16.054 827.9713 22.6284
16.064 827.9704 22.6276
16.074 827.9568 22.6287
16.084 827.9568 22.6275
16.094 827.9568 22.6255
16.104 827.9538 22.6267
16.114 827.9837 22.6267
16.124 827.9850 22.6265
16.134 827.9837 22.6274
16.144 827.9716 22.6284
16.154 827.9780 22.6304
16.164 827.9716 22.6305
16.174 827.9716 22.6318
16.184 827.9780 22.6337
16.194 827.9780 22.6304
16.204 827.9909 22.6284
16.214 827.9909 22.6288
16.224 827.9909 22.6284
16.234 827.9689 22.6286
16.244 827.9880 22.6299
16.254 827.9780 22.6301
16.264 827.9880 22.6322
16.274 827.9780 22.6318
16.284 827.9880 22.6292
16.294 827.9780 22.6301
16.304 827.9762 22.6312
16.314 827.9762 22.6301
16.324 827.9862 22.6300
16.334 827.9762 22.6326
16.344 827.9862 22.6305
16.354 827.9862 22.6282
16.364 827.9724 22.6301
16.374 827.9724 22.6304
16.384 827.9724 22.6309
16.394 827.9724 22.6328
16.404 827.9828 22.6338
16.414 827.9828 22.6324
16.424 827.9825 22.6288
16.434 827.9825 22.6279
16.444 827.9673 22.6293
16.454 827.9673 22.6303
16.464 827.9673 22.6307
16.474 827.9847 22.6316
16.484 827.9896 22.6326
16.494 827.9896 22.6330
16.504 827.9896 22.6312
16.514 827.9881 22.6304
16.524 827.9881 22.6332
16.534 827.9804 22.6320
16.544 827.9861 22.6321
16.554 827.9778 22.6339
16.564 827.9783 22.6322
16.574 827.9783 22.6326
16.584 827.9861 22.6346
16.594 827.9783 22.6345
16.604 827.9862 22.6341
16.614 827.9889 22.6343
16.624 827.9889 22.6332
16.634 827.9862 22.6318
16.644 827.9889 22.6291
16.654 827.9889 22.6287
16.664 827.9880 22.6317
16.674 827.9797 22.6324
16.684 827.9852 22.6322
16.694 827.9797 22.6326
16.704 827.9797 22.6335
16.714 827.9797 22.6346
16.724 827.9807 22.6342
16.734 827.9775 22.6334
16.744 827.9807 22.6322
16.754 827.9807 22.6329
16.764 827.9807 22.6341
16.774 827.9809 22.6322
16.784 827.9809 22.6313
16.794 827.9715 22.6329
16.804 827.9824 22.6333
16.814 827.9701 22.6333
16.824 827.9701 22.6324
16.834 827.9901 22.6309
16.844 827.9901 22.6335
16.854 827.9801 22.6349
16.864 827.9842 22.6350
16.874 827.9801 22.6363
16.884 827.9779 22.6356
16.894 827.9801 22.6338
16.904 827.9832 22.6335
16.914 827.9779 22.6325
16.924 827.9832 22.6317
16.934 827.9834 22.6337
16.944 827.9832 22.6352
16.954 827.9834 22.6349
16.964 827.9834 22.6343
16.974 827.9824 22.6346
16.984 827.9807 22.6339
16.994 827.9807 22.6349
17.004 827.9723 22.6360
17.014 827.9723 22.6335
17.024 827.9723 22.6317
17.034 827.9723 22.6305
17.044 827.9723 22.6314
17.054 827.9754 22.6339
17.064 827.9754 22.6351
17.074 827.9673 22.6346
17.084 827.9673 22.6332
17.094 827.9875 22.6320
17.104 827.9693 22.6318
17.114 827.9693 22.6355
17.124 827.9737 22.6355
17.134 827.9764 22.6350
17.144 827.9737 22.6363
17.154 827.9737 22.6350
17.164 827.9764 22.6334
17.174 827.9780 22.6333
17.184 827.9780 22.6347
17.194 827.9823 22.6362
17.204 827.9823 22.6362
17.214 827.9780 22.6347
17.224 827.9853 22.6362
17.234 827.9769 22.6360
17.244 827.9769 22.6343
17.254 827.9769 22.6356
17.264 827.9769 22.6367
17.274 827.9759 22.6360
17.284 827.9759 22.6343
17.294 827.9745 22.6351
17.304 827.9745 22.6360
17.314 827.9745 22.6354
17.324 827.9832 22.6355
17.334 827.9745 22.6356
17.344 827.9683 22.6359
17.354 827.9683 22.6376
17.364 827.9748 22.6372
17.374 827.9683 22.6355
17.384 827.9689 22.6363
17.394 827.9721 22.6362
17.404 827.9689 22.6362
17.414 827.9689 22.6368
17.424 827.9721 22.6366
17.434 827.9762 22.6362
17.444 827.9762 22.6352
17.454 827.9762 22.6345
17.464 827.9650 22.6354
17.474 827.9650 22.6358
17.484 827.9650 22.6343
17.494 827.9726 22.6364
17.504 827.9726 22.6388
17.514 827.9726 22.6360
17.524 827.9607 22.6342
17.534 827.9607 22.6354
17.544 827.9599 22.6375
17.554 827.9607 22.6366
17.564 827.9679 22.6356
17.574 827.9974 22.6376
17.584 827.9974 22.6373
17.594 827.9974 22.6376
17.604 827.9889 22.6388
17.614 827.9708 22.6379
17.624 827.9708 22.6359
17.634 827.9844 22.6350
17.644 827.9844 22.6349
17.654 827.9876 22.6359
17.664 827.9876 22.6381
17.674 827.9882 22.6384
17.684 827.9882 22.6389
17.694 827.9882 22.6394
17.704 828.0013 22.6396
17.714 828.0013 22.6401
17.724 827.9830 22.6397
17.734 827.9793 22.6385
17.744 827.9830 22.6384
17.754 827.9830 22.6385
17.764 827.9876 22.6385
17.774 827.9876 22.6408
17.784 827.9876 22.6398
17.794 827.9819 22.6398
17.804 827.9819 22.6405
17.814 827.9704 22.6380
17.824 827.9704 22.6366
17.834 827.9704 22.6360
17.844 827.9678 22.6376
17.854 827.9678 22.6383
17.864 827.9678 22.6388
17.874 827.9727 22.6397
17.884 827.9779 22.6396
17.894 827.9800 22.6404
17.904 827.9872 22.6397
17.914 827.9872 22.6392
17.924 827.9872 22.6388
17.934 827.9872 22.6388
17.944 827.9762 22.6388
17.954 827.9656 22.6388
17.964 827.9656 22.6390
17.974 827.9656 22.6372
17.984 827.9671 22.6388
17.994 827.9671 22.6388
18.004 827.9919 22.6370
18.014 827.9777 22.6373
18.024 827.9777 22.6393
18.034 827.9635 22.6404
18.044 827.9777 22.6388
18.054 827.9635 22.6388
18.064 827.9635 22.6402
18.074 827.9674 22.6410
18.084 827.9674 22.6405
18.094 827.9674 22.6415
18.104 827.9685 22.6400
18.114 827.9674 22.6394
18.124 827.9623 22.6414
18.134 827.9685 22.6393
18.144 827.9838 22.6400
18.154 827.9623 22.6415
18.164 827.9838 22.6400
18.174 827.9838 22.6398
18.184 827.9822 22.6397
18.194 827.9676 22.6384
18.204 827.9822 22.6390
18.214 827.9822 22.6408
18.224 827.9857 22.6410
18.234 827.9857 22.6415
18.244 827.9857 22.6421
18.254 827.9646 22.6419
18.264 827.9615 22.6422
18.274 827.9615 22.6408
18.284 827.9615 22.6393
18.294 827.9728 22.6414
18.304 827.9796 22.6432
18.314 827.9796 22.6434
18.324 827.9796 22.6413
18.334 827.9796 22.6397
18.344 827.9796 22.6404
18.354 827.9814 22.6408
18.364 827.9862 22.6418
18.374 827.9862 22.6405
18.384 827.9944 22.6405
18.394 827.9975 22.6423
18.404 827.9944 22.6423
18.414 827.9975 22.6429
18.424 827.9975 22.6413
18.434 827.9709 22.6425
18.444 827.9709 22.6442
18.454 827.9810 22.6423
18.464 827.9709 22.6429
18.474 827.9810 22.6436
18.484 827.9817 22.6432
18.494 827.9810 22.6431
18.504 827.9817 22.6436
18.514 827.9817 22.6444
18.524 827.9723 22.6443
18.534 827.9723 22.6442
18.544 827.9852 22.6430
18.554 827.9852 22.6422
18.564 827.9852 22.6421
18.574 827.9852 22.6422
18.584 827.9786 22.6427
18.594 827.9786 22.6417
18.604 827.9717 22.6421
18.614 827.9649 22.6419
18.624 827.9649 22.6405
18.634 827.9741 22.6394
18.644 827.9741 22.6417
18.654 827.9741 22.6447
18.664 827.9750 22.6447
18.674 827.9741 22.6438
18.684 827.9750 22.6430
18.694 827.9721 22.6427
18.704 827.9750 22.6417
18.714 827.9721 22.6438
18.724 827.9750 22.6432
18.734 827.9765 22.6419
18.744 827.9765 22.6449
18.754 827.9852 22.6439
18.764 827.9892 22.6443
18.774 827.9852 22.6446
18.784 827.9871 22.6439
18.794 827.9871 22.6453
18.804 827.9812 22.6448
18.814 827.9714 22.6438
18.824 827.9714 22.6436
18.834 827.9714 22.6443
18.844 827.9589 22.6442
18.854 827.9714 22.6439
18.864 827.9589 22.6444
18.874 827.9687 22.6443
18.884 827.9589 22.6451
18.894 827.9687 22.6456
18.904 827.9681 22.6453
18.914 827.9681 22.6461
18.924 827.9681 22.6453
18.934 827.9818 22.6459
18.944 827.9813 22.6457
18.954 827.9813 22.6467
18.964 827.9813 22.6464
18.974 827.9813 22.6432
18.984 827.9689 22.6448
18.994 827.9689 22.6449
19.004 827.9689 22.6438
19.014 827.9663 22.6453
19.024 827.9663 22.6456
19.034 827.9962 22.6453
19.044 827.9962 22.6465
19.054 827.9962 22.6469
19.064 827.9970 22.6482
19.074 827.9970 22.6486
19.084 827.9951 22.6477
19.094 827.9804 22.6474
19.104 827.9804 22.6477
19.114 827.9804 22.6480
19.124 827.9809 22.6461
19.134 827.9809 22.6453
19.144 827.9809 22.6468
19.154 827.9766 22.6468
19.164 827.9766 22.6468
19.174 827.9766 22.6485
19.184 827.9922 22.6485
19.194 827.9922 22.6481
19.204 827.9934 22.6495
19.214 827.9934 22.6480
19.224 827.9934 22.6463
19.234 827.9909 22.6468
19.244 827.9974 22.6457
19.254 828.0077 22.6472
19.264 827.9953 22.6481
19.274 827.9953 22.6478
19.284 827.9953 22.6478
19.294 827.9953 22.6470
19.304 827.9953 22.6470
19.314 827.9827 22.6470
19.324 827.9826 22.6472
19.334 827.9940 22.6489
19.344 827.9826 22.6505
19.354 827.9826 22.6481
19.364 827.9826 22.6480
19.374 827.9780 22.6480
19.384 827.9721 22.6474
19.394 827.9721 22.6481
19.404 827.9629 22.6461
19.414 827.9629 22.6455
19.424 827.9629 22.6460
19.434 827.9629 22.6464
19.444 827.9531 22.6456
19.454 827.9667 22.6447
19.464 827.9857 22.6453
19.474 827.9506 22.6459
19.484 827.9857 22.6459
19.494 827.9871 22.6465
19.504 827.9984 22.6491
19.514 827.9871 22.6498
19.524 827.9871 22.6482
19.534 828.0031 22.6478
19.544 827.9868 22.6490
19.554 827.9868 22.6503
19.564 827.9868 22.6489
19.574 827.9913 22.6494
19.584 827.9913 22.6505
19.594 827.9913 22.6493
19.604 828.0005 22.6489
19.614 828.0006 22.6502
19.624 828.0005 22.6503
19.634 827.9952 22.6486
19.644 828.0005 22.6478
19.654 827.9987 22.6469
19.664 827.9952 22.6490
19.674 827.9987 22.6503
19.684 827.9987 22.6498
19.694 827.9924 22.6516
19.704 827.9829 22.6526
19.714 827.9829 22.6524
19.724 827.9812 22.6515
19.734 827.9810 22.6510
19.744 827.9810 22.6506
19.754 827.9708 22.6501
19.764 827.9810 22.6494
19.774 827.9850 22.6491
19.784 827.9874 22.6490
19.794 827.9850 22.6476
19.804 827.9850 22.6470
19.814 827.9874 22.6474
19.824 827.9823 22.6486
19.834 827.9786 22.6503
19.844 827.9786 22.6491
19.854 827.9786 22.6477
19.864 827.9786 22.6494
19.874 827.9786 22.6516
19.884 827.9735 22.6515
19.894 827.9869 22.6518
19.904 827.9908 22.6514
19.914 827.9735 22.6518
19.924 827.9894 22.6522
19.934 827.9894 22.6511
19.944 827.9848 22.6511
19.954 827.9842 22.6512
19.964 827.9842 22.6515
19.974 827.9669 22.6499
19.984 827.9669 22.6506
19.994 827.9669 22.6519
20.004 827.9844 22.6505
20.014 827.9900 22.6514
20.024 827.9900 22.6523
20.034 827.9900 22.6519
20.044 827.9870 22.6522
20.054 827.9785 22.6519
20.064 827.9734 22.6508
20.074 827.9785 22.6511
20.084 827.9843 22.6539
20.094 827.9785 22.6535
20.104 827.9761 22.6522
20.114 827.9843 22.6535
20.124 827.9843 22.6541
20.134 827.9798 22.6537
20.144 827.9913 22.6527
20.154 827.9913 22.6518
20.164 827.9798 22.6522
20.174 827.9798 22.6526
20.184 827.9869 22.6541
20.194 827.9869 22.6508
20.204 827.9932 22.6499
20.214 827.9932 22.6543
20.224 827.9899 22.6546
20.234 827.9907 22.6540
20.244 827.9907 22.6531
20.254 827.9899 22.6535
20.264 827.9907 22.6532
20.274 827.9907 22.6526
20.284 827.9816 22.6548
20.294 827.9612 22.6552
20.304 827.9811 22.6524
20.314 827.9811 22.6524
20.324 827.9622 22.6532
20.334 827.9688 22.6515
20.344 827.9811 22.6520
20.354 827.9853 22.6552
20.364 827.9853 22.6554
20.374 828.0081 22.6535
20.384 828.0081 22.6552
20.394 827.9853 22.6574
20.404 827.9875 22.6545
20.414 827.9875 22.6512
20.424 827.9874 22.6528
20.434 827.9874 22.6546
20.444 827.9875 22.6536
20.454 827.9874 22.6532
20.464 827.9847 22.6524
20.474 827.9757 22.6529
20.484 827.9757 22.6541
20.494 827.9757 22.6518
20.504 827.9880 22.6522
20.514 827.9880 22.6554
20.524 827.9880 22.6552
20.534 827.9855 22.6543
20.544 827.9855 22.6549
20.554 827.9855 22.6553
20.564 827.9912 22.6554
20.574 827.9912 22.6570
20.584 827.9982 22.6567
20.594 827.9982 22.6545
20.604 827.9919 22.6541
20.614 827.9915 22.6556
20.624 827.9915 22.6549
20.634 827.9913 22.6537
20.644 827.9872 22.6544
20.654 827.9872 22.6543
20.664 827.9837 22.6566
20.674 827.9837 22.6588
20.684 827.9893 22.6579
20.694 827.9900 22.6554
20.704 827.9900 22.6557
20.714 827.9900 22.6581
20.724 827.9863 22.6574
20.734 827.9863 22.6557
20.744 827.9863 22.6569
20.754 828.0060 22.6588
20.764 828.0060 22.6560
20.774 828.0060 22.6546
20.784 828.0003 22.6569
20.794 828.0003 22.6571
20.804 827.9961 22.6573
20.814 828.0003 22.6575
20.824 827.9932 22.6556
20.834 827.9932 22.6541
20.844 827.9932 22.6546
20.854 828.0062 22.6552
20.864 828.0062 22.6565
20.874 828.0106 22.6560
20.884 828.0106 22.6556
20.894 828.0106 22.6560
20.904 828.0041 22.6553
20.914 827.9891 22.6564
20.924 827.9891 22.6577
20.934 827.9900 22.6581
20.944 827.9900 22.6577
20.954 827.9923 22.6557
20.964 827.9923 22.6558
20.974 827.9900 22.6573
20.984 827.9858 22.6566
20.994 827.9846 22.6575
21.004 827.9809 22.6581
21.014 827.9719 22.6566
21.024 827.9573 22.6571
21.034 827.9573 22.6557
21.044 827.9573 22.6549
21.054 827.9654 22.6553
21.064 827.9816 22.6552
21.074 827.9816 22.6565
21.084 827.9816 22.6565
21.094 827.9795 22.6577
21.104 827.9682 22.6592
21.114 827.9682 22.6566
21.124 827.9682 22.6562
21.134 827.9793 22.6595
21.144 827.9793 22.6581
21.154 827.9894 22.6558
21.164 827.9801 22.6564
21.174 827.9793 22.6575
21.184 827.9753 22.6579
21.194 827.9753 22.6574
21.204 827.9753 22.6578
21.214 827.9753 22.6567
21.224 827.9803 22.6554
21.234 827.9803 22.6582
21.244 827.9806 22.6591
21.254 827.9806 22.6577
21.264 827.9842 22.6575
21.274 827.9734 22.6565
21.284 827.9734 22.6556
21.294 827.9734 22.6567
21.304 827.9721 22.6573
21.314 827.9721 22.6573
21.324 827.9787 22.6578
21.334 827.9787 22.6566
21.344 827.9817 22.6561
21.354 827.9817 22.6570
21.364 827.9817 22.6573
21.374 827.9907 22.6577
21.384 827.9914 22.6583
21.394 827.9907 22.6578
21.404 827.9907 22.6571
21.414 827.9906 22.6569
21.424 827.9862 22.6569
21.434 827.9850 22.6579
21.444 827.9850 22.6591
21.454 827.9850 22.6577
21.464 827.9850 22.6581
21.474 827.9840 22.6604
21.484 827.9774 22.6607
21.494 827.9774 22.6619
21.504 827.9774 22.6596
21.514 827.9709 22.6571
21.524 827.9709 22.6577
21.534 827.9719 22.6579
21.544 827.9709 22.6587
21.554 827.9719 22.6592
21.564 827.9719 22.6586
21.574 827.9639 22.6577
21.584 827.9639 22.6581
21.594 827.9639 22.6575
21.604 827.9639 22.6579
21.614 827.9756 22.6598
21.624 827.9765 22.6588
21.634 827.9765 22.6575
21.644 827.9765 22.6575
21.654 827.9882 22.6583
21.664 827.9938 22.6579
21.674 827.9959 22.6577
21.684 827.9959 22.6581
21.694 827.9959 22.6567
21.704 827.9946 22.6579
21.714 827.9778 22.6595
21.724 827.9778 22.6598
21.734 827.9778 22.6586
21.744 827.9785 22.6592
21.754 827.9904 22.6624
21.764 827.9904 22.6629
21.774 827.9821 22.6620
21.784 827.9858 22.6598
21.794 827.9858 22.6594
21.804 827.9858 22.6607
21.814 827.9858 22.6612
21.824 827.9858 22.6600
21.834 827.9918 22.6581
21.844 827.9918 22.6577
21.854 827.9807 22.6587
21.864 827.9807 22.6594
21.874 827.9807 22.6591
21.884 827.9798 22.6596
21.894 827.9759 22.6604
21.904 827.9667 22.6603
21.914 827.9717 22.6596
21.924 827.9667 22.6594
21.934 827.9667 22.6600
21.944 827.9667 22.6599
21.954 827.9717 22.6613
21.964 827.9818 22.6628
21.974 827.9935 22.6630
21.984 827.9935 22.6634
21.994 827.9971 22.6634
22.004 827.9971 22.6633
22.014 827.9971 22.6629
22.024 827.9915 22.6629
22.034 827.9915 22.6625
22.044 827.9914 22.6633
22.054 827.9857 22.6630
22.064 827.9857 22.6619
22.074 827.9857 22.6615
22.084 827.9857 22.6621
22.094 827.9889 22.6605
22.104 827.9889 22.6611
22.114 827.9929 22.6638
22.124 827.9861 22.6642
22.134 827.9861 22.6632
22.144 827.9861 22.6625
22.154 827.9887 22.6637
22.164 827.9887 22.6629
22.174 827.9887 22.6615
22.184 827.9988 22.6625
22.194 827.9988 22.6638
22.204 827.9988 22.6630
22.214 827.9797 22.6645
22.224 827.9889 22.6640
22.234 827.9889 22.6628
22.244 827.9889 22.6621
22.254 827.9889 22.6608
22.264 827.9916 22.6619
22.274 827.9916 22.6634
22.284 827.9946 22.6623
22.294 827.9946 22.6623
22.304 827.9799 22.6636
22.314 827.9799 22.6630
22.324 827.9874 22.6641
22.334 827.9874 22.6645
22.344 827.9884 22.6649
22.354 827.9884 22.6645
22.364 827.9874 22.6637
22.374 827.9861 22.6649
22.384 827.9661 22.6626
22.394 827.9661 22.6608
22.404 827.9861 22.6634
22.414 827.9861 22.6634
22.424 827.9850 22.6632
22.434 827.9877 22.6620
22.444 827.9877 22.6628
22.454 827.9855 22.6650
22.464 827.9877 22.6650
22.474 827.9877 22.6640
22.484 827.9967 22.6624
22.494 827.9855 22.6628
22.504 827.9811 22.6630
22.514 827.9786 22.6633
22.524 827.9754 22.6633
22.534 827.9754 22.6611
22.544 827.9754 22.6626
22.554 827.9754 22.6650
22.564 827.9754 22.6642
22.574 827.9827 22.6632
22.584 827.9827 22.6633
22.594 827.9827 22.6626
22.604 827.9825 22.6624
22.614 827.9827 22.6634
22.624 827.9931 22.6634
22.634 827.9957 22.6628
22.644 828.0006 22.6623
22.654 828.0006 22.6642
22.664 828.0006 22.6667
22.674 827.9868 22.6663
22.684 827.9807 22.6634
22.694 827.9807 22.6637
22.704 827.9807 22.6636
22.714 827.9758 22.6645
22.724 827.9842 22.6666
22.734 827.9983 22.6657
22.744 827.9983 22.6668
22.754 827.9842 22.6672
22.764 828.0046 22.6670
22.774 828.0046 22.6657
22.784 827.9815 22.6647
22.794 827.9808 22.6643
22.804 827.9815 22.6638
22.814 827.9808 22.6658
22.824 827.9815 22.6658
22.834 827.9818 22.6646
22.844 827.9889 22.6640
22.854 827.9889 22.6654
22.864 827.9926 22.6647
22.874 827.9926 22.6647
22.884 827.9889 22.6658
22.894 827.9926 22.6658
22.904 827.9948 22.6668
22.914 827.9674 22.6653
22.924 827.9717 22.6654
22.934 827.9717 22.6668
22.944 827.9702 22.6670
22.954 827.9702 22.6670
22.964 827.9717 22.6671
22.974 827.9882 22.6670
22.984 827.9882 22.6663
22.994 827.9922 22.6684
23.004 827.9922 22.6684
23.014 827.9854 22.6668
23.024 827.9727 22.6657
23.034 827.9854 22.6640
23.044 827.9854 22.6643
23.054 827.9899 22.6643
23.064 827.9899 22.6653
23.074 827.9904 22.6672
23.084 827.9904 22.6683
23.094 827.9745 22.6680
23.104 827.9745 22.6674
23.114 827.9787 22.6672
23.124 827.9787 22.6685
23.134 827.9931 22.6683
23.144 827.9931 22.6693
23.154 827.9931 22.6696
23.164 827.9931 22.6683
23.174 827.9927 22.6674
23.184 827.9890 22.6658
23.194 827.9890 22.6663
23.204 827.9795 22.6659
23.214 827.9795 22.6657
23.224 827.9763 22.6657
23.234 827.9831 22.6663
23.244 827.9831 22.6680
23.254 827.9832 22.6689
23.264 827.9893 22.6701
23.274 827.9893 22.6705
23.284 827.9893 22.6702
23.294 827.9798 22.6691
23.304 827.9798 22.6674
23.314 827.9794 22.6676
23.324 827.9695 22.6683
23.334 827.9695 22.6680
23.344 827.9794 22.6658
23.354 827.9633 22.6655
23.364 827.9633 22.6693
23.374 827.9770 22.6708
23.384 827.9780 22.6695
23.394 827.9780 22.6691
23.404 827.9780 22.6688
23.414 828.0033 22.6683
23.424 828.0033 22.6697
23.434 828.0011 22.6716
23.444 827.9684 22.6721
23.454 828.0011 22.6705
23.464 827.9710 22.6693
23.474 827.9784 22.6696
23.484 827.9784 22.6692
23.494 827.9784 22.6701
23.504 827.9784 22.6687
23.514 827.9784 22.6676
23.524 827.9768 22.6691
23.534 827.9768 22.6689
23.544 827.9803 22.6699
23.554 827.9803 22.6705
23.564 827.9803 22.6710
23.574 827.9865 22.6735
23.584 827.9803 22.6718
23.594 827.9927 22.6700
23.604 827.9884 22.6701
23.614 827.9887 22.6701
23.624 827.9887 22.6714
23.634 827.9905 22.6716
23.644 827.9905 22.6697
23.654 827.9940 22.6689
23.664 827.9940 22.6701
23.674 827.9966 22.6688
23.684 827.9966 22.6668
23.694 828.0034 22.6687
23.704 827.9700 22.6717
23.714 827.9700 22.6725
23.724 827.9700 22.6696
23.734 827.9766 22.6695
23.744 827.9727 22.6727
23.754 827.9766 22.6721
23.764 827.9766 22.6709
23.774 827.9727 22.6706
23.784 827.9701 22.6705
23.794 827.9701 22.6700
23.804 827.9617 22.6705
23.814 827.9701 22.6723
23.824 827.9866 22.6722
23.834 827.9866 22.6720
23.844 827.9866 22.6714
23.854 827.9898 22.6685
23.864 827.9898 22.6682
23.874 827.9898 22.6695
23.884 827.9898 22.6714
23.894 827.9756 22.6731
23.904 827.9756 22.6696
23.914 827.9756 22.6704
23.924 827.9874 22.6734
23.934 827.9962 22.6729
23.944 828.0019 22.6735
23.954 828.0019 22.6726
23.964 827.9874 22.6704
23.974 827.9807 22.6704
23.984 827.9807 22.6716
23.994 827.9807 22.6726
24.004 827.9781 22.6723
24.014 827.9781 22.6722
24.024 827.9920 22.6727
24.034 827.9920 22.6723
24.044 827.9920 22.6731
24.054 827.9992 22.6748
24.064 828.0011 22.6740
24.074 828.0011 22.6726
24.084 828.0011 22.6731
24.094 827.9995 22.6731
24.104 827.9995 22.6723
24.114 827.9995 22.6706
24.124 827.9995 22.6700
24.134 827.9977 22.6733
24.144 827.9807 22.6721
24.154 827.9807 22.6706
24.164 827.9805 22.6718
24.174 827.9747 22.6731
24.184 827.9747 22.6746
24.194 827.9805 22.6722
24.204 827.9805 22.6735
24.214 827.9834 22.6738
24.224 827.9834 22.6718
24.234 827.9834 22.6708
24.244 827.9834 22.6706
24.254 827.9731 22.6725
24.264 827.9731 22.6733
24.274 827.9769 22.6737
24.284 827.9769 22.6754
24.294 827.9731 22.6755
24.304 827.9721 22.6740
24.314 827.9571 22.6727
24.324 827.9571 22.6730
24.334 827.9571 22.6733
24.344 827.9584 22.6727
24.354 827.9772 22.6713
24.364 827.9772 22.6705
24.374 827.9894 22.6733
24.384 827.9894 22.6722
24.394 827.9892 22.6710
24.404 827.9892 22.6720
24.414 827.9892 22.6735
24.424 827.9675 22.6730
24.434 827.9675 22.6710
24.444 827.9675 22.6730
24.454 827.9675 22.6717
24.464 827.9705 22.6708
24.474 827.9743 22.6716
24.484 827.9743 22.6720
24.494 827.9786 22.6733
24.504 827.9786 22.6731
24.514 827.9786 22.6744
24.524 827.9674 22.6746
24.534 827.9786 22.6744
24.544 827.9786 22.6733
24.554 827.9674 22.6740
24.564 827.9933 22.6756
24.574 827.9933 22.6747
24.584 827.9920 22.6755
24.594 827.9777 22.6763
24.604 827.9777 22.6748
24.614 827.9671 22.6733
24.624 827.9671 22.6760
24.634 827.9671 22.6771
24.644 827.9671 22.6733
24.654 827.9757 22.6740
24.664 827.9757 22.6764
24.674 827.9788 22.6738
24.684 827.9880 22.6739
24.694 827.9792 22.6759
24.704 827.9792 22.6747
24.714 827.9792 22.6731
24.724 827.9792 22.6729
24.734 827.9792 22.6752
24.744 827.9659 22.6764
24.754 827.9916 22.6754
24.764 827.9916 22.6756
24.774 827.9890 22.6764
24.784 827.9793 22.6760
24.794 827.9890 22.6758
24.804 827.9835 22.6747
24.814 827.9793 22.6752
24.824 827.9835 22.6760
24.834 827.9842 22.6752
24.844 827.9835 22.6772
24.854 827.9842 22.6772
24.864 827.9842 22.6764
24.874 827.9714 22.6773
24.884 827.9497 22.6772
24.894 827.9714 22.6754
24.904 827.9714 22.6751
24.914 827.9415 22.6751
24.924 827.9779 22.6760
24.934 827.9851 22.6760
24.944 827.9851 22.6750
24.954 827.9851 22.6768
24.964 827.9851 22.6746
24.974 827.9704 22.6750
24.984 827.9704 22.6776
24.994 827.9749 22.6768
25.004 827.9704 22.6780
25.014 827.9749 22.6772
25.024 827.9749 22.6763
25.034 827.9987 22.6786
25.044 827.9980 22.6793
25.054 827.9980 22.6790
25.064 827.9877 22.6794
25.074 827.9877 22.6797
25.084 827.9803 22.6789
25.094 827.9724 22.6772
25.104 827.9620 22.6768
25.114 827.9620 22.6775
25.124 827.9697 22.6771
25.134 827.9697 22.6780
25.144 827.9782 22.6807
25.154 827.9949 22.6788
25.164 827.9782 22.6779
25.174 827.9782 22.6776
25.184 827.9718 22.6765
25.194 827.9718 22.6775
25.204 827.9718 22.6785
25.214 827.9766 22.6771
25.224 827.9780 22.6746
25.234 827.9780 22.6760
25.244 827.9805 22.6765
25.254 827.9780 22.6769
25.264 827.9771 22.6786
25.274 827.9771 22.6773
25.284 827.9771 22.6765
25.294 827.9764 22.6788
25.304 827.9764 22.6794
25.314 827.9842 22.6779
25.324 827.9764 22.6772
25.334 827.9842 22.6772
25.344 827.9842 22.6794
25.354 827.9555 22.6789
25.364 827.9555 22.6788
25.374 827.9635 22.6792
25.384 827.9555 22.6779
25.394 827.9635 22.6786
25.404 827.9709 22.6769
25.414 827.9883 22.6748
25.424 827.9883 22.6744
25.434 827.9883 22.6761
25.444 827.9854 22.6786
25.454 827.9854 22.6781
25.464 827.9854 22.6765
25.474 827.9828 22.6780
25.484 827.9859 22.6806
25.494 827.9876 22.6809
25.504 827.9859 22.6786
25.514 827.9932 22.6789
25.524 827.9932 22.6792
25.534 827.9932 22.6789
25.544 827.9858 22.6781
25.554 827.9890 22.6781
25.564 827.9858 22.6797
25.574 827.9858 22.6786
25.584 827.9858 22.6771
25.594 827.9890 22.6799
25.604 827.9829 22.6823
25.614 827.9829 22.6807
25.624 827.9829 22.6801
25.634 827.9818 22.6794
25.644 827.9818 22.6796
25.654 827.9818 22.6815
25.664 827.9837 22.6818
25.674 827.9865 22.6813
25.684 827.9865 22.6822
25.694 827.9839 22.6807
25.704 827.9839 22.6799
25.714 827.9839 22.6797
25.724 827.9717 22.6805
25.734 827.9791 22.6815
25.744 827.9742 22.6802
25.754 827.9668 22.6809
25.764 827.9742 22.6811
25.774 827.9791 22.6799
25.784 827.9850 22.6811
25.794 827.9850 22.6819
25.804 827.9850 22.6798
25.814 827.9801 22.6789
25.824 827.9713 22.6789
25.834 827.9690 22.6805
25.844 827.9690 22.6813
25.854 827.9783 22.6807
25.864 827.9690 22.6817
25.874 827.9505 22.6805
25.884 827.9783 22.6794
25.894 827.9697 22.6801
25.904 827.9644 22.6807
25.914 827.9697 22.6807
25.924 827.9717 22.6799
25.934 827.9717 22.6818
25.944 827.9792 22.6817
25.954 827.9948 22.6814
25.964 827.9948 22.6815
25.974 828.0006 22.6807
25.984 828.0006 22.6819
25.994 827.9813 22.6819
26.004 827.9707 22.6818
26.014 827.9665 22.6820
26.024 827.9665 22.6822
26.034 827.9707 22.6817
26.044 827.9677 22.6806
26.054 827.9808 22.6817
26.064 827.9808 22.6832
26.074 827.9677 22.6824
26.084 827.9677 22.6824
26.094 827.9684 22.6831
26.104 827.9665 22.6813
26.114 827.9665 22.6810
26.124 827.9684 22.6818
26.134 827.9684 22.6830
26.144 827.9719 22.6828
26.154 827.9791 22.6826
26.164 827.9791 22.6835
26.174 827.9719 22.6838
26.184 827.9719 22.6839
26.194 827.9642 22.6824
26.204 827.9642 22.6824
26.214 827.9642 22.6831
26.224 827.9536 22.6828
26.234 827.9536 22.6809
26.244 827.9578 22.6799
26.254 827.9578 22.6811
26.264 827.9780 22.6820
26.274 827.9780 22.6843
26.284 827.9780 22.6847
26.294 827.9820 22.6822
26.304 827.9796 22.6814
26.314 827.9796 22.6831
26.324 827.9810 22.6828
26.334 827.9820 22.6830
26.344 827.9810 22.6835
26.354 827.9810 22.6814
26.364 827.9810 22.6813
26.374 827.9690 22.6817
26.384 827.9690 22.6832
26.394 827.9814 22.6849
26.404 827.9823 22.6845
26.414 827.9873 22.6839
26.424 827.9874 22.6839
26.434 827.9874 22.6848
26.444 827.9873 22.6835
26.454 827.9629 22.6831
26.464 827.9629 22.6844
26.474 827.9629 22.6855
26.484 827.9764 22.6865
26.494 827.9764 22.6858
26.504 827.9764 22.6853
26.514 827.9787 22.6841
26.524 827.9703 22.6847
26.534 827.9703 22.6857
26.544 827.9847 22.6836
26.554 827.9851 22.6844
26.564 827.9851 22.6856
26.574 827.9851 22.6855
26.584 827.9851 22.6868
26.594 827.9849 22.6853
26.604 827.9831 22.6856
26.614 827.9781 22.6862
26.624 827.9781 22.6849
26.634 827.9787 22.6852
26.644 827.9749 22.6841
26.654 827.9772 22.6836
26.664 827.9787 22.6858
26.674 827.9873 22.6843
26.684 827.9772 22.6839
26.694 827.9873 22.6845
26.704 827.9873 22.6841
26.714 827.9668 22.6858
26.724 827.9668 22.6845
26.734 827.9839 22.6849
26.744 827.9839 22.6857
26.754 827.9847 22.6847
26.764 827.9847 22.6861
26.774 827.9871 22.6861
26.784 827.9847 22.6845
26.794 827.9728 22.6844
26.804 827.9728 22.6848
26.814 827.9728 22.6865
26.824 827.9603 22.6864
26.834 827.9551 22.6866
26.844 827.9603 22.6856
26.854 827.9590 22.6851
26.864 827.9590 22.6856
26.874 827.9675 22.6852
26.884 827.9675 22.6866
26.894 827.9656 22.6856
26.904 827.9656 22.6857
26.914 827.9656 22.6872
26.924 827.9656 22.6851
26.934 827.9694 22.6847
26.944 827.9694 22.6853
26.954 827.9780 22.6866
26.964 827.9794 22.6869
26.974 827.9759 22.6860
26.984 827.9759 22.6873
26.994 827.9759 22.6872
27.004 827.9673 22.6858
27.014 827.9673 22.6848
27.024 827.9673 22.6858
27.034 827.9677 22.6876
27.044 827.9798 22.6864
27.054 827.9798 22.6865
27.064 827.9798 22.6881
27.074 827.9800 22.6866
27.084 827.9800 22.6860
27.094 827.9800 22.6865
27.104 827.9800 22.6868
27.114 827.9800 22.6878
27.124 827.9764 22.6873
27.134 827.9671 22.6865
27.144 827.9585 22.6876
27.154 827.9585 22.6879
27.164 827.9585 22.6882
27.174 827.9581 22.6886
27.184 827.9696 22.6885
27.194 827.9696 22.6864
27.204 827.9696 22.6869
27.214 827.9799 22.6891
27.224 827.9847 22.6887
27.234 827.9847 22.6873
27.244 827.9847 22.6886
27.254 827.9799 22.6893
27.264 827.9858 22.6876
27.274 827.9768 22.6886
27.284 827.9626 22.6895
27.294 827.9626 22.6886
27.304 827.9742 22.6870
27.314 827.9688 22.6877
27.324 827.9731 22.6881
27.334 827.9742 22.6881
27.344 827.9731 22.6893
27.354 827.9731 22.6889
27.364 827.9731 22.6883
27.374 827.9787 22.6878
27.384 827.9712 22.6868
27.394 827.9712 22.6858
27.404 827.9712 22.6866
27.414 827.9712 22.6902
27.424 827.9542 22.6896
27.434 827.9542 22.6881
27.444 827.9542 22.6886
27.454 827.9542 22.6882
27.464 827.9587 22.6898
27.474 827.9588 22.6894
27.484 827.9587 22.6868
27.494 827.9588 22.6857
27.504 827.9587 22.6870
27.514 827.9620 22.6886
27.524 827.9557 22.6879
27.534 827.9557 22.6870
27.544 827.9557 22.6869
27.554 827.9581 22.6868
27.564 827.9557 22.6882
27.574 827.9557 22.6891
27.584 827.9557 22.6879
27.594 827.9460 22.6877
27.604 827.9438 22.6866
27.614 827.9438 22.6866
27.624 827.9438 22.6865
27.634 827.9585 22.6862
27.644 827.9585 22.6885
27.654 827.9585 22.6893
27.664 827.9585 22.6873
27.674 827.9585 22.6886
27.684 827.9609 22.6896
27.694 827.9625 22.6872
27.704 827.9630 22.6878
27.714 827.9759 22.6903
27.724 827.9625 22.6904
27.734 827.9648 22.6896
27.744 827.9648 22.6906
27.754 827.9631 22.6896
27.764 827.9607 22.6886
27.774 827.9631 22.6889
27.784 827.9631 22.6886
27.794 827.9631 22.6893
27.804 827.9607 22.6894
27.814 827.9631 22.6885
27.824 827.9538 22.6890
27.834 827.9538 22.6889
27.844 827.9541 22.6870
27.854 827.9541 22.6873
27.864 827.9538 22.6898
27.874 827.9541 22.6904
27.884 827.9487 22.6907
27.894 827.9487 22.6898
27.904 827.9541 22.6904
27.914 827.9605 22.6920
27.924 827.9605 22.6911
27.934 827.9697 22.6924
27.944 827.9685 22.6903
27.954 827.9706 22.6896
27.964 827.9779 22.6923
27.974 827.9823 22.6924
27.984 827.9779 22.6931
27.994 827.9779 22.6928
28.004 827.9775 22.6904
28.014 827.9719 22.6915
28.024 827.9719 22.6940
28.034 827.9733 22.6933
28.044 827.9733 22.6937
28.054 827.9704 22.6949
28.064 827.9733 22.6928
28.074 827.9765 22.6932
28.084 827.9765 22.6954
28.094 827.9765 22.6944
28.104 827.9765 22.6942
28.114 827.9638 22.6919
28.124 827.9585 22.6900
28.134 827.9577 22.6919
28.144 827.9563 22.6908
28.154 827.9426 22.6889
28.164 827.9426 22.6900
28.174 827.9426 22.6895
28.184 827.9426 22.6904
28.194 827.9437 22.6917
28.204 827.9506 22.6906
28.214 827.9605 22.6911
28.224 827.9605 22.6907
28.234 827.9506 22.6921
28.244 827.9506 22.6929
28.254 827.9627 22.6923
28.264 827.9721 22.6940
28.274 827.9721 22.6923
28.284 827.9727 22.6916
28.294 827.9721 22.6938
28.304 827.9692 22.6925
28.314 827.9692 22.6924
28.324 827.9692 22.6944
28.334 827.9595 22.6935
28.344 827.9595 22.6920
28.354 827.9595 22.6932
28.364 827.9595 22.6924
28.374 827.9595 22.6916
28.384 827.9586 22.6925
28.394 827.9629 22.6931
28.404 827.9586 22.6945
28.414 827.9574 22.6957
28.424 827.9573 22.6948
28.434 827.9573 22.6923
28.444 827.9573 22.6908
28.454 827.9429 22.6919
28.464 827.9585 22.6936
28.474 827.9585 22.6936
28.484 827.9585 22.6952
28.494 827.9480 22.6955
28.504 827.9694 22.6932
28.514 827.9535 22.6944
28.524 827.9694 22.6953
28.534 827.9694 22.6938
28.544 827.9694 22.6940
28.554 827.9702 22.6953
28.564 827.9748 22.6949
28.574 827.9749 22.6936
28.584 827.9749 22.6940
28.594 827.9853 22.6927
28.604 827.9853 22.6928
28.614 827.9601 22.6959
28.624 827.9568 22.6962
28.634 827.9601 22.6944
28.644 827.9530 22.6946
28.654 827.9601 22.6949
28.664 827.9744 22.6942
28.674 827.9744 22.6950
28.684 827.9744 22.6959
28.694 827.9744 22.6962
28.704 827.9528 22.6946
28.714 827.9528 22.6967
28.724 827.9528 22.6961
28.734 827.9528 22.6944
28.744 827.9528 22.6948
28.754 827.9454 22.6932
28.764 827.9454 22.6936
28.774 827.9454 22.6935
28.784 827.9454 22.6944
28.794 827.9459 22.6948
28.804 827.9510 22.6928
28.814 827.9523 22.6928
28.824 827.9523 22.6941
28.834 827.9523 22.6944
28.844 827.9547 22.6957
28.854 827.9789 22.6940
28.864 827.9817 22.6924
28.874 827.9796 22.6946
28.884 827.9796 22.6959
28.894 827.9789 22.6941
28.904 827.9731 22.6936
28.914 827.9731 22.6946
28.924 827.9613 22.6946
28.934 827.9613 22.6963
28.944 827.9613 22.6975
28.954 827.9663 22.6962
28.964 827.9613 22.6961
28.974 827.9476 22.6955
28.984 827.9410 22.6945
28.994 827.9476 22.6945
29.004 827.9476 22.6957
29.014 827.9700 22.6963
29.024 827.9700 22.6963
29.034 827.9700 22.6965
29.044 827.9560 22.6957
29.054 827.9560 22.6950
29.064 827.9560 22.6969
29.074 827.9681 22.6982
29.084 827.9681 22.6969
29.094 827.9681 22.6959
29.104 827.9548 22.6962
29.114 827.9548 22.6973
29.124 827.9526 22.6979
29.134 827.9548 22.6992
29.144 827.9707 22.6995
29.154 827.9707 22.6976
29.164 827.9566 22.6973
29.174 827.9566 22.6988
29.184 827.9566 22.6979
29.194 827.9566 22.6974
29.204 827.9566 22.6987
29.214 827.9501 22.6988
29.224 827.9674 22.6982
29.234 827.9707 22.6980
29.244 827.9641 22.6988
29.254 827.9641 22.6976
29.264 827.9707 22.6971
29.274 827.9641 22.6987
29.284 827.9510 22.6987
29.294 827.9510 22.6975
29.304 827.9418 22.6979
29.314 827.9418 22.6990
29.324 827.9476 22.7004
29.334 827.9476 22.6988
29.344 827.9476 22.6970
29.354 827.9477 22.6962
29.364 827.9477 22.6954
29.374 827.9477 22.6975
29.384 827.9477 22.6980
29.394 827.9577 22.6984
29.404 827.9577 22.6988
29.414 827.9577 22.6993
29.424 827.9676 22.6979
29.434 827.9676 22.6970
29.444 827.9676 22.6967
29.454 827.9565 22.6955
29.464 827.9706 22.6976
29.474 827.9533 22.6986
29.484 827.9554 22.6993
29.494 827.9554 22.6980
29.504 827.9554 22.6965
29.514 827.9533 22.6986
29.524 827.9554 22.7001
29.534 827.9522 22.7014
29.544 827.9450 22.6988
29.554 827.9450 22.6967
29.564 827.9692 22.6974
29.574 827.9450 22.6987
29.584 827.9591 22.6993
29.594 827.9591 22.6999
29.604 827.9438 22.7008
29.614 827.9438 22.6970
29.624 827.9438 22.6961
29.634 827.9438 22.6982
29.644 827.9504 22.6997
29.654 827.9504 22.7020
29.664 827.9386 22.7001
29.674 827.9357 22.6995
29.684 827.9357 22.6992
29.694 827.9312 22.6995
29.704 827.9357 22.6996
29.714 827.9516 22.6988
29.724 827.9516 22.7013
29.734 827.9516 22.7016
29.744 827.9516 22.6988
29.754 827.9516 22.6980
29.764 827.9462 22.6984
29.774 827.9522 22.6980
29.784 827.9522 22.6999
29.794 827.9554 22.7001
29.804 827.9522 22.6997
29.814 827.9522 22.7008
29.824 827.9554 22.7005
29.834 827.9554 22.7009
29.844 827.9484 22.7021
29.854 827.9488 22.7013
29.864 827.9488 22.7016
29.874 827.9488 22.7020
29.884 827.9488 22.6997
29.894 827.9488 22.7000
29.904 827.9404 22.7007
29.914 827.9484 22.7007
29.924 827.9484 22.7013
29.934 827.9484 22.7009
29.944 827.9537 22.7017
29.954 827.9537 22.7024
29.964 827.9537 22.7007
29.974 827.9488 22.6992
29.984 827.9467 22.7003
29.994 827.9446 22.7000
