
 PRINT ELEMENT TABLE ITEMS PER ELEMENT
 
  ***** POST1 ELEMENT TABLE LISTING *****                                      
 
    STAT     CURRENT 
    ELEM     SMIS1   
       1   55.600     
       2   55.600     
       3   166.80     
       4   166.80     
       5   278.00     
       6   278.00     
       7   389.20     
       8   389.20     
       9   389.20     
      10   389.20     
      11   278.00     
      12   278.00     
      13   166.80     
      14   166.80     
      15   55.600     
      16   55.600     
      17   0.0000     
      18  -111.20     
      19  -111.20     
      20  -222.40     
      21  -222.40     
      22  -333.60     
      23  -333.60     
      24  -444.80     
      25  -444.80     
      26  -333.60     
      27  -333.60     
      28  -222.40     
      29  -222.40     
      30  -111.20     
      31  -111.20     
      32   0.0000     
      33   0.0000     
      34   0.0000     
      35   0.0000     
      36   0.0000     
      37   0.0000     
      38   0.0000     
      39   0.0000     
      40   0.0000     
      41  -111.20     
 
  ***** POST1 ELEMENT TABLE LISTING *****                                      
 
    STAT     CURRENT 
    ELEM     SMIS1   
      42   0.0000     
      43 -0.21324E-011
      44   0.0000     
      45   0.0000     
      46   0.0000     
      47   0.0000     
      48   0.0000     
      49   0.0000     
      50  -78.630     
      51   78.630     
      52  -78.630     
      53   78.630     
      54  -78.630     
      55   78.630     
      56  -78.630     
      57   78.630     
      58   78.630     
      59  -78.630     
      60   78.630     
      61  -78.630     
      62   78.630     
      63  -78.630     
      64   78.630     
      65  -78.630     

 MINIMUM VALUES
 ELEM         24
 VALUE   -444.80     

 MAXIMUM VALUES
 ELEM          7
 VALUE    389.20     

