%Loading Case (lbs)	F0 (lbf)	F1 (lbf)	F2 (lbf)	F3D (lbf)	LVDT (in)	%1/21/20225:18 PM
0.000	0.019	-0.014	0.008	-99.433	-0.011
0.000	0.014	0.002	0.014	-99.386	-0.011
0.000	0.013	-0.011	0.015	-99.487	-0.011
0.000	0.023	-0.003	0.015	-99.396	-0.011
0.000	0.012	-0.004	0.002	-99.414	-0.011
0.000	0.014	-0.012	-0.004	-99.404	-0.011
0.000	0.008	-0.017	-0.001	-99.376	-0.011
0.000	0.007	-0.017	0.006	-99.414	-0.011
0.000	0.006	-0.013	0.010	-99.368	-0.011
0.000	0.017	-0.025	0.003	-99.461	-0.011
10.000	0.353	-0.289	9.988	-100.842	-0.011
10.000	0.356	-0.292	9.988	-100.822	-0.011
10.000	0.344	-0.289	9.982	-100.875	-0.011
10.000	0.343	-0.299	9.986	-100.764	-0.011
10.000	0.340	-0.291	9.987	-100.808	-0.011
10.000	0.350	-0.294	9.993	-100.887	-0.011
10.000	0.347	-0.288	9.981	-100.776	-0.011
10.000	0.357	-0.300	9.979	-100.824	-0.011
10.000	0.338	-0.301	9.986	-100.812	-0.011
10.000	0.347	-0.297	9.970	-100.822	-0.011
20.000	5.976	4.818	10.082	-100.595	-0.011
20.000	5.979	4.820	10.084	-100.551	-0.011
20.000	5.984	4.818	10.088	-100.559	-0.011
20.000	5.984	4.812	10.087	-100.616	-0.011
20.000	5.976	4.826	10.081	-100.614	-0.011
20.000	5.982	4.817	10.086	-100.567	-0.011
20.000	5.985	4.829	10.086	-100.505	-0.011
20.000	5.983	4.818	10.078	-100.560	-0.011
20.000	5.979	4.828	10.085	-100.499	-0.011
20.000	5.982	4.823	10.090	-100.579	-0.011
30.000	7.865	5.588	17.776	-91.883	-0.014
30.000	7.866	5.572	17.782	-91.860	-0.014
30.000	7.872	5.582	17.770	-91.789	-0.014
30.000	7.872	5.587	17.775	-91.920	-0.014
30.000	7.868	5.587	17.773	-91.983	-0.014
30.000	7.857	5.587	17.776	-91.882	-0.014
30.000	7.868	5.583	17.770	-91.896	-0.014
30.000	7.864	5.580	17.764	-91.796	-0.014
30.000	7.867	5.576	17.776	-91.852	-0.014
30.000	7.862	5.581	17.770	-91.870	-0.014
40.000	11.674	9.841	20.343	-84.117	-0.016
40.000	11.671	9.835	20.329	-84.100	-0.016
40.000	11.669	9.837	20.336	-84.062	-0.016
40.000	11.661	9.834	20.334	-84.090	-0.016
40.000	11.678	9.834	20.346	-84.171	-0.016
40.000	11.666	9.841	20.327	-84.058	-0.016
40.000	11.667	9.838	20.330	-84.102	-0.016
40.000	11.666	9.838	20.341	-84.073	-0.016
40.000	11.671	9.838	20.333	-84.024	-0.016
40.000	11.675	9.821	20.336	-84.071	-0.016
50.000	14.021	12.832	25.461	-71.624	-0.022
50.000	14.022	12.837	25.461	-71.615	-0.022
50.000	14.026	12.837	25.472	-71.731	-0.022
50.000	14.030	12.840	25.469	-71.778	-0.022
50.000	14.022	12.824	25.471	-71.731	-0.022
50.000	14.030	12.831	25.470	-71.673	-0.022
50.000	14.028	12.835	25.462	-71.684	-0.022
50.000	14.027	12.829	25.462	-71.673	-0.022
50.000	14.027	12.834	25.459	-71.615	-0.022
50.000	14.019	12.829	25.456	-71.670	-0.022
40.000	11.728	9.841	20.383	-82.503	-0.017
40.000	11.728	9.837	20.376	-82.497	-0.017
40.000	11.737	9.842	20.379	-82.537	-0.017
40.000	11.722	9.837	20.378	-82.521	-0.017
40.000	11.728	9.837	20.374	-82.506	-0.017
40.000	11.730	9.835	20.384	-82.459	-0.017
40.000	11.723	9.842	20.376	-82.478	-0.017
40.000	11.729	9.843	20.376	-82.533	-0.017
40.000	11.724	9.846	20.380	-82.458	-0.017
40.000	11.724	9.826	20.378	-82.471	-0.017
30.000	7.925	5.622	17.833	-89.577	-0.014
30.000	7.916	5.622	17.821	-89.499	-0.014
30.000	7.919	5.616	17.821	-89.542	-0.014
30.000	7.918	5.624	17.817	-89.507	-0.014
30.000	7.911	5.624	17.818	-89.535	-0.014
30.000	7.914	5.627	17.821	-89.564	-0.014
30.000	7.924	5.621	17.824	-89.566	-0.014
30.000	7.920	5.617	17.827	-89.621	-0.014
30.000	7.921	5.615	17.815	-89.556	-0.014
30.000	7.911	5.606	17.815	-89.639	-0.014
20.000	6.049	4.890	10.163	-97.454	-0.011
20.000	6.064	4.897	10.158	-97.491	-0.011
20.000	6.057	4.895	10.153	-97.467	-0.011
20.000	6.064	4.893	10.156	-97.490	-0.011
20.000	6.061	4.894	10.150	-97.449	-0.011
20.000	6.061	4.894	10.151	-97.480	-0.011
20.000	6.059	4.893	10.156	-97.477	-0.011
20.000	6.056	4.895	10.156	-97.456	-0.011
20.000	6.055	4.896	10.148	-97.373	-0.011
20.000	6.058	4.897	10.150	-97.479	-0.011
10.000	0.401	-0.246	10.034	-98.552	-0.011
10.000	0.402	-0.252	10.030	-98.678	-0.011
10.000	0.408	-0.256	10.034	-98.673	-0.011
10.000	0.409	-0.246	10.036	-98.663	-0.011
10.000	0.404	-0.250	10.024	-98.621	-0.011
10.000	0.405	-0.253	10.029	-98.678	-0.011
10.000	0.405	-0.241	10.031	-98.683	-0.011
10.000	0.404	-0.257	10.031	-98.659	-0.011
10.000	0.404	-0.250	10.031	-98.646	-0.011
10.000	0.399	-0.253	10.026	-98.648	-0.011
0.000	0.019	0.046	0.013	-99.141	-0.011
0.000	0.019	-0.005	0.000	-99.210	-0.011
0.000	0.022	-0.043	0.009	-99.300	-0.011
0.000	0.018	-0.014	0.003	-99.198	-0.011
0.000	0.024	-0.033	0.016	-99.329	-0.011
0.000	0.025	-0.017	0.011	-99.271	-0.011
0.000	0.025	-0.022	0.011	-99.243	-0.011
0.000	0.031	0.007	0.011	-99.323	-0.011
0.000	0.029	0.013	0.015	-99.289	-0.011
0.000	0.027	0.030	0.028	-99.204	-0.011
