%Loading Case (lbs)	F0 (lbf)	F1 (lbf)	F2 (lbf)	F3D (lbf)	LVDT (in)	%1/21/20225:27 PM
0.000	-0.010	0.008	0.021	-99.262	-0.011
0.000	-0.015	0.012	0.022	-99.300	-0.011
0.000	-0.005	0.007	0.021	-99.326	-0.011
0.000	-0.008	0.022	0.013	-99.336	-0.011
0.000	-0.002	0.018	0.017	-99.273	-0.011
0.000	-0.013	0.016	0.011	-99.169	-0.011
0.000	-0.010	0.015	0.019	-99.242	-0.011
0.000	-0.006	0.017	0.021	-99.279	-0.011
0.000	-0.007	0.008	0.015	-99.199	-0.011
0.000	-0.012	0.005	0.015	-99.301	-0.011
10.000	0.160	-0.089	9.979	-100.508	-0.011
10.000	0.148	-0.100	9.979	-100.525	-0.011
10.000	0.156	-0.108	9.977	-100.610	-0.011
10.000	0.151	-0.085	9.985	-100.554	-0.011
10.000	0.159	-0.105	9.982	-100.650	-0.011
10.000	0.161	-0.101	9.989	-100.662	-0.011
10.000	0.154	-0.103	9.972	-100.546	-0.011
10.000	0.157	-0.103	9.985	-100.512	-0.011
10.000	0.155	-0.106	9.982	-100.643	-0.011
10.000	0.150	-0.104	9.981	-100.495	-0.011
10.000	0.156	-0.102	9.985	-100.539	-0.011
10.000	0.157	-0.106	9.968	-100.523	-0.011
20.000	6.364	4.437	10.095	-100.407	-0.011
20.000	6.358	4.434	10.094	-100.387	-0.011
20.000	6.364	4.421	10.112	-100.338	-0.011
20.000	6.366	4.436	10.099	-100.383	-0.011
20.000	6.360	4.434	10.094	-100.346	-0.011
20.000	6.364	4.440	10.092	-100.290	-0.011
20.000	6.363	4.428	10.102	-100.325	-0.011
20.000	6.357	4.429	10.098	-100.346	-0.011
20.000	6.358	4.436	10.098	-100.314	-0.011
20.000	6.359	4.435	10.103	-100.312	-0.011
30.000	7.489	5.971	17.698	-92.389	-0.013
30.000	7.482	5.971	17.703	-92.361	-0.013
30.000	7.485	5.964	17.693	-92.444	-0.013
30.000	7.492	5.964	17.707	-92.291	-0.013
30.000	7.489	5.975	17.699	-92.329	-0.013
30.000	7.488	5.970	17.704	-92.299	-0.013
30.000	7.490	5.970	17.695	-92.288	-0.013
30.000	7.496	5.963	17.701	-92.396	-0.013
30.000	7.484	5.974	17.705	-92.360	-0.013
30.000	7.483	5.977	17.698	-92.293	-0.013
40.000	11.565	9.989	20.249	-84.456	-0.016
40.000	11.525	10.024	20.252	-84.380	-0.016
40.000	11.518	10.035	20.254	-84.451	-0.016
40.000	11.544	10.016	20.250	-84.528	-0.016
40.000	11.540	10.022	20.257	-84.529	-0.016
40.000	11.524	10.027	20.251	-84.462	-0.016
40.000	11.535	10.009	20.256	-84.454	-0.016
40.000	11.536	10.017	20.254	-84.391	-0.016
40.000	11.534	10.020	20.259	-84.445	-0.016
40.000	11.533	10.015	20.257	-84.409	-0.016
50.000	14.590	12.403	25.341	-71.801	-0.022
50.000	14.587	12.412	25.342	-71.783	-0.022
50.000	14.588	12.402	25.345	-71.746	-0.022
50.000	14.589	12.406	25.347	-71.801	-0.022
50.000	14.593	12.409	25.349	-71.742	-0.022
50.000	14.589	12.418	25.344	-71.791	-0.022
50.000	14.588	12.396	25.344	-71.824	-0.022
50.000	14.592	12.398	25.339	-71.740	-0.022
50.000	14.589	12.399	25.346	-71.808	-0.022
50.000	14.583	12.399	25.339	-71.839	-0.022
40.000	11.596	10.024	20.300	-82.378	-0.017
40.000	11.600	10.029	20.306	-82.302	-0.017
40.000	11.592	10.024	20.294	-82.372	-0.017
40.000	11.600	10.033	20.315	-82.357	-0.017
40.000	11.606	10.040	20.313	-82.264	-0.017
40.000	11.600	10.029	20.317	-82.373	-0.017
40.000	11.589	10.029	20.302	-82.377	-0.017
40.000	11.588	10.024	20.310	-82.332	-0.017
40.000	11.598	10.035	20.309	-82.323	-0.017
40.000	11.596	10.033	20.311	-82.455	-0.017
30.000	7.580	5.982	17.776	-89.664	-0.014
30.000	7.580	5.996	17.779	-89.648	-0.014
30.000	7.586	5.992	17.776	-89.741	-0.014
30.000	7.576	5.993	17.771	-89.759	-0.014
30.000	7.581	5.982	17.775	-89.705	-0.014
30.000	7.575	5.985	17.777	-89.721	-0.014
30.000	7.584	5.996	17.782	-89.727	-0.014
30.000	7.585	5.998	17.772	-89.835	-0.014
30.000	7.577	5.990	17.781	-89.730	-0.014
30.000	7.570	5.992	17.774	-89.762	-0.014
20.000	6.462	4.456	10.145	-97.294	-0.011
20.000	6.468	4.464	10.146	-97.349	-0.011
20.000	6.466	4.480	10.154	-97.303	-0.011
20.000	6.466	4.467	10.154	-97.290	-0.011
20.000	6.467	4.463	10.154	-97.365	-0.011
20.000	6.466	4.473	10.154	-97.279	-0.011
20.000	6.463	4.478	10.166	-97.262	-0.011
20.000	6.464	4.464	10.153	-97.352	-0.011
20.000	6.461	4.468	10.165	-97.294	-0.011
20.000	6.468	4.478	10.158	-97.299	-0.011
10.000	0.190	-0.042	10.035	-98.539	-0.011
10.000	0.196	-0.034	10.032	-98.602	-0.011
10.000	0.197	-0.036	10.031	-98.672	-0.011
10.000	0.195	-0.038	10.031	-98.641	-0.011
10.000	0.198	-0.039	10.031	-98.625	-0.011
10.000	0.197	-0.041	10.027	-98.674	-0.011
10.000	0.197	-0.035	10.032	-98.616	-0.011
10.000	0.195	-0.039	10.034	-98.571	-0.011
10.000	0.201	-0.039	10.043	-98.673	-0.011
10.000	0.196	-0.045	10.031	-98.585	-0.011
0.000	-0.023	0.020	0.008	-98.905	-0.011
0.000	-0.018	0.018	0.011	-98.882	-0.011
0.000	-0.027	0.018	0.018	-98.836	-0.011
0.000	-0.019	0.021	0.017	-98.929	-0.011
0.000	-0.017	0.014	0.021	-98.951	-0.011
0.000	-0.021	0.011	0.005	-98.898	-0.011
0.000	-0.018	0.018	0.013	-98.987	-0.011
0.000	-0.023	0.013	0.006	-98.840	-0.011
0.000	-0.018	0.016	0.012	-98.857	-0.011
0.000	-0.019	0.015	0.007	-98.828	-0.011
