%Loading Case (lbs)	F0 (lbf)	F1 (lbf)	F2 (lbf)	F3D (lbf)	LVDT (in)	%1/21/20225:24 PM
0.000	0.009	0.013	0.033	-98.972	-0.011
0.000	0.016	0.015	0.018	-98.926	-0.011
0.000	0.006	0.009	0.022	-98.841	-0.011
0.000	0.006	0.013	0.023	-98.796	-0.011
0.000	0.019	0.021	0.023	-98.921	-0.011
0.000	0.020	0.021	0.022	-98.916	-0.011
0.000	0.020	0.013	0.027	-98.853	-0.011
0.000	0.015	0.014	0.023	-98.889	-0.011
0.000	0.015	0.025	0.023	-98.874	-0.011
0.000	0.011	0.006	0.026	-98.950	-0.011
10.000	0.303	-0.231	9.971	-100.717	-0.011
10.000	0.307	-0.243	9.972	-100.744	-0.011
10.000	0.298	-0.228	9.969	-100.711	-0.011
10.000	0.303	-0.233	9.973	-100.595	-0.011
10.000	0.308	-0.232	9.977	-100.715	-0.011
10.000	0.302	-0.230	9.968	-100.678	-0.011
10.000	0.306	-0.245	9.965	-100.736	-0.011
10.000	0.302	-0.228	9.976	-100.728	-0.011
10.000	0.307	-0.236	9.973	-100.718	-0.011
10.000	0.311	-0.240	9.969	-100.703	-0.011
20.000	6.192	4.613	10.075	-100.508	-0.011
20.000	6.182	4.615	10.082	-100.503	-0.011
20.000	6.184	4.618	10.083	-100.526	-0.011
20.000	6.185	4.617	10.083	-100.459	-0.011
20.000	6.185	4.612	10.071	-100.476	-0.011
20.000	6.187	4.631	10.082	-100.473	-0.011
20.000	6.195	4.621	10.080	-100.546	-0.011
20.000	6.187	4.627	10.080	-100.576	-0.011
20.000	6.192	4.622	10.086	-100.638	-0.011
20.000	6.190	4.623	10.080	-100.538	-0.011
30.000	7.879	5.504	17.747	-92.654	-0.013
30.000	7.886	5.495	17.741	-92.742	-0.013
30.000	7.888	5.506	17.745	-92.703	-0.013
30.000	7.911	5.478	17.741	-92.624	-0.013
30.000	7.907	5.484	17.748	-92.701	-0.013
30.000	7.903	5.495	17.757	-92.560	-0.013
30.000	7.897	5.497	17.745	-92.732	-0.013
30.000	7.893	5.506	17.743	-92.514	-0.013
30.000	7.895	5.519	17.750	-92.638	-0.013
30.000	7.890	5.509	17.756	-92.752	-0.013
40.000	12.496	9.027	20.277	-84.994	-0.016
40.000	12.496	9.027	20.283	-84.840	-0.016
40.000	12.482	9.018	20.270	-84.940	-0.016
40.000	12.501	9.019	20.279	-84.950	-0.016
40.000	12.501	9.026	20.282	-84.892	-0.016
40.000	12.495	9.013	20.281	-84.967	-0.016
40.000	12.497	9.030	20.282	-84.937	-0.016
40.000	12.493	9.032	20.281	-84.950	-0.016
40.000	12.506	9.015	20.290	-84.890	-0.016
40.000	12.491	9.023	20.286	-84.845	-0.016
50.000	15.097	11.854	25.474	-71.148	-0.022
50.000	15.082	11.864	25.462	-71.195	-0.022
50.000	15.078	11.852	25.459	-71.127	-0.022
50.000	15.074	11.856	25.441	-71.186	-0.022
50.000	15.075	11.849	25.454	-71.136	-0.022
50.000	15.078	11.853	25.452	-71.182	-0.022
50.000	15.078	11.846	25.455	-71.121	-0.022
50.000	15.079	11.850	25.457	-71.214	-0.022
50.000	15.065	11.846	25.462	-71.089	-0.022
50.000	15.067	11.850	25.450	-71.067	-0.022
40.000	12.587	9.042	20.348	-81.823	-0.017
40.000	12.594	9.036	20.362	-81.918	-0.017
40.000	12.592	9.036	20.349	-81.815	-0.017
40.000	12.593	9.034	20.356	-81.952	-0.017
40.000	12.588	9.049	20.357	-81.931	-0.017
40.000	12.589	9.048	20.358	-81.858	-0.017
40.000	12.597	9.049	20.359	-81.886	-0.017
40.000	12.589	9.049	20.362	-81.929	-0.017
40.000	12.594	9.041	20.358	-81.941	-0.017
40.000	12.598	9.041	20.353	-81.974	-0.017
30.000	8.006	5.566	17.847	-89.395	-0.014
30.000	7.993	5.564	17.838	-89.438	-0.014
30.000	7.996	5.565	17.840	-89.387	-0.014
30.000	8.010	5.567	17.842	-89.471	-0.014
30.000	7.994	5.562	17.847	-89.391	-0.014
30.000	7.995	5.562	17.849	-89.367	-0.014
30.000	8.010	5.567	17.849	-89.417	-0.014
30.000	8.004	5.566	17.848	-89.480	-0.014
30.000	7.998	5.564	17.844	-89.422	-0.014
30.000	8.001	5.565	17.840	-89.341	-0.014
20.000	6.270	4.715	10.161	-97.257	-0.011
20.000	6.285	4.704	10.160	-97.307	-0.011
20.000	6.280	4.710	10.165	-97.191	-0.011
20.000	6.278	4.701	10.164	-97.216	-0.011
20.000	6.283	4.703	10.162	-97.299	-0.011
20.000	6.283	4.717	10.166	-97.344	-0.011
20.000	6.286	4.714	10.166	-97.234	-0.011
20.000	6.285	4.708	10.175	-97.294	-0.011
20.000	6.285	4.715	10.164	-97.369	-0.011
20.000	6.289	4.710	10.163	-97.300	-0.011
10.000	0.365	-0.177	10.029	-98.539	-0.011
10.000	0.369	-0.177	10.019	-98.556	-0.011
10.000	0.363	-0.177	10.015	-98.519	-0.011
10.000	0.363	-0.195	10.018	-98.540	-0.011
10.000	0.369	-0.172	10.028	-98.528	-0.011
10.000	0.365	-0.186	10.020	-98.575	-0.011
10.000	0.362	-0.189	10.018	-98.510	-0.011
10.000	0.367	-0.186	10.016	-98.468	-0.011
10.000	0.357	-0.187	10.018	-98.529	-0.011
10.000	0.353	-0.185	10.017	-98.503	-0.011
0.000	-0.025	-0.014	-0.007	-99.265	-0.011
0.000	-0.029	-0.004	-0.013	-99.205	-0.011
0.000	-0.017	-0.003	-0.003	-99.336	-0.011
0.000	-0.019	-0.003	-0.004	-99.243	-0.011
0.000	-0.019	-0.009	-0.001	-99.246	-0.011
0.000	-0.021	-0.011	-0.003	-99.311	-0.011
0.000	-0.017	-0.010	-0.005	-99.213	-0.011
0.000	-0.027	-0.016	-0.014	-99.242	-0.011
0.000	-0.025	0.008	-0.006	-99.243	-0.011
0.000	-0.021	-0.009	0.002	-99.180	-0.011
