%Loading Case (lbs)	F0 (lbf)	F1 (lbf)	F2 (lbf)	F3D (lbf)	LVDT (in)	%1/21/20225:14 PM
0.000	-0.014	-0.003	0.022	-99.476	-0.011
0.000	-0.018	0.008	0.022	-99.485	-0.011
0.000	-0.010	-0.001	0.023	-99.427	-0.011
0.000	-0.011	-0.000	0.020	-99.431	-0.011
0.000	-0.012	0.001	0.023	-99.492	-0.011
0.000	-0.009	0.002	0.022	-99.419	-0.011
0.000	-0.014	0.000	0.029	-99.455	-0.011
0.000	-0.009	0.008	0.023	-99.442	-0.011
0.000	-0.011	0.001	0.029	-99.441	-0.011
0.000	-0.006	0.008	0.030	-99.458	-0.011
10.000	-0.112	0.138	10.054	-100.854	-0.011
10.000	-0.120	0.135	10.050	-100.750	-0.011
10.000	-0.118	0.135	10.044	-100.790	-0.011
10.000	-0.124	0.144	10.055	-100.704	-0.011
10.000	-0.122	0.135	10.045	-100.650	-0.011
10.000	-0.113	0.126	10.063	-100.725	-0.011
10.000	-0.119	0.129	10.057	-100.721	-0.011
10.000	-0.112	0.111	10.051	-100.743	-0.011
10.000	-0.120	0.138	10.050	-100.746	-0.011
10.000	-0.122	0.131	10.043	-100.593	-0.011
20.000	5.373	5.338	10.161	-100.348	-0.011
20.000	5.378	5.351	10.167	-100.409	-0.011
20.000	5.367	5.338	10.159	-100.378	-0.011
20.000	5.377	5.334	10.162	-100.355	-0.011
20.000	5.371	5.331	10.154	-100.472	-0.011
20.000	5.375	5.336	10.163	-100.318	-0.011
20.000	5.365	5.331	10.163	-100.392	-0.011
20.000	5.378	5.329	10.160	-100.425	-0.011
20.000	5.373	5.334	10.159	-100.414	-0.011
20.000	5.366	5.325	10.155	-100.383	-0.011
30.000	6.717	6.661	17.819	-92.049	-0.013
30.000	6.717	6.670	17.821	-92.178	-0.013
30.000	6.714	6.661	17.822	-92.001	-0.013
30.000	6.708	6.648	17.816	-92.051	-0.013
30.000	6.711	6.650	17.821	-92.019	-0.013
30.000	6.706	6.651	17.823	-92.014	-0.013
30.000	6.705	6.653	17.818	-91.992	-0.013
30.000	6.712	6.658	17.821	-91.994	-0.013
30.000	6.707	6.656	17.822	-92.146	-0.013
30.000	6.714	6.655	17.819	-92.084	-0.013
40.000	10.535	10.907	20.304	-85.112	-0.016
40.000	10.541	10.902	20.311	-85.183	-0.016
40.000	10.534	10.894	20.311	-85.268	-0.016
40.000	10.540	10.893	20.314	-85.247	-0.016
40.000	10.533	10.895	20.309	-85.226	-0.016
40.000	10.542	10.895	20.307	-85.159	-0.016
40.000	10.536	10.897	20.297	-85.250	-0.016
40.000	10.540	10.891	20.301	-85.132	-0.016
40.000	10.538	10.899	20.316	-85.215	-0.016
40.000	10.542	10.899	20.318	-85.157	-0.016
50.000	13.051	13.787	25.490	-71.078	-0.022
50.000	13.045	13.782	25.488	-71.123	-0.022
50.000	13.040	13.787	25.480	-71.111	-0.022
50.000	13.050	13.786	25.489	-71.159	-0.022
50.000	13.050	13.786	25.497	-71.095	-0.022
50.000	13.050	13.793	25.484	-71.071	-0.022
50.000	13.056	13.799	25.490	-71.165	-0.022
50.000	13.050	13.786	25.490	-71.040	-0.022
50.000	13.041	13.791	25.487	-71.046	-0.022
50.000	13.046	13.792	25.491	-71.082	-0.022
40.000	10.633	10.924	20.381	-81.969	-0.017
40.000	10.636	10.912	20.375	-82.021	-0.017
40.000	10.636	10.921	20.382	-82.040	-0.017
40.000	10.642	10.918	20.378	-82.109	-0.017
40.000	10.630	10.914	20.383	-82.022	-0.017
40.000	10.639	10.911	20.389	-82.053	-0.017
40.000	10.634	10.901	20.379	-82.071	-0.017
40.000	10.634	10.923	20.377	-82.009	-0.017
40.000	10.647	10.919	20.390	-82.107	-0.017
40.000	10.642	10.917	20.377	-81.998	-0.017
30.000	6.770	6.648	17.864	-89.645	-0.014
30.000	6.773	6.653	17.869	-89.717	-0.014
30.000	6.775	6.650	17.871	-89.660	-0.014
30.000	6.777	6.660	17.871	-89.716	-0.014
30.000	6.767	6.661	17.859	-89.591	-0.014
30.000	6.772	6.654	17.868	-89.687	-0.014
30.000	6.774	6.666	17.871	-89.639	-0.014
30.000	6.786	6.660	17.872	-89.780	-0.014
30.000	6.773	6.655	17.866	-89.696	-0.014
30.000	6.773	6.647	17.867	-89.698	-0.014
20.000	5.442	5.392	10.218	-98.124	-0.011
20.000	5.455	5.388	10.227	-98.206	-0.011
20.000	5.454	5.390	10.228	-98.225	-0.011
20.000	5.441	5.397	10.223	-98.172	-0.011
20.000	5.451	5.395	10.220	-98.160	-0.011
20.000	5.453	5.395	10.232	-98.166	-0.011
20.000	5.453	5.390	10.225	-98.216	-0.011
20.000	5.449	5.392	10.224	-98.148	-0.011
20.000	5.461	5.397	10.231	-98.180	-0.011
20.000	5.455	5.404	10.226	-98.208	-0.011
10.000	-0.073	0.148	10.072	-99.324	-0.011
10.000	-0.082	0.156	10.075	-99.254	-0.011
10.000	-0.078	0.147	10.076	-99.166	-0.011
10.000	-0.077	0.150	10.072	-99.316	-0.011
10.000	-0.074	0.153	10.070	-99.173	-0.011
10.000	-0.074	0.141	10.083	-99.283	-0.011
10.000	-0.079	0.160	10.080	-99.281	-0.011
10.000	-0.074	0.147	10.075	-99.265	-0.011
10.000	-0.073	0.156	10.073	-99.240	-0.011
10.000	-0.071	0.164	10.070	-99.310	-0.011
0.000	-0.045	-0.007	0.001	-99.663	-0.010
0.000	-0.043	-0.013	-0.000	-99.712	-0.010
0.000	-0.045	-0.007	0.007	-99.721	-0.010
0.000	-0.046	-0.012	0.002	-99.700	-0.010
0.000	-0.043	-0.009	-0.002	-99.687	-0.010
0.000	-0.044	-0.005	0.001	-99.732	-0.010
0.000	-0.043	-0.005	0.003	-99.719	-0.010
0.000	-0.044	-0.011	0.002	-99.749	-0.010
0.000	-0.034	0.002	0.007	-99.713	-0.010
0.000	-0.036	-0.011	0.006	-99.792	-0.010
