%Loading Case (lbs)	F0 (lbf)	F1 (lbf)	F2 (lbf)	F3D (lbf)	LVDT (in)	%1/21/20225:22 PM
0.000	-0.010	0.055	0.010	-99.173	-0.011
0.000	-0.006	0.062	0.013	-99.226	-0.011
0.000	0.004	-0.007	0.014	-99.329	-0.011
0.000	-0.005	0.017	0.017	-99.269	-0.011
0.000	-0.009	-0.011	0.015	-99.341	-0.011
0.000	-0.006	0.040	0.015	-99.278	-0.011
0.000	-0.010	0.051	0.022	-99.228	-0.011
0.000	-0.006	-0.017	0.015	-99.278	-0.011
0.000	-0.004	-0.000	0.011	-99.254	-0.011
0.000	-0.008	0.004	0.011	-99.218	-0.011
10.000	0.976	-0.908	10.036	-100.372	-0.011
10.000	0.982	-0.907	10.032	-100.263	-0.011
10.000	0.996	-0.917	10.047	-100.449	-0.011
10.000	0.981	-0.912	10.036	-100.463	-0.011
10.000	0.989	-0.915	10.031	-100.402	-0.011
10.000	0.986	-0.913	10.028	-100.417	-0.011
10.000	0.984	-0.924	10.032	-100.383	-0.011
10.000	0.988	-0.906	10.040	-100.330	-0.011
10.000	0.994	-0.902	10.030	-100.341	-0.011
10.000	0.984	-0.915	10.027	-100.302	-0.011
20.000	7.228	3.590	10.143	-100.145	-0.011
20.000	7.223	3.580	10.139	-100.178	-0.011
20.000	7.229	3.587	10.144	-100.230	-0.011
20.000	7.222	3.584	10.139	-100.228	-0.011
20.000	7.220	3.585	10.147	-100.084	-0.011
20.000	7.221	3.581	10.136	-100.148	-0.011
20.000	7.228	3.584	10.147	-100.143	-0.011
20.000	7.219	3.588	10.138	-100.100	-0.011
20.000	7.221	3.584	10.144	-100.120	-0.011
20.000	7.222	3.582	10.145	-100.139	-0.011
30.000	8.856	4.586	17.752	-92.428	-0.014
30.000	8.859	4.594	17.756	-92.378	-0.014
30.000	8.865	4.592	17.744	-92.418	-0.014
30.000	8.860	4.577	17.740	-92.380	-0.014
30.000	8.854	4.580	17.746	-92.406	-0.014
30.000	8.857	4.586	17.746	-92.330	-0.014
30.000	8.855	4.590	17.738	-92.474	-0.014
30.000	8.863	4.594	17.751	-92.469	-0.014
30.000	8.854	4.588	17.745	-92.308	-0.014
30.000	8.853	4.585	17.740	-92.331	-0.014
40.000	13.290	8.210	20.277	-84.929	-0.016
40.000	13.294	8.223	20.273	-84.881	-0.016
40.000	13.297	8.231	20.275	-84.925	-0.016
40.000	13.301	8.229	20.285	-85.024	-0.016
40.000	13.294	8.225	20.269	-84.990	-0.016
40.000	13.289	8.216	20.272	-84.960	-0.016
40.000	13.286	8.216	20.274	-84.929	-0.016
40.000	13.285	8.226	20.277	-84.944	-0.016
40.000	13.288	8.221	20.276	-84.859	-0.016
40.000	13.300	8.205	20.277	-84.976	-0.016
50.000	16.109	10.843	25.415	-70.454	-0.023
50.000	16.174	10.797	25.426	-70.305	-0.023
50.000	16.237	10.731	25.430	-70.341	-0.023
50.000	16.177	10.801	25.437	-70.380	-0.023
50.000	16.206	10.765	25.431	-70.349	-0.023
50.000	16.209	10.754	25.423	-70.382	-0.023
50.000	16.182	10.771	25.419	-70.355	-0.023
50.000	16.198	10.761	25.420	-70.326	-0.023
50.000	16.204	10.763	25.423	-70.415	-0.023
50.000	16.190	10.771	25.425	-70.274	-0.023
40.000	13.410	8.221	20.356	-81.714	-0.017
40.000	13.408	8.214	20.359	-81.744	-0.017
40.000	13.401	8.225	20.348	-81.742	-0.017
40.000	13.403	8.205	20.357	-81.688	-0.017
40.000	13.406	8.227	20.349	-81.684	-0.017
40.000	13.398	8.205	20.352	-81.688	-0.017
40.000	13.409	8.222	20.353	-81.633	-0.017
40.000	13.402	8.207	20.357	-81.725	-0.017
40.000	13.409	8.223	20.353	-81.706	-0.017
40.000	13.405	8.217	20.350	-81.740	-0.017
30.000	8.956	4.634	17.819	-89.190	-0.014
30.000	8.957	4.636	17.820	-89.249	-0.014
30.000	8.956	4.632	17.828	-89.312	-0.014
30.000	8.956	4.632	17.820	-89.276	-0.014
30.000	8.948	4.630	17.820	-89.197	-0.014
30.000	8.961	4.644	17.825	-89.281	-0.014
30.000	8.963	4.631	17.832	-89.284	-0.014
30.000	8.946	4.634	17.830	-89.188	-0.014
30.000	8.948	4.637	17.824	-89.284	-0.014
30.000	8.953	4.642	17.821	-89.285	-0.014
20.000	7.310	3.637	10.216	-97.226	-0.012
20.000	7.314	3.636	10.218	-97.253	-0.012
20.000	7.319	3.639	10.214	-97.272	-0.012
20.000	7.310	3.634	10.210	-97.334	-0.012
20.000	7.300	3.638	10.215	-97.274	-0.012
20.000	7.312	3.638	10.210	-97.161	-0.012
20.000	7.301	3.634	10.206	-97.266	-0.012
20.000	7.316	3.635	10.212	-97.291	-0.012
20.000	7.312	3.625	10.210	-97.273	-0.012
20.000	7.302	3.631	10.206	-97.320	-0.012
10.000	1.029	-0.924	10.056	-98.877	-0.011
10.000	1.034	-0.920	10.056	-98.869	-0.011
10.000	1.033	-0.922	10.057	-98.934	-0.011
10.000	1.027	-0.921	10.055	-98.913	-0.011
10.000	1.029	-0.916	10.060	-98.902	-0.011
10.000	1.028	-0.908	10.055	-98.886	-0.011
10.000	1.020	-0.919	10.055	-98.793	-0.011
10.000	1.033	-0.916	10.062	-98.920	-0.011
10.000	1.026	-0.915	10.054	-98.883	-0.011
10.000	1.027	-0.909	10.053	-98.797	-0.011
0.000	0.005	0.009	0.014	-98.861	-0.011
0.000	0.004	0.009	0.022	-98.920	-0.011
0.000	0.017	0.017	0.016	-98.981	-0.011
0.000	0.007	0.008	0.022	-98.908	-0.011
0.000	0.005	0.002	0.019	-98.896	-0.011
0.000	0.009	0.018	0.020	-98.869	-0.011
0.000	0.001	0.010	0.014	-98.912	-0.011
0.000	0.008	-0.005	0.018	-98.866	-0.011
0.000	0.009	0.027	0.022	-98.889	-0.011
0.000	0.005	0.015	0.019	-98.826	-0.011
