%Loading Case (lbs)	F0 (lbf)	F1 (lbf)	F2 (lbf)	F3D (lbf)	LVDT (in)	%1/21/20225:30 PM
0.000	-0.017	0.006	0.010	-99.023	-0.011
0.000	-0.021	0.014	0.011	-98.976	-0.011
0.000	-0.018	0.020	0.016	-98.953	-0.011
0.000	-0.020	0.011	0.016	-98.919	-0.011
0.000	-0.019	0.018	0.011	-98.973	-0.011
0.000	-0.012	0.013	0.018	-98.913	-0.011
0.000	-0.024	0.013	0.011	-98.996	-0.011
0.000	-0.020	0.008	0.012	-99.010	-0.011
0.000	-0.023	0.013	0.012	-98.914	-0.011
0.000	-0.022	0.027	0.017	-98.946	-0.011
10.000	0.274	-0.198	10.016	-100.509	-0.011
10.000	0.272	-0.206	10.014	-100.458	-0.011
10.000	0.265	-0.210	10.006	-100.447	-0.011
10.000	0.273	-0.208	10.013	-100.495	-0.011
10.000	0.275	-0.199	10.011	-100.419	-0.011
10.000	0.268	-0.202	10.019	-100.469	-0.011
10.000	0.278	-0.205	10.018	-100.453	-0.011
10.000	0.282	-0.208	10.004	-100.418	-0.011
10.000	0.276	-0.205	10.010	-100.529	-0.011
10.000	0.270	-0.216	10.012	-100.395	-0.011
20.000	6.426	4.329	10.149	-100.217	-0.011
20.000	6.427	4.333	10.146	-100.109	-0.011
20.000	6.424	4.333	10.150	-100.105	-0.011
20.000	6.432	4.328	10.142	-100.225	-0.011
20.000	6.428	4.333	10.151	-100.175	-0.011
20.000	6.432	4.331	10.147	-100.211	-0.011
20.000	6.430	4.330	10.154	-100.205	-0.011
20.000	6.427	4.318	10.137	-100.160	-0.011
20.000	6.421	4.326	10.151	-100.147	-0.011
20.000	6.428	4.316	10.138	-100.175	-0.011
30.000	8.917	4.486	17.696	-93.075	-0.013
30.000	8.911	4.500	17.698	-93.204	-0.013
30.000	8.912	4.483	17.686	-93.102	-0.013
30.000	8.914	4.494	17.694	-93.164	-0.013
30.000	8.918	4.500	17.694	-93.196	-0.013
30.000	8.922	4.499	17.689	-93.252	-0.013
30.000	8.918	4.496	17.696	-93.114	-0.013
30.000	8.918	4.493	17.687	-93.119	-0.013
30.000	8.921	4.496	17.697	-93.189	-0.013
30.000	8.917	4.500	17.698	-93.121	-0.013
40.000	13.298	8.288	20.195	-84.669	-0.016
40.000	13.295	8.280	20.201	-84.661	-0.016
40.000	13.284	8.278	20.187	-84.690	-0.016
40.000	13.293	8.265	20.204	-84.620	-0.016
40.000	13.299	8.278	20.200	-84.745	-0.016
40.000	13.291	8.271	20.193	-84.691	-0.016
40.000	13.289	8.269	20.192	-84.633	-0.016
40.000	13.297	8.270	20.197	-84.781	-0.016
40.000	13.283	8.286	20.189	-84.679	-0.016
40.000	13.295	8.272	20.201	-84.722	-0.016
50.000	16.294	10.700	25.245	-72.159	-0.022
50.000	16.303	10.700	25.248	-72.287	-0.022
50.000	16.308	10.703	25.255	-72.110	-0.022
50.000	16.302	10.718	25.256	-72.143	-0.022
50.000	16.307	10.722	25.256	-72.153	-0.022
50.000	16.302	10.717	25.263	-72.196	-0.022
50.000	16.301	10.712	25.257	-72.249	-0.022
50.000	16.302	10.701	25.251	-72.169	-0.022
50.000	16.302	10.713	25.256	-72.181	-0.022
50.000	16.306	10.702	25.250	-72.112	-0.022
40.000	13.379	8.269	20.254	-82.927	-0.017
40.000	13.365	8.286	20.262	-82.950	-0.017
40.000	13.361	8.290	20.252	-82.898	-0.017
40.000	13.364	8.282	20.240	-82.872	-0.017
40.000	13.368	8.287	20.253	-82.881	-0.017
40.000	13.360	8.277	20.243	-82.860	-0.017
40.000	13.375	8.288	20.246	-82.895	-0.017
40.000	13.362	8.278	20.236	-82.922	-0.017
40.000	13.357	8.269	20.237	-82.958	-0.017
40.000	13.373	8.291	20.254	-83.013	-0.017
30.000	9.031	4.488	17.775	-89.910	-0.014
30.000	9.019	4.476	17.763	-89.990	-0.014
30.000	9.026	4.480	17.762	-89.950	-0.014
30.000	9.021	4.486	17.761	-90.038	-0.014
30.000	9.022	4.488	17.762	-89.959	-0.014
30.000	9.027	4.486	17.771	-89.968	-0.014
30.000	9.022	4.486	17.770	-89.937	-0.014
30.000	9.022	4.482	17.750	-89.963	-0.014
30.000	9.028	4.484	17.770	-90.064	-0.014
30.000	9.026	4.485	17.769	-89.953	-0.014
20.000	6.451	4.360	10.175	-97.997	-0.011
20.000	6.446	4.364	10.177	-97.949	-0.011
20.000	6.445	4.344	10.175	-98.052	-0.011
20.000	6.455	4.366	10.182	-97.935	-0.011
20.000	6.453	4.367	10.176	-97.951	-0.011
20.000	6.462	4.367	10.175	-98.012	-0.011
20.000	6.453	4.361	10.180	-97.923	-0.011
20.000	6.462	4.354	10.174	-97.962	-0.011
20.000	6.456	4.369	10.181	-97.910	-0.011
20.000	6.459	4.361	10.180	-97.938	-0.011
10.000	0.289	-0.181	10.027	-98.887	-0.011
10.000	0.278	-0.173	10.039	-98.873	-0.011
10.000	0.279	-0.173	10.032	-98.884	-0.011
10.000	0.289	-0.161	10.045	-98.914	-0.011
10.000	0.295	-0.160	10.048	-98.954	-0.011
10.000	0.291	-0.162	10.042	-98.984	-0.011
10.000	0.286	-0.168	10.035	-98.806	-0.011
10.000	0.287	-0.172	10.033	-98.967	-0.011
10.000	0.287	-0.170	10.038	-98.915	-0.011
10.000	0.289	-0.167	10.044	-98.912	-0.011
0.000	-0.028	0.017	0.011	-98.767	-0.011
0.000	-0.019	0.009	0.005	-98.876	-0.011
0.000	-0.020	0.017	0.004	-98.827	-0.011
0.000	-0.033	0.002	-0.000	-98.881	-0.011
0.000	-0.038	0.022	0.001	-98.815	-0.011
0.000	-0.034	0.007	-0.002	-98.843	-0.011
0.000	-0.027	0.007	-0.001	-98.842	-0.011
0.000	-0.026	0.011	0.001	-98.890	-0.011
0.000	-0.023	0.015	0.013	-98.836	-0.011
0.000	-0.035	0.011	0.009	-98.906	-0.011
