%Loading Case (lbs)	F0 (lbf)	F1 (lbf)	F2 (lbf)	F3D (lbf)	LVDT (in)	%1/21/20225:11 PM
0.000	-0.033	-0.022	0.002	-99.612	-0.011
0.000	-0.044	-0.021	-0.004	-99.670	-0.011
0.000	-0.032	-0.025	-0.006	-99.598	-0.011
0.000	-0.032	-0.017	0.003	-99.548	-0.011
0.000	-0.030	-0.030	0.006	-99.564	-0.011
0.000	-0.036	-0.010	-0.003	-99.607	-0.011
0.000	-0.033	-0.018	0.005	-99.528	-0.011
0.000	-0.033	-0.028	-0.000	-99.572	-0.011
0.000	-0.032	-0.021	-0.002	-99.544	-0.011
0.000	-0.032	-0.029	0.001	-99.668	-0.011
10.000	0.469	-0.460	10.025	-100.746	-0.011
10.000	0.424	-0.412	10.012	-100.688	-0.011
10.000	0.446	-0.436	10.020	-100.608	-0.011
10.000	0.436	-0.433	10.022	-100.659	-0.011
10.000	0.437	-0.440	10.015	-100.637	-0.011
10.000	0.443	-0.442	10.020	-100.715	-0.011
10.000	0.442	-0.431	10.024	-100.738	-0.011
10.000	0.446	-0.426	10.016	-100.734	-0.011
10.000	0.448	-0.438	10.017	-100.693	-0.011
10.000	0.443	-0.433	10.025	-100.737	-0.011
20.000	6.763	3.975	10.157	-100.479	-0.011
20.000	6.758	3.973	10.157	-100.406	-0.011
20.000	6.754	3.959	10.152	-100.472	-0.011
20.000	6.758	3.973	10.154	-100.471	-0.011
20.000	6.766	3.975	10.161	-100.479	-0.011
20.000	6.762	3.980	10.151	-100.361	-0.011
20.000	6.756	3.975	10.152	-100.356	-0.011
20.000	6.761	3.973	10.163	-100.424	-0.011
20.000	6.762	3.976	10.154	-100.392	-0.011
20.000	6.758	3.970	10.158	-100.415	-0.011
30.000	7.856	5.501	17.803	-92.550	-0.013
30.000	7.862	5.514	17.800	-92.541	-0.013
30.000	7.861	5.512	17.805	-92.516	-0.013
30.000	7.863	5.492	17.806	-92.583	-0.013
30.000	7.866	5.507	17.807	-92.571	-0.013
30.000	7.866	5.519	17.808	-92.557	-0.013
30.000	7.860	5.511	17.801	-92.576	-0.013
30.000	7.863	5.497	17.802	-92.594	-0.013
30.000	7.862	5.513	17.802	-92.480	-0.013
30.000	7.865	5.509	17.804	-92.480	-0.013
40.000	11.952	9.525	20.338	-84.886	-0.016
40.000	11.947	9.528	20.335	-84.915	-0.016
40.000	11.948	9.522	20.338	-84.916	-0.016
40.000	11.952	9.516	20.335	-84.873	-0.016
40.000	11.948	9.520	20.336	-84.863	-0.016
40.000	11.954	9.524	20.343	-84.943	-0.016
40.000	11.955	9.528	20.336	-84.866	-0.016
40.000	11.953	9.528	20.333	-84.901	-0.016
40.000	11.945	9.510	20.330	-84.791	-0.016
40.000	11.938	9.516	20.339	-84.833	-0.016
50.000	14.371	12.484	25.484	-71.594	-0.022
50.000	14.378	12.497	25.482	-71.494	-0.022
50.000	14.384	12.488	25.497	-71.564	-0.022
50.000	14.370	12.499	25.495	-71.462	-0.022
50.000	14.373	12.487	25.476	-71.512	-0.022
50.000	14.373	12.490	25.481	-71.511	-0.022
50.000	14.386	12.497	25.483	-71.590	-0.022
50.000	14.372	12.496	25.489	-71.622	-0.022
50.000	14.368	12.490	25.475	-71.504	-0.022
50.000	14.368	12.485	25.481	-71.488	-0.022
40.000	12.025	9.501	20.388	-82.377	-0.017
40.000	12.028	9.516	20.396	-82.271	-0.017
40.000	12.017	9.508	20.401	-82.244	-0.017
40.000	12.025	9.514	20.397	-82.322	-0.017
40.000	12.024	9.511	20.402	-82.344	-0.017
40.000	12.030	9.530	20.396	-82.354	-0.017
40.000	12.028	9.511	20.397	-82.325	-0.017
40.000	12.026	9.501	20.392	-82.264	-0.017
40.000	12.032	9.515	20.409	-82.369	-0.017
40.000	12.029	9.506	20.387	-82.371	-0.017
30.000	7.933	5.510	17.861	-89.911	-0.014
30.000	7.940	5.511	17.860	-89.883	-0.014
30.000	7.938	5.518	17.859	-89.897	-0.014
30.000	7.940	5.512	17.870	-89.866	-0.014
30.000	7.934	5.506	17.866	-89.873	-0.014
30.000	7.937	5.524	17.868	-89.877	-0.014
30.000	7.951	5.509	17.869	-89.893	-0.014
30.000	7.942	5.524	17.879	-89.887	-0.014
30.000	7.945	5.520	17.876	-89.916	-0.014
30.000	7.944	5.511	17.871	-89.948	-0.014
20.000	6.845	4.060	10.238	-97.514	-0.011
20.000	6.845	4.059	10.235	-97.586	-0.011
20.000	6.846	4.062	10.225	-97.448	-0.011
20.000	6.846	4.064	10.239	-97.493	-0.011
20.000	6.845	4.063	10.237	-97.507	-0.011
20.000	6.852	4.067	10.238	-97.556	-0.011
20.000	6.846	4.070	10.238	-97.556	-0.011
20.000	6.848	4.053	10.229	-97.470	-0.011
20.000	6.843	4.067	10.227	-97.481	-0.011
20.000	6.842	4.064	10.236	-97.554	-0.011
10.000	0.520	-0.371	10.082	-98.687	-0.011
10.000	0.517	-0.368	10.086	-98.705	-0.011
10.000	0.525	-0.368	10.082	-98.585	-0.011
10.000	0.519	-0.372	10.092	-98.595	-0.011
10.000	0.517	-0.364	10.086	-98.596	-0.011
10.000	0.527	-0.373	10.089	-98.707	-0.011
10.000	0.531	-0.367	10.096	-98.775	-0.011
10.000	0.526	-0.377	10.095	-98.721	-0.011
10.000	0.523	-0.371	10.086	-98.689	-0.011
10.000	0.525	-0.377	10.085	-98.700	-0.011
0.000	-0.014	-0.005	0.026	-99.489	-0.011
0.000	-0.016	0.006	0.027	-99.512	-0.011
0.000	-0.014	0.011	0.025	-99.465	-0.011
0.000	-0.016	0.004	0.024	-99.430	-0.011
0.000	-0.007	0.006	0.022	-99.507	-0.011
0.000	-0.008	-0.005	0.028	-99.533	-0.011
0.000	-0.000	-0.004	0.030	-99.539	-0.011
0.000	-0.009	0.002	0.028	-99.517	-0.011
0.000	-0.017	0.000	0.017	-99.546	-0.011
0.000	-0.009	0.002	0.028	-99.465	-0.011
