%Loading Case (lbs)	F0 (lbf)	F1 (lbf)	F2 (lbf)	F3D (lbf)	LVDT (in)	%1/21/20225:08 PM
0.000	-0.017	-0.015	0.014	-99.494	-0.011
0.000	-0.010	-0.021	0.006	-99.423	-0.011
0.000	-0.012	-0.008	0.007	-99.467	-0.011
0.000	-0.018	-0.011	0.005	-99.345	-0.010
0.000	-0.015	-0.015	0.009	-99.433	-0.010
0.000	-0.006	-0.017	0.006	-99.395	-0.010
0.000	-0.012	-0.018	0.012	-99.470	-0.010
0.000	-0.000	-0.006	0.022	-99.438	-0.010
0.000	-0.008	-0.010	0.009	-99.425	-0.010
0.000	-0.006	-0.011	0.008	-99.425	-0.010
10.000	-0.049	0.127	9.999	-99.712	-0.011
10.000	-0.054	0.120	10.010	-99.768	-0.011
10.000	-0.044	0.123	10.009	-99.714	-0.011
10.000	-0.040	0.125	10.005	-99.668	-0.011
10.000	-0.045	0.125	10.006	-99.766	-0.011
10.000	-0.039	0.120	10.011	-99.764	-0.011
10.000	-0.046	0.125	10.006	-99.751	-0.011
10.000	-0.042	0.121	10.001	-99.758	-0.011
10.000	-0.055	0.126	10.001	-99.684	-0.011
10.000	-0.043	0.126	10.004	-99.724	-0.011
20.000	5.711	5.072	10.129	-99.489	-0.011
20.000	5.711	5.081	10.127	-99.506	-0.011
20.000	5.722	5.085	10.124	-99.380	-0.011
20.000	5.721	5.078	10.133	-99.489	-0.011
20.000	5.720	5.069	10.126	-99.444	-0.011
20.000	5.711	5.072	10.126	-99.502	-0.011
20.000	5.712	5.075	10.131	-99.439	-0.011
20.000	5.707	5.070	10.121	-99.478	-0.011
20.000	5.705	5.073	10.123	-99.424	-0.011
20.000	5.710	5.068	10.129	-99.392	-0.011
30.000	6.994	6.472	17.724	-92.327	-0.013
30.000	6.992	6.462	17.723	-92.439	-0.013
30.000	6.985	6.464	17.727	-92.244	-0.013
30.000	6.990	6.462	17.720	-92.409	-0.013
30.000	6.989	6.466	17.727	-92.413	-0.013
30.000	6.985	6.470	17.722	-92.334	-0.013
30.000	6.995	6.471	17.725	-92.328	-0.013
30.000	6.990	6.460	17.728	-92.251	-0.013
30.000	6.983	6.468	17.726	-92.330	-0.013
30.000	6.984	6.459	17.713	-92.379	-0.013
40.000	10.871	10.712	20.256	-84.587	-0.016
40.000	10.860	10.702	20.249	-84.510	-0.016
40.000	10.863	10.686	20.263	-84.553	-0.016
40.000	10.865	10.706	20.258	-84.529	-0.016
40.000	10.863	10.710	20.255	-84.533	-0.016
40.000	10.863	10.704	20.256	-84.553	-0.016
40.000	10.867	10.709	20.254	-84.471	-0.016
40.000	10.859	10.703	20.258	-84.469	-0.016
40.000	10.855	10.699	20.257	-84.501	-0.016
40.000	10.863	10.700	20.260	-84.556	-0.016
50.000	13.457	13.555	25.378	-70.987	-0.022
50.000	13.455	13.567	25.377	-70.999	-0.022
50.000	13.482	13.532	25.391	-70.928	-0.022
50.000	13.469	13.553	25.379	-70.992	-0.022
50.000	13.468	13.554	25.381	-71.026	-0.022
50.000	13.465	13.559	25.380	-71.027	-0.022
50.000	13.463	13.557	25.379	-71.009	-0.022
50.000	13.463	13.545	25.374	-70.957	-0.022
50.000	13.461	13.534	25.376	-70.976	-0.022
50.000	13.447	13.559	25.366	-70.944	-0.022
40.000	10.928	10.692	20.294	-81.746	-0.017
40.000	10.927	10.711	20.299	-81.791	-0.017
40.000	10.920	10.688	20.298	-81.744	-0.017
40.000	10.926	10.689	20.299	-81.713	-0.017
40.000	10.923	10.696	20.293	-81.734	-0.017
40.000	10.922	10.707	20.300	-81.834	-0.017
40.000	10.931	10.712	20.299	-81.748	-0.017
40.000	10.938	10.694	20.298	-81.774	-0.017
40.000	10.935	10.694	20.306	-81.806	-0.017
40.000	10.927	10.699	20.304	-81.806	-0.017
30.000	7.083	6.470	17.775	-89.194	-0.014
30.000	7.081	6.453	17.788	-89.179	-0.014
30.000	7.080	6.463	17.783	-89.161	-0.014
30.000	7.085	6.460	17.787	-89.233	-0.014
30.000	7.078	6.457	17.783	-89.191	-0.014
30.000	7.072	6.460	17.778	-89.174	-0.014
30.000	7.074	6.455	17.777	-89.148	-0.014
30.000	7.071	6.444	17.782	-89.164	-0.014
30.000	7.071	6.462	17.780	-89.244	-0.014
30.000	7.069	6.461	17.772	-89.202	-0.014
20.000	5.749	5.136	10.182	-97.482	-0.011
20.000	5.748	5.129	10.174	-97.476	-0.011
20.000	5.750	5.144	10.177	-97.568	-0.011
20.000	5.748	5.138	10.174	-97.443	-0.011
20.000	5.758	5.147	10.177	-97.461	-0.011
20.000	5.751	5.143	10.188	-97.457	-0.011
20.000	5.752	5.136	10.185	-97.499	-0.011
20.000	5.750	5.139	10.174	-97.437	-0.011
20.000	5.749	5.138	10.181	-97.467	-0.011
20.000	5.744	5.140	10.180	-97.495	-0.011
10.000	-0.027	0.171	10.033	-98.874	-0.011
10.000	-0.027	0.171	10.030	-98.857	-0.011
10.000	-0.033	0.162	10.038	-98.911	-0.011
10.000	-0.028	0.151	10.027	-98.957	-0.011
10.000	-0.039	0.160	10.016	-98.855	-0.011
10.000	-0.028	0.160	10.026	-98.929	-0.011
10.000	-0.038	0.151	10.028	-98.876	-0.011
10.000	-0.038	0.159	10.021	-98.883	-0.011
10.000	-0.038	0.149	10.023	-98.940	-0.011
10.000	-0.041	0.165	10.019	-98.899	-0.011
0.000	-0.035	-0.032	0.003	-99.585	-0.011
0.000	-0.035	-0.033	-0.001	-99.628	-0.011
0.000	-0.037	-0.028	-0.007	-99.596	-0.011
0.000	-0.030	-0.036	-0.006	-99.628	-0.011
0.000	-0.041	-0.037	0.001	-99.678	-0.011
0.000	-0.041	-0.030	-0.006	-99.606	-0.011
0.000	-0.039	-0.030	-0.005	-99.653	-0.011
0.000	-0.041	-0.034	-0.002	-99.583	-0.011
0.000	-0.034	-0.023	-0.004	-99.566	-0.011
0.000	-0.032	-0.034	0.004	-99.660	-0.011
