%Loading Case (lbs)	F0 (lbf)	F1 (lbf)	F2 (lbf)	F3D (lbf)	LVDT (in)	%1/21/20225:25 PM
0.000	-0.018	-0.012	-0.014	-99.246	-0.011
0.000	-0.018	-0.015	-0.006	-99.216	-0.011
0.000	-0.026	-0.017	-0.017	-99.230	-0.011
0.000	-0.020	-0.010	-0.008	-99.292	-0.011
0.000	-0.026	-0.005	-0.010	-99.269	-0.011
0.000	-0.025	-0.010	-0.008	-99.193	-0.011
0.000	-0.019	-0.011	-0.007	-99.306	-0.011
0.000	-0.019	-0.010	-0.014	-99.263	-0.011
0.000	-0.017	-0.006	-0.009	-99.246	-0.011
0.000	-0.011	-0.002	-0.000	-99.220	-0.011
10.000	0.002	0.089	10.002	-100.570	-0.011
10.000	-0.000	0.087	10.001	-100.401	-0.011
10.000	-0.000	0.087	9.999	-100.365	-0.011
10.000	-0.004	0.085	10.000	-100.521	-0.011
10.000	-0.005	0.084	9.997	-100.423	-0.011
10.000	0.001	0.083	9.989	-100.488	-0.011
10.000	-0.001	0.088	9.995	-100.406	-0.011
10.000	0.003	0.090	9.998	-100.448	-0.011
10.000	0.005	0.102	10.012	-100.413	-0.011
10.000	0.009	0.093	9.999	-100.495	-0.011
20.000	5.864	4.920	10.090	-100.271	-0.011
20.000	5.858	4.942	10.096	-100.210	-0.011
20.000	5.869	4.933	10.094	-100.176	-0.011
20.000	5.855	4.931	10.094	-100.166	-0.011
20.000	5.849	4.934	10.095	-100.120	-0.011
20.000	5.863	4.937	10.100	-100.163	-0.011
20.000	5.871	4.943	10.103	-100.264	-0.011
20.000	5.867	4.946	10.101	-100.220	-0.011
20.000	5.874	4.939	10.111	-100.168	-0.011
20.000	5.869	4.928	10.107	-100.216	-0.011
30.000	6.757	6.759	17.712	-91.688	-0.013
30.000	6.755	6.758	17.714	-91.640	-0.013
30.000	6.750	6.762	17.709	-91.677	-0.013
30.000	6.751	6.758	17.704	-91.646	-0.013
30.000	6.749	6.765	17.721	-91.609	-0.013
30.000	6.750	6.758	17.713	-91.685	-0.013
30.000	6.752	6.763	17.705	-91.611	-0.013
30.000	6.752	6.767	17.709	-91.700	-0.013
30.000	6.764	6.766	17.711	-91.611	-0.013
30.000	6.751	6.758	17.711	-91.582	-0.013
40.000	10.897	10.724	20.201	-84.430	-0.016
40.000	10.899	10.726	20.202	-84.444	-0.016
40.000	10.897	10.715	20.211	-84.323	-0.016
40.000	10.907	10.731	20.217	-84.291	-0.016
40.000	10.895	10.723	20.202	-84.292	-0.016
40.000	10.898	10.732	20.213	-84.409	-0.016
40.000	10.890	10.718	20.198	-84.378	-0.016
40.000	10.897	10.730	20.200	-84.362	-0.016
40.000	10.889	10.730	20.205	-84.391	-0.016
40.000	10.887	10.732	20.197	-84.320	-0.016
50.000	13.550	13.422	25.347	-71.847	-0.022
50.000	13.558	13.414	25.336	-71.866	-0.022
50.000	13.540	13.425	25.332	-71.829	-0.022
50.000	13.546	13.418	25.324	-71.953	-0.022
50.000	13.543	13.417	25.332	-71.939	-0.022
50.000	13.544	13.420	25.332	-71.803	-0.022
50.000	13.552	13.413	25.330	-71.804	-0.022
50.000	13.543	13.425	25.334	-71.940	-0.022
50.000	13.554	13.421	25.333	-71.891	-0.022
50.000	13.546	13.421	25.325	-71.924	-0.022
40.000	10.984	10.732	20.263	-82.484	-0.017
40.000	10.976	10.729	20.269	-82.544	-0.017
40.000	10.970	10.729	20.255	-82.510	-0.017
40.000	10.967	10.710	20.257	-82.593	-0.017
40.000	10.969	10.724	20.250	-82.541	-0.017
40.000	10.967	10.727	20.268	-82.529	-0.017
40.000	10.974	10.729	20.261	-82.539	-0.017
40.000	10.967	10.724	20.251	-82.490	-0.017
40.000	10.975	10.726	20.242	-82.546	-0.017
40.000	10.963	10.721	20.252	-82.514	-0.017
30.000	6.813	6.784	17.777	-89.287	-0.014
30.000	6.809	6.791	17.776	-89.401	-0.014
30.000	6.819	6.793	17.776	-89.331	-0.014
30.000	6.823	6.791	17.777	-89.260	-0.014
30.000	6.819	6.790	17.768	-89.339	-0.014
30.000	6.821	6.787	17.780	-89.457	-0.014
30.000	6.814	6.796	17.784	-89.488	-0.014
30.000	6.819	6.796	17.780	-89.365	-0.014
30.000	6.823	6.794	17.781	-89.438	-0.014
30.000	6.815	6.788	17.777	-89.326	-0.014
20.000	5.950	5.024	10.194	-97.266	-0.011
20.000	5.945	5.060	10.193	-97.304	-0.011
20.000	5.951	5.018	10.188	-97.312	-0.011
20.000	5.957	5.018	10.190	-97.426	-0.011
20.000	5.949	5.034	10.199	-97.288	-0.011
20.000	5.948	5.008	10.190	-97.319	-0.011
20.000	5.943	5.072	10.194	-97.270	-0.011
20.000	5.954	5.012	10.191	-97.456	-0.011
20.000	5.943	5.088	10.194	-97.200	-0.011
20.000	5.948	5.027	10.200	-97.429	-0.011
10.000	0.047	0.157	10.060	-98.243	-0.011
10.000	0.052	0.168	10.066	-98.428	-0.011
10.000	0.045	0.152	10.054	-98.279	-0.011
10.000	0.047	0.153	10.058	-98.287	-0.011
10.000	0.047	0.160	10.055	-98.366	-0.011
10.000	0.050	0.167	10.059	-98.294	-0.011
10.000	0.040	0.149	10.051	-98.268	-0.011
10.000	0.036	0.164	10.061	-98.272	-0.011
10.000	0.055	0.161	10.058	-98.370	-0.011
10.000	0.051	0.159	10.064	-98.376	-0.011
0.000	0.004	0.019	0.025	-99.313	-0.011
0.000	-0.007	0.021	0.020	-99.232	-0.011
0.000	-0.013	0.025	0.016	-99.273	-0.011
0.000	-0.010	0.016	0.019	-99.178	-0.011
0.000	-0.008	0.018	0.022	-99.226	-0.011
0.000	-0.006	0.023	0.022	-99.332	-0.011
0.000	-0.003	0.023	0.021	-99.231	-0.011
0.000	-0.006	0.024	0.025	-99.204	-0.011
0.000	-0.007	0.037	0.018	-99.294	-0.011
0.000	-0.006	0.017	0.011	-99.303	-0.011
