%Loading Case (lbs)	F0 (lbf)	F1 (lbf)	F2 (lbf)	F3D (lbf)	LVDT (in)	%1/21/20225:16 PM
0.000	0.014	-0.010	0.014	-99.837	-0.010
0.000	0.014	0.007	0.018	-99.805	-0.010
0.000	0.020	-0.003	0.017	-99.823	-0.010
0.000	0.015	-0.002	0.023	-99.803	-0.010
0.000	0.014	0.003	0.011	-99.826	-0.010
0.000	0.010	-0.008	0.013	-99.748	-0.010
0.000	0.013	-0.011	0.016	-99.862	-0.010
0.000	0.007	-0.000	0.012	-99.753	-0.010
0.000	0.010	0.006	0.016	-99.743	-0.010
0.000	0.012	-0.000	0.014	-99.723	-0.010
10.000	0.120	-0.065	10.044	-100.671	-0.011
10.000	0.108	-0.062	10.040	-100.561	-0.011
10.000	0.121	-0.057	10.040	-100.595	-0.011
10.000	0.120	-0.057	10.043	-100.610	-0.011
10.000	0.129	-0.058	10.047	-100.713	-0.011
10.000	0.124	-0.062	10.042	-100.687	-0.011
10.000	0.127	-0.050	10.045	-100.714	-0.011
10.000	0.124	-0.066	10.042	-100.723	-0.011
10.000	0.123	-0.052	10.039	-100.562	-0.011
10.000	0.123	-0.060	10.042	-100.659	-0.011
20.000	6.363	4.437	10.166	-100.448	-0.011
20.000	6.360	4.442	10.167	-100.499	-0.011
20.000	6.354	4.434	10.152	-100.442	-0.011
20.000	6.354	4.436	10.164	-100.515	-0.011
20.000	6.358	4.435	10.157	-100.377	-0.011
20.000	6.357	4.450	10.168	-100.441	-0.011
20.000	6.361	4.439	10.155	-100.484	-0.011
20.000	6.362	4.439	10.163	-100.492	-0.011
20.000	6.358	4.453	10.161	-100.453	-0.011
20.000	6.356	4.441	10.162	-100.489	-0.011
30.000	7.797	5.670	17.783	-92.284	-0.013
30.000	7.799	5.668	17.780	-92.218	-0.013
30.000	7.797	5.665	17.786	-92.225	-0.013
30.000	7.793	5.656	17.784	-92.267	-0.013
30.000	7.794	5.658	17.786	-92.233	-0.013
30.000	7.806	5.666	17.780	-92.277	-0.013
30.000	7.792	5.669	17.793	-92.219	-0.013
30.000	7.789	5.665	17.788	-92.314	-0.013
30.000	7.796	5.676	17.784	-92.133	-0.013
30.000	7.794	5.662	17.782	-92.239	-0.013
40.000	11.373	10.163	20.368	-84.118	-0.016
40.000	11.361	10.159	20.344	-84.009	-0.016
40.000	11.379	10.157	20.372	-83.966	-0.016
40.000	11.370	10.157	20.368	-84.101	-0.016
40.000	11.356	10.158	20.362	-83.999	-0.016
40.000	11.359	10.159	20.356	-84.002	-0.016
40.000	11.366	10.159	20.357	-84.042	-0.016
40.000	11.362	10.155	20.358	-84.008	-0.016
40.000	11.360	10.166	20.365	-84.029	-0.016
40.000	11.363	10.165	20.354	-83.998	-0.016
50.000	13.828	13.072	25.516	-70.441	-0.022
50.000	13.831	13.074	25.510	-70.380	-0.022
50.000	13.831	13.077	25.514	-70.420	-0.022
50.000	13.832	13.086	25.509	-70.416	-0.022
50.000	13.839	13.089	25.515	-70.387	-0.022
50.000	13.825	13.085	25.512	-70.367	-0.022
50.000	13.828	13.089	25.509	-70.318	-0.022
50.000	13.832	13.082	25.511	-70.369	-0.022
50.000	13.825	13.077	25.510	-70.307	-0.022
50.000	13.830	13.065	25.512	-70.394	-0.022
40.000	11.475	10.148	20.434	-81.240	-0.017
40.000	11.475	10.134	20.439	-81.359	-0.017
40.000	11.480	10.154	20.436	-81.386	-0.017
40.000	11.483	10.138	20.433	-81.397	-0.017
40.000	11.474	10.149	20.436	-81.376	-0.017
40.000	11.470	10.154	20.438	-81.394	-0.017
40.000	11.467	10.154	20.433	-81.386	-0.017
40.000	11.481	10.158	20.447	-81.338	-0.017
40.000	11.473	10.158	20.439	-81.427	-0.017
40.000	11.472	10.146	20.441	-81.428	-0.017
30.000	7.874	5.707	17.871	-89.449	-0.014
30.000	7.874	5.705	17.865	-89.348	-0.014
30.000	7.876	5.708	17.859	-89.364	-0.014
30.000	7.876	5.716	17.865	-89.372	-0.014
30.000	7.875	5.714	17.868	-89.354	-0.014
30.000	7.880	5.707	17.869	-89.441	-0.014
30.000	7.876	5.711	17.871	-89.384	-0.014
30.000	7.873	5.709	17.862	-89.428	-0.014
30.000	7.881	5.713	17.861	-89.473	-0.014
30.000	7.876	5.704	17.871	-89.445	-0.014
20.000	6.438	4.528	10.224	-97.506	-0.011
20.000	6.432	4.517	10.223	-97.423	-0.011
20.000	6.434	4.518	10.229	-97.537	-0.011
20.000	6.437	4.518	10.224	-97.516	-0.011
20.000	6.441	4.520	10.225	-97.486	-0.011
20.000	6.435	4.522	10.229	-97.544	-0.011
20.000	6.431	4.518	10.232	-97.481	-0.011
20.000	6.430	4.516	10.224	-97.518	-0.011
20.000	6.433	4.518	10.231	-97.568	-0.011
20.000	6.434	4.522	10.227	-97.551	-0.011
10.000	0.174	-0.009	10.079	-98.867	-0.011
10.000	0.190	-0.024	10.082	-98.935	-0.011
10.000	0.180	-0.017	10.081	-99.005	-0.011
10.000	0.187	-0.003	10.088	-98.891	-0.011
10.000	0.175	-0.016	10.081	-98.915	-0.011
10.000	0.184	-0.010	10.077	-98.952	-0.011
10.000	0.177	-0.018	10.082	-98.906	-0.011
10.000	0.182	-0.011	10.082	-98.903	-0.011
10.000	0.181	-0.018	10.085	-98.975	-0.011
10.000	0.180	-0.017	10.080	-98.858	-0.011
0.000	0.037	0.013	0.028	-99.464	-0.011
0.000	0.027	0.018	0.015	-99.449	-0.011
0.000	0.024	0.015	0.021	-99.438	-0.011
0.000	0.027	0.012	0.025	-99.438	-0.011
0.000	0.032	0.011	0.016	-99.530	-0.011
0.000	0.029	0.011	0.020	-99.454	-0.011
0.000	0.023	0.009	0.008	-99.455	-0.011
0.000	0.023	0.005	0.013	-99.537	-0.011
0.000	0.024	0.020	0.013	-99.365	-0.011
0.000	0.031	0.011	0.027	-99.394	-0.011
