
 PRINT U    NODAL SOLUTION PER NODE
 
  ***** POST1 NODAL DEGREE OF FREEDOM LISTING *****                            
 
  LOAD STEP=     1  SUBSTEP=     1                                             
   TIME=    1.0000      LOAD CASE=   0                                         
 
  THE FOLLOWING DEGREE OF FREEDOM RESULTS ARE IN THE GLOBAL COORDINATE SYSTEM  
 
    NODE       UX           UY           UZ           USUM  
       1   0.0000       0.0000       0.0000       0.0000     
       2  0.57427E-004-0.19116      0.22396E-003 0.19116     
       3  0.56819E-002-0.37433     -0.55294E-002 0.37442     
       4  0.11306E-001-0.54625     -0.31102E-004 0.54637     
       5  0.22619E-001-0.70128     -0.11477E-001 0.70174     
       6  0.33932E-001-0.83364     -0.24962E-003 0.83433     
       7  0.50860E-001-0.93780     -0.17281E-001 0.93934     
       8  0.67787E-001 -1.0082     -0.55148E-003  1.0105     
       9  0.90674E-001 -1.0398     -0.24111E-001  1.0440     
      10  0.11356      -1.0082     -0.47522E-003  1.0146     
      11  0.13048     -0.93780     -0.17135E-001 0.94699     
      12  0.14740     -0.83365     -0.49395E-004 0.84658     
      13  0.15870     -0.70128     -0.11244E-001 0.71910     
      14  0.17000     -0.54627      0.20863E-003 0.57211     
      15  0.17560     -0.37433     -0.53212E-002 0.41351     
      16  0.18120     -0.19118      0.36211E-003 0.26341     
      17  0.18120       0.0000       0.0000      0.18120     
      18  0.18062     -0.27697E-002-0.26695E-003 0.18064     
      19  0.17790     -0.19109     -0.11186E-002 0.26109     
      20  0.17519     -0.37433     -0.70484E-002 0.41336     
      21  0.16675     -0.54626     -0.15743E-002 0.57115     
      22  0.15832     -0.70127     -0.13018E-001 0.71904     
      23  0.14423     -0.83365     -0.17813E-002 0.84604     
      24  0.13015     -0.93782     -0.18749E-001 0.94699     
      25  0.11041      -1.0081     -0.17303E-002  1.0141     
      26  0.90676E-001 -1.0395     -0.23509E-001  1.0437     
      27  0.70937E-001 -1.0081     -0.16533E-002  1.0106     
      28  0.51198E-001-0.93782     -0.18602E-001 0.93940     
      29  0.37100E-001-0.83366     -0.15789E-002 0.83449     
      30  0.23002E-001-0.70127     -0.12782E-001 0.70177     
      31  0.14553E-001-0.54628     -0.13335E-002 0.54647     
      32  0.61029E-002-0.37433     -0.68419E-002 0.37444     
      33  0.33761E-002-0.19111     -0.98393E-003 0.19115     
      34  0.64928E-003-0.27778E-002-0.24648E-003 0.28633E-002
      35  0.18124      0.55287E-004-0.21166E-003 0.18124     
      36  0.18124     -0.18940     -0.10460E-002 0.26214     
      37  0.17551     -0.37282     -0.70478E-002 0.41212     
 
  ***** POST1 NODAL DEGREE OF FREEDOM LISTING *****                            
 
  LOAD STEP=     1  SUBSTEP=     1                                             
   TIME=    1.0000      LOAD CASE=   0                                         
 
  THE FOLLOWING DEGREE OF FREEDOM RESULTS ARE IN THE GLOBAL COORDINATE SYSTEM  
 
    NODE       UX           UY           UZ           USUM  
      38  0.16977     -0.54477     -0.15851E-002 0.57061     
      39  0.15843     -0.69978     -0.13008E-001 0.71761     
      40  0.14708     -0.83215     -0.17876E-002 0.84505     
      41  0.13005     -0.93626     -0.18769E-001 0.94543     
      42  0.11302      -1.0062     -0.15908E-002  1.0125     
      43  0.90643E-001 -1.0415     -0.23215E-001  1.0457     
      44  0.68270E-001 -1.0062     -0.15138E-002  1.0085     
      45  0.51246E-001-0.93626     -0.18622E-001 0.93784     
      46  0.34221E-001-0.83216     -0.15853E-002 0.83287     
      47  0.22889E-001-0.69978     -0.12772E-001 0.70028     
      48  0.11558E-001-0.54479     -0.13455E-002 0.54492     
      49  0.58415E-002-0.37282     -0.68387E-002 0.37293     
      50  0.12519E-003-0.18943     -0.91496E-003 0.18944     
      51  0.12519E-003 0.51048E-004-0.19543E-003 0.23764E-003
      52   0.0000       0.0000       0.0000       0.0000     
      53  0.28856E-002-0.18947      0.29661E-003 0.18949     
      54  0.57713E-002-0.37282     -0.55288E-002 0.37290     
      55  0.14254E-001-0.54476     -0.41893E-004 0.54495     
      56  0.22736E-001-0.69979     -0.11467E-001 0.70025     
      57  0.36879E-001-0.83214     -0.25593E-003 0.83296     
      58  0.51022E-001-0.93624     -0.17300E-001 0.93778     
      59  0.70832E-001 -1.0063     -0.41198E-003  1.0088     
      60  0.90641E-001 -1.0362     -0.23817E-001  1.0404     
      61  0.11045      -1.0063     -0.33571E-003  1.0124     
      62  0.13027     -0.93624     -0.17155E-001 0.94541     
      63  0.14442     -0.83215     -0.55788E-004 0.84459     
      64  0.15858     -0.69979     -0.11233E-001 0.71762     
      65  0.16708     -0.54478      0.19668E-003 0.56983     
      66  0.17558     -0.37283     -0.53179E-002 0.41213     
      67  0.17850     -0.18950      0.43108E-003 0.26033     
      68  0.18142       0.0000       0.0000      0.18142     

 MAXIMUM ABSOLUTE VALUES
 NODE         68           43            9           43
 VALUE   0.18142      -1.0415     -0.24111E-001  1.0457     

