
 PRINT ELEMENT TABLE ITEMS PER ELEMENT
 
  ***** POST1 ELEMENT TABLE LISTING *****                                      
 
    STAT     CURRENT 
    ELEM     SMIS1   
       1   56.754     
       2   56.754     
       3   166.83     
       4   166.83     
       5   278.16     
       6   278.16     
       7   389.61     
       8   389.61     
       9   389.68     
      10   389.68     
      11   278.37     
      12   278.37     
      13   167.20     
      14   167.20     
      15   57.499     
      16   57.499     
      17   0.0000     
      18  -112.77     
      19  -112.77     
      20  -223.15     
      21  -223.15     
      22  -334.98     
      23  -334.98     
      24  -440.02     
      25  -440.02     
      26  -334.84     
      27  -334.84     
      28  -222.87     
      29  -222.87     
      30  -112.43     
      31  -112.43     
      32 -0.52060E-015
      33   1.1295     
      34   110.62     
      35   110.62     
      36   222.50     
      37   222.50     
      38   332.93     
      39   332.93     
      40   450.14     
      41   450.14     
 
  ***** POST1 ELEMENT TABLE LISTING *****                                      
 
    STAT     CURRENT 
    ELEM     SMIS1   
      42   332.79     
      43   332.79     
      44   222.22     
      45   222.22     
      46   110.11     
      47   110.11     
      48 -0.53310E-012
      49  -53.387     
      50  -53.387     
      51  -165.86     
      52  -165.86     
      53  -277.06     
      54  -277.06     
      55  -388.15     
      56  -388.15     
      57  -388.22     
      58  -388.22     
      59  -277.27     
      60  -277.27     
      61  -166.19     
      62  -166.19     
      63  -53.630     
      64  -53.630     
      65   0.0000     
      66   1.0874     
      67  -54.475     
      68   1.0874     
      69   1.4289     
      70   1.4289     
      71   1.4289     
      72   1.4289     
      73  0.11197E-001
      74  0.11197E-001
      75  0.11197E-001
      76  0.11197E-001
      77 -0.21223     
      78 -0.21223     
      79 -0.21223     
      80 -0.21223     
      81  0.19546     
      82  0.19546     
 
  ***** POST1 ELEMENT TABLE LISTING *****                                      
 
    STAT     CURRENT 
    ELEM     SMIS1   
      83  0.19546     
      84  0.19546     
      85 -0.12406     
      86 -0.12406     
      87 -0.12406     
      88 -0.12406     
      89 -0.38731     
      90 -0.38731     
      91 -0.38731     
      92 -0.38731     
      93   2.7436     
      94   2.7436     
      95   2.7436     
      96   2.7436     
      97  -105.41     
      98   5.7857     
      99   5.7857     
     100   5.7857     
     101   2.7437     
     102   2.7437     
     103   2.7437     
     104   2.7437     
     105 -0.38716     
     106 -0.38716     
     107 -0.38716     
     108 -0.38716     
     109 -0.12574     
     110 -0.12574     
     111 -0.12574     
     112 -0.12574     
     113  0.20278     
     114  0.20278     
     115  0.20278     
     116  0.20278     
     117 -0.23495     
     118 -0.23495     
     119 -0.23495     
     120 -0.23495     
     121  0.63807E-001
     122  0.63807E-001
     123  0.63807E-001
 
  ***** POST1 ELEMENT TABLE LISTING *****                                      
 
    STAT     CURRENT 
    ELEM     SMIS1   
     124  0.63807E-001
     125   1.3565     
     126   1.3565     
     127   1.3565     
     128   1.3565     
     129   1.0040     
     130   1.0040     
     131   0.0000     
     132  -54.634     
     133  -1.5378     
     134  -2.0208     
     135 -0.15835E-001
     136  0.30013     
     137 -0.27642     
     138  0.17545     
     139  0.54774     
     140  -3.8801     
     141  -8.1821     
     142  -3.8802     
     143  0.54753     
     144  0.17782     
     145 -0.28677     
     146  0.33227     
     147 -0.90237E-001
     148  -1.9184     
     149  -1.4199     
     150  -80.222     
     151   78.201     
     152  -78.217     
     153   78.517     
     154  -78.793     
     155   78.969     
     156  -78.421     
     157   74.541     
     158   74.537     
     159  -78.418     
     160   78.965     
     161  -78.787     
     162   78.501     
     163  -78.168     
     164   78.078     
 
  ***** POST1 ELEMENT TABLE LISTING *****                                      
 
    STAT     CURRENT 
    ELEM     SMIS1   
     165  -79.996     
     166   77.039     
     167  -79.060     
     168   79.044     
     169  -78.744     
     170   78.467     
     171  -78.292     
     172   78.839     
     173  -82.720     
     174  -82.723     
     175   78.843     
     176  -78.295     
     177   78.473     
     178  -78.760     
     179   79.092     
     180  -79.182     
     181   77.264     
     182  -1.5378     
     183 -0.48303     
     184  0.46720     
     185 -0.16706     
     186 -0.10936     
     187  0.28480     
     188  0.26294     
     189  -4.1430     
     190  -4.0391     
     191  0.15893     
     192  0.38859     
     193 -0.21077     
     194 -0.75997E-001
     195  0.40827     
     196 -0.49850     
     197  -1.4199     
     198  -1.6376     
     199 -0.38320     
     200  0.36737     
     201 -0.67233E-001
     202 -0.20919     
     203  0.38463     
     204  0.16311     
     205  -4.0432     
 
  ***** POST1 ELEMENT TABLE LISTING *****                                      
 
    STAT     CURRENT 
    ELEM     SMIS1   
     206  -4.1390     
     207  0.25876     
     208  0.28876     
     209 -0.11094     
     210 -0.17583     
     211  0.50810     
     212 -0.59833     
     213  -1.3200     

 MINIMUM VALUES
 ELEM         24
 VALUE   -440.02     

 MAXIMUM VALUES
 ELEM         40
 VALUE    450.14     

