%ArduinoTime [ms]	Reference Position [rad]	Measured Position [rad]	Actual Current [A]	Proportional Gain [Kp]	Derivative Gain [Kd]	Integral Gain [Ki]	%11/4/20212:10 PM
0.000	0.000	0.000	0.000	0.000	0.000	0.000
268820.000	0.500	0.540	-0.094	80.000	26.379	0.000
268850.000	0.500	0.540	-0.094	80.000	26.379	0.000
268850.000	0.500	0.540	-0.094	80.000	26.379	0.000
268850.000	0.500	0.540	-0.094	80.000	26.379	0.000
268880.000	0.500	0.540	-0.094	80.000	26.379	0.000
268880.000	0.500	0.540	-0.094	80.000	26.379	0.000
268880.000	0.500	0.540	-0.094	80.000	26.379	0.000
268910.000	0.500	0.540	-0.094	80.000	26.379	0.000
268910.000	0.500	0.540	-0.094	80.000	26.379	0.000
268910.000	0.500	0.540	-0.094	80.000	26.379	0.000
268940.000	0.500	0.540	-0.078	80.000	26.379	0.000
268940.000	0.500	0.540	-0.078	80.000	26.379	0.000
268940.000	0.500	0.540	-0.078	80.000	26.379	0.000
268970.000	0.500	0.540	-0.094	80.000	26.379	0.000
268970.000	0.500	0.540	-0.094	80.000	26.379	0.000
268970.000	0.500	0.540	-0.094	80.000	26.379	0.000
269000.000	0.500	0.540	-0.078	80.000	26.379	0.000
269000.000	0.500	0.540	-0.078	80.000	26.379	0.000
269000.000	0.500	0.540	-0.078	80.000	26.379	0.000
269030.000	0.500	0.540	-0.094	80.000	26.379	0.000
269030.000	0.500	0.540	-0.094	80.000	26.379	0.000
269030.000	0.500	0.540	-0.094	80.000	26.379	0.000
269060.000	0.500	0.540	-0.094	80.000	26.379	0.000
269060.000	0.500	0.540	-0.094	80.000	26.379	0.000
269060.000	0.500	0.540	-0.094	80.000	26.379	0.000
269090.000	0.500	0.540	-0.094	80.000	26.379	0.000
269090.000	0.500	0.540	-0.094	80.000	26.379	0.000
269090.000	0.500	0.540	-0.094	80.000	26.379	0.000
269120.000	0.500	0.540	-0.094	80.000	26.379	0.000
269120.000	0.500	0.540	-0.094	80.000	26.379	0.000
269120.000	0.500	0.540	-0.094	80.000	26.379	0.000
269150.000	0.500	0.540	-0.094	80.000	26.379	0.000
269150.000	0.500	0.540	-0.094	80.000	26.379	0.000
269150.000	0.500	0.540	-0.094	80.000	26.379	0.000
269180.000	0.500	0.540	-0.094	80.000	26.379	0.000
269180.000	0.500	0.540	-0.094	80.000	26.379	0.000
269180.000	0.500	0.540	-0.094	80.000	26.379	0.000
269210.000	0.500	0.540	-0.078	80.000	26.379	0.000
269210.000	0.500	0.540	-0.078	80.000	26.379	0.000
269210.000	0.500	0.540	-0.078	80.000	26.379	0.000
269240.000	0.500	0.540	-0.094	80.000	26.379	0.000
269240.000	0.500	0.540	-0.094	80.000	26.379	0.000
269240.000	0.500	0.540	-0.094	80.000	26.379	0.000
269270.000	0.500	0.540	-0.078	80.000	26.379	0.000
269270.000	0.500	0.540	-0.078	80.000	26.379	0.000
269270.000	0.500	0.540	-0.078	80.000	26.379	0.000
269300.000	0.500	0.540	-0.094	80.000	26.379	0.000
269300.000	0.500	0.540	-0.094	80.000	26.379	0.000
269300.000	0.500	0.540	-0.094	80.000	26.379	0.000
269325.000	0.500	0.540	-0.094	80.000	26.379	0.000
269325.000	0.500	0.540	-0.094	80.000	26.379	0.000
269325.000	0.500	0.540	-0.094	80.000	26.379	0.000
269360.000	0.500	0.540	-0.094	80.000	26.379	0.000
269360.000	0.500	0.540	-0.094	80.000	26.379	0.000
269360.000	0.500	0.540	-0.094	80.000	26.379	0.000
269390.000	0.500	0.540	-0.094	80.000	26.379	0.000
269390.000	0.500	0.540	-0.094	80.000	26.379	0.000
269390.000	0.500	0.540	-0.094	80.000	26.379	0.000
269420.000	0.500	0.540	-0.094	80.000	26.379	0.000
269420.000	0.500	0.540	-0.094	80.000	26.379	0.000
269420.000	0.500	0.540	-0.094	80.000	26.379	0.000
269450.000	0.500	0.540	-0.094	80.000	26.379	0.000
269450.000	0.500	0.540	-0.094	80.000	26.379	0.000
269450.000	0.500	0.540	-0.094	80.000	26.379	0.000
269475.000	0.500	0.540	-0.078	80.000	26.379	0.000
269475.000	0.500	0.540	-0.078	80.000	26.379	0.000
269475.000	0.500	0.540	-0.078	80.000	26.379	0.000
269510.000	0.500	0.540	-0.094	80.000	26.379	0.000
269510.000	0.500	0.540	-0.094	80.000	26.379	0.000
269510.000	0.500	0.540	-0.094	80.000	26.379	0.000
269540.000	0.500	0.540	-0.078	80.000	26.379	0.000
269540.000	0.500	0.540	-0.078	80.000	26.379	0.000
269540.000	0.500	0.540	-0.078	80.000	26.379	0.000
269570.000	0.500	0.540	-0.094	80.000	26.379	0.000
269570.000	0.500	0.540	-0.094	80.000	26.379	0.000
269570.000	0.500	0.540	-0.094	80.000	26.379	0.000
269600.000	0.500	0.540	-0.078	80.000	26.379	0.000
269600.000	0.500	0.540	-0.078	80.000	26.379	0.000
269600.000	0.500	0.540	-0.078	80.000	26.379	0.000
269625.000	0.500	0.540	-0.094	80.000	26.379	0.000
269625.000	0.500	0.540	-0.094	80.000	26.379	0.000
269625.000	0.500	0.540	-0.094	80.000	26.379	0.000
269660.000	0.500	0.540	-0.078	80.000	26.379	0.000
269660.000	0.500	0.540	-0.078	80.000	26.379	0.000
269660.000	0.500	0.540	-0.078	80.000	26.379	0.000
269690.000	0.500	0.540	-0.094	80.000	26.379	0.000
269690.000	0.500	0.540	-0.094	80.000	26.379	0.000
269690.000	0.500	0.540	-0.094	80.000	26.379	0.000
269720.000	0.500	0.540	-0.094	80.000	26.379	0.000
269720.000	0.500	0.540	-0.094	80.000	26.379	0.000
269720.000	0.500	0.540	-0.094	80.000	26.379	0.000
269750.000	0.500	0.540	-0.094	80.000	26.379	0.000
269750.000	0.500	0.540	-0.094	80.000	26.379	0.000
269750.000	0.500	0.540	-0.094	80.000	26.379	0.000
269780.000	0.500	0.540	-0.094	80.000	26.379	0.000
269780.000	0.500	0.540	-0.094	80.000	26.379	0.000
269780.000	0.500	0.540	-0.094	80.000	26.379	0.000
269805.000	0.500	0.540	-0.094	80.000	26.379	0.000
269805.000	0.500	0.540	-0.094	80.000	26.379	0.000
269805.000	0.500	0.540	-0.094	80.000	26.379	0.000
269840.000	0.500	0.540	-0.094	80.000	26.379	0.000
269840.000	0.500	0.540	-0.094	80.000	26.379	0.000
269840.000	0.500	0.540	-0.094	80.000	26.379	0.000
269870.000	0.500	0.540	-0.094	80.000	26.379	0.000
269870.000	0.500	0.540	-0.094	80.000	26.379	0.000
269870.000	0.500	0.540	-0.094	80.000	26.379	0.000
269900.000	0.500	0.540	-0.094	80.000	26.379	0.000
269900.000	0.500	0.540	-0.094	80.000	26.379	0.000
269900.000	0.500	0.540	-0.094	80.000	26.379	0.000
269925.000	0.500	0.540	-0.078	80.000	26.379	0.000
269925.000	0.500	0.540	-0.078	80.000	26.379	0.000
269925.000	0.500	0.540	-0.078	80.000	26.379	0.000
269960.000	0.500	0.540	-0.094	80.000	26.379	0.000
269960.000	0.500	0.540	-0.094	80.000	26.379	0.000
269960.000	0.500	0.540	-0.094	80.000	26.379	0.000
269990.000	0.500	0.540	-0.094	80.000	26.379	0.000
269990.000	0.500	0.540	-0.094	80.000	26.379	0.000
269990.000	0.500	0.540	-0.094	80.000	26.379	0.000
270020.000	0.500	0.540	-0.094	80.000	26.379	0.000
270020.000	0.500	0.540	-0.094	80.000	26.379	0.000
270020.000	0.500	0.540	-0.094	80.000	26.379	0.000
270045.000	0.500	0.540	-0.078	80.000	26.379	0.000
270045.000	0.500	0.540	-0.078	80.000	26.379	0.000
270045.000	0.500	0.540	-0.078	80.000	26.379	0.000
270080.000	0.500	0.540	-0.094	80.000	26.379	0.000
270080.000	0.500	0.540	-0.094	80.000	26.379	0.000
270080.000	0.500	0.540	-0.094	80.000	26.379	0.000
270105.000	0.500	0.540	-0.094	80.000	26.379	0.000
270105.000	0.500	0.540	-0.094	80.000	26.379	0.000
270105.000	0.500	0.540	-0.094	80.000	26.379	0.000
270140.000	0.500	0.540	-0.109	80.000	26.379	0.000
270140.000	0.500	0.540	-0.109	80.000	26.379	0.000
270140.000	0.500	0.540	-0.109	80.000	26.379	0.000
270170.000	0.500	0.540	-0.078	80.000	26.379	0.000
270170.000	0.500	0.540	-0.078	80.000	26.379	0.000
270170.000	0.500	0.540	-0.078	80.000	26.379	0.000
270195.000	0.500	0.540	-0.094	80.000	26.379	0.000
270195.000	0.500	0.540	-0.094	80.000	26.379	0.000
270195.000	0.500	0.540	-0.094	80.000	26.379	0.000
270230.000	0.500	0.540	-0.094	80.000	26.379	0.000
270230.000	0.500	0.540	-0.094	80.000	26.379	0.000
270230.000	0.500	0.540	-0.094	80.000	26.379	0.000
270260.000	0.500	0.540	-0.094	80.000	26.379	0.000
270260.000	0.500	0.540	-0.094	80.000	26.379	0.000
270260.000	0.500	0.540	-0.094	80.000	26.379	0.000
270285.000	0.500	0.540	-0.078	80.000	26.379	0.000
270285.000	0.500	0.540	-0.078	80.000	26.379	0.000
270285.000	0.500	0.540	-0.078	80.000	26.379	0.000
270320.000	0.500	0.540	-0.109	80.000	26.379	0.000
270320.000	0.500	0.540	-0.109	80.000	26.379	0.000
270320.000	0.500	0.540	-0.109	80.000	26.379	0.000
270345.000	0.500	0.540	-0.094	80.000	26.379	0.000
270345.000	0.500	0.540	-0.094	80.000	26.379	0.000
270345.000	0.500	0.540	-0.094	80.000	26.379	0.000
270380.000	0.500	0.540	-0.109	80.000	26.379	0.000
270380.000	0.500	0.540	-0.109	80.000	26.379	0.000
270380.000	0.500	0.540	-0.109	80.000	26.379	0.000
270405.000	0.500	0.540	-0.078	80.000	26.379	0.000
270405.000	0.500	0.540	-0.078	80.000	26.379	0.000
270405.000	0.500	0.540	-0.078	80.000	26.379	0.000
270435.000	0.500	0.540	-0.109	80.000	26.379	0.000
270435.000	0.500	0.540	-0.109	80.000	26.379	0.000
270435.000	0.500	0.540	-0.109	80.000	26.379	0.000
270470.000	0.500	0.540	-0.094	80.000	26.379	0.000
270470.000	0.500	0.540	-0.094	80.000	26.379	0.000
270470.000	0.500	0.540	-0.094	80.000	26.379	0.000
270495.000	0.500	0.540	-0.094	80.000	26.379	0.000
270495.000	0.500	0.540	-0.094	80.000	26.379	0.000
270495.000	0.500	0.540	-0.094	80.000	26.379	0.000
270525.000	0.500	0.540	-0.094	80.000	26.379	0.000
270525.000	0.500	0.540	-0.094	80.000	26.379	0.000
270525.000	0.500	0.540	-0.094	80.000	26.379	0.000
270555.000	0.500	0.540	-0.109	80.000	26.379	0.000
270555.000	0.500	0.540	-0.109	80.000	26.379	0.000
270555.000	0.500	0.540	-0.109	80.000	26.379	0.000
270585.000	0.500	0.540	-0.094	80.000	26.379	0.000
270585.000	0.500	0.540	-0.094	80.000	26.379	0.000
270585.000	0.500	0.540	-0.094	80.000	26.379	0.000
270615.000	0.500	0.540	-0.109	80.000	26.379	0.000
270615.000	0.500	0.540	-0.109	80.000	26.379	0.000
270615.000	0.500	0.540	-0.109	80.000	26.379	0.000
270650.000	0.500	0.540	-0.094	80.000	26.379	0.000
270650.000	0.500	0.540	-0.094	80.000	26.379	0.000
270650.000	0.500	0.540	-0.094	80.000	26.379	0.000
270675.000	0.500	0.540	-0.109	80.000	26.379	0.000
270675.000	0.500	0.540	-0.109	80.000	26.379	0.000
270675.000	0.500	0.540	-0.109	80.000	26.379	0.000
270710.000	0.500	0.540	-0.094	80.000	26.379	0.000
270710.000	0.500	0.540	-0.094	80.000	26.379	0.000
270710.000	0.500	0.540	-0.094	80.000	26.379	0.000
270740.000	0.500	0.540	-0.094	80.000	26.379	0.000
270740.000	0.500	0.540	-0.094	80.000	26.379	0.000
270740.000	0.500	0.540	-0.094	80.000	26.379	0.000
270770.000	0.500	0.540	-0.094	80.000	26.379	0.000
270770.000	0.500	0.540	-0.094	80.000	26.379	0.000
270770.000	0.500	0.540	-0.094	80.000	26.379	0.000
270800.000	0.500	0.540	-0.094	80.000	26.379	0.000
270800.000	0.500	0.540	-0.094	80.000	26.379	0.000
270800.000	0.500	0.540	-0.094	80.000	26.379	0.000
270830.000	0.500	0.540	-0.094	80.000	26.379	0.000
270830.000	0.500	0.540	-0.094	80.000	26.379	0.000
270830.000	0.500	0.540	-0.094	80.000	26.379	0.000
270860.000	0.500	0.540	-0.094	80.000	26.379	0.000
270860.000	0.500	0.540	-0.094	80.000	26.379	0.000
270860.000	0.500	0.540	-0.094	80.000	26.379	0.000
270890.000	0.000	0.540	-1.000	80.000	26.379	0.000
270890.000	0.000	0.540	-1.000	80.000	26.379	0.000
270890.000	0.000	0.540	-1.000	80.000	26.379	0.000
270915.000	0.000	0.530	-0.859	80.000	26.379	0.000
270915.000	0.000	0.530	-0.859	80.000	26.379	0.000
270915.000	0.000	0.530	-0.859	80.000	26.379	0.000
270950.000	0.000	0.520	-0.719	80.000	26.379	0.000
270950.000	0.000	0.520	-0.719	80.000	26.379	0.000
270950.000	0.000	0.520	-0.719	80.000	26.379	0.000
270980.000	0.000	0.500	-0.594	80.000	26.379	0.000
270980.000	0.000	0.500	-0.594	80.000	26.379	0.000
270980.000	0.000	0.500	-0.594	80.000	26.379	0.000
271005.000	0.000	0.490	-0.500	80.000	26.379	0.000
271005.000	0.000	0.490	-0.500	80.000	26.379	0.000
271005.000	0.000	0.490	-0.500	80.000	26.379	0.000
271040.000	0.000	0.460	-0.375	80.000	26.379	0.000
271040.000	0.000	0.460	-0.375	80.000	26.379	0.000
271040.000	0.000	0.460	-0.375	80.000	26.379	0.000
271065.000	0.000	0.440	-0.312	80.000	26.379	0.000
271065.000	0.000	0.440	-0.312	80.000	26.379	0.000
271065.000	0.000	0.440	-0.312	80.000	26.379	0.000
271095.000	0.000	0.410	-0.219	80.000	26.379	0.000
271095.000	0.000	0.410	-0.219	80.000	26.379	0.000
271095.000	0.000	0.410	-0.219	80.000	26.379	0.000
271125.000	0.000	0.380	-0.156	80.000	26.379	0.000
271125.000	0.000	0.380	-0.156	80.000	26.379	0.000
271125.000	0.000	0.380	-0.156	80.000	26.379	0.000
271155.000	0.000	0.350	-0.094	80.000	26.379	0.000
271155.000	0.000	0.350	-0.094	80.000	26.379	0.000
271155.000	0.000	0.350	-0.094	80.000	26.379	0.000
271190.000	0.000	0.320	-0.031	80.000	26.379	0.000
271190.000	0.000	0.320	-0.031	80.000	26.379	0.000
271190.000	0.000	0.320	-0.031	80.000	26.379	0.000
271215.000	0.000	0.300	0.000	80.000	26.379	0.000
271215.000	0.000	0.300	0.000	80.000	26.379	0.000
271215.000	0.000	0.300	0.000	80.000	26.379	0.000
271245.000	0.000	0.270	0.031	80.000	26.379	0.000
271245.000	0.000	0.270	0.031	80.000	26.379	0.000
271245.000	0.000	0.270	0.031	80.000	26.379	0.000
271275.000	0.000	0.240	0.062	80.000	26.379	0.000
271275.000	0.000	0.240	0.062	80.000	26.379	0.000
271275.000	0.000	0.240	0.062	80.000	26.379	0.000
271310.000	0.000	0.210	0.094	80.000	26.379	0.000
271310.000	0.000	0.210	0.094	80.000	26.379	0.000
271310.000	0.000	0.210	0.094	80.000	26.379	0.000
271340.000	0.000	0.190	0.109	80.000	26.379	0.000
271340.000	0.000	0.190	0.109	80.000	26.379	0.000
271340.000	0.000	0.190	0.109	80.000	26.379	0.000
271370.000	0.000	0.170	0.125	80.000	26.379	0.000
271370.000	0.000	0.170	0.125	80.000	26.379	0.000
271370.000	0.000	0.170	0.125	80.000	26.379	0.000
271395.000	0.000	0.150	0.125	80.000	26.379	0.000
271395.000	0.000	0.150	0.125	80.000	26.379	0.000
271395.000	0.000	0.150	0.125	80.000	26.379	0.000
271430.000	0.000	0.130	0.125	80.000	26.379	0.000
271430.000	0.000	0.130	0.125	80.000	26.379	0.000
271430.000	0.000	0.130	0.125	80.000	26.379	0.000
271460.000	0.000	0.110	0.125	80.000	26.379	0.000
271460.000	0.000	0.110	0.125	80.000	26.379	0.000
271460.000	0.000	0.110	0.125	80.000	26.379	0.000
271490.000	0.000	0.090	0.141	80.000	26.379	0.000
271490.000	0.000	0.090	0.141	80.000	26.379	0.000
271490.000	0.000	0.090	0.141	80.000	26.379	0.000
271520.000	0.000	0.080	0.125	80.000	26.379	0.000
271520.000	0.000	0.080	0.125	80.000	26.379	0.000
271520.000	0.000	0.080	0.125	80.000	26.379	0.000
271545.000	0.000	0.070	0.094	80.000	26.379	0.000
271545.000	0.000	0.070	0.094	80.000	26.379	0.000
271545.000	0.000	0.070	0.094	80.000	26.379	0.000
271580.000	0.000	0.050	0.094	80.000	26.379	0.000
271580.000	0.000	0.050	0.094	80.000	26.379	0.000
271580.000	0.000	0.050	0.094	80.000	26.379	0.000
271610.000	0.000	0.040	0.094	80.000	26.379	0.000
271610.000	0.000	0.040	0.094	80.000	26.379	0.000
271610.000	0.000	0.040	0.094	80.000	26.379	0.000
271635.000	0.000	0.040	0.047	80.000	26.379	0.000
271635.000	0.000	0.040	0.047	80.000	26.379	0.000
271635.000	0.000	0.040	0.047	80.000	26.379	0.000
271665.000	0.000	0.030	0.047	80.000	26.379	0.000
271665.000	0.000	0.030	0.047	80.000	26.379	0.000
271665.000	0.000	0.030	0.047	80.000	26.379	0.000
271695.000	0.000	0.030	0.047	80.000	26.379	0.000
271695.000	0.000	0.030	0.047	80.000	26.379	0.000
271695.000	0.000	0.030	0.047	80.000	26.379	0.000
271730.000	0.000	0.020	0.016	80.000	26.379	0.000
271730.000	0.000	0.020	0.016	80.000	26.379	0.000
271730.000	0.000	0.020	0.016	80.000	26.379	0.000
271760.000	0.000	0.020	0.016	80.000	26.379	0.000
271760.000	0.000	0.020	0.016	80.000	26.379	0.000
271760.000	0.000	0.020	0.016	80.000	26.379	0.000
271790.000	0.000	0.010	0.016	80.000	26.379	0.000
271790.000	0.000	0.010	0.016	80.000	26.379	0.000
271790.000	0.000	0.010	0.016	80.000	26.379	0.000
271820.000	0.000	0.010	-0.016	80.000	26.379	0.000
271820.000	0.000	0.010	-0.016	80.000	26.379	0.000
271820.000	0.000	0.010	-0.016	80.000	26.379	0.000
271850.000	0.000	0.010	0.016	80.000	26.379	0.000
271850.000	0.000	0.010	0.016	80.000	26.379	0.000
271850.000	0.000	0.010	0.016	80.000	26.379	0.000
271875.000	0.000	0.010	-0.016	80.000	26.379	0.000
271875.000	0.000	0.010	-0.016	80.000	26.379	0.000
271875.000	0.000	0.010	-0.016	80.000	26.379	0.000
271905.000	0.000	0.010	-0.031	80.000	26.379	0.000
271905.000	0.000	0.010	-0.031	80.000	26.379	0.000
271905.000	0.000	0.010	-0.031	80.000	26.379	0.000
271935.000	0.000	0.010	-0.016	80.000	26.379	0.000
271935.000	0.000	0.010	-0.016	80.000	26.379	0.000
271935.000	0.000	0.010	-0.016	80.000	26.379	0.000
271965.000	0.000	0.010	-0.047	80.000	26.379	0.000
271965.000	0.000	0.010	-0.047	80.000	26.379	0.000
271965.000	0.000	0.010	-0.047	80.000	26.379	0.000
271995.000	0.000	0.010	-0.031	80.000	26.379	0.000
271995.000	0.000	0.010	-0.031	80.000	26.379	0.000
271995.000	0.000	0.010	-0.031	80.000	26.379	0.000
272025.000	0.000	0.010	-0.047	80.000	26.379	0.000
272025.000	0.000	0.010	-0.047	80.000	26.379	0.000
272025.000	0.000	0.010	-0.047	80.000	26.379	0.000
272055.000	0.000	0.010	-0.047	80.000	26.379	0.000
272055.000	0.000	0.010	-0.047	80.000	26.379	0.000
272055.000	0.000	0.010	-0.047	80.000	26.379	0.000
272085.000	0.000	0.010	-0.031	80.000	26.379	0.000
272085.000	0.000	0.010	-0.031	80.000	26.379	0.000
272085.000	0.000	0.010	-0.031	80.000	26.379	0.000
272115.000	0.000	0.010	-0.062	80.000	26.379	0.000
272115.000	0.000	0.010	-0.062	80.000	26.379	0.000
272115.000	0.000	0.010	-0.062	80.000	26.379	0.000
272145.000	0.000	0.010	-0.047	80.000	26.379	0.000
272145.000	0.000	0.010	-0.047	80.000	26.379	0.000
272145.000	0.000	0.010	-0.047	80.000	26.379	0.000
272175.000	0.000	0.010	-0.062	80.000	26.379	0.000
272175.000	0.000	0.010	-0.062	80.000	26.379	0.000
272175.000	0.000	0.010	-0.062	80.000	26.379	0.000
272205.000	0.000	0.010	-0.062	80.000	26.379	0.000
272205.000	0.000	0.010	-0.062	80.000	26.379	0.000
272205.000	0.000	0.010	-0.062	80.000	26.379	0.000
272235.000	0.000	0.010	-0.047	80.000	26.379	0.000
272235.000	0.000	0.010	-0.047	80.000	26.379	0.000
272235.000	0.000	0.010	-0.047	80.000	26.379	0.000
272265.000	0.000	0.010	-0.062	80.000	26.379	0.000
272265.000	0.000	0.010	-0.062	80.000	26.379	0.000
272265.000	0.000	0.010	-0.062	80.000	26.379	0.000
272295.000	0.000	0.010	-0.047	80.000	26.379	0.000
272295.000	0.000	0.010	-0.047	80.000	26.379	0.000
272295.000	0.000	0.010	-0.047	80.000	26.379	0.000
272330.000	0.000	0.020	-0.062	80.000	26.379	0.000
272330.000	0.000	0.020	-0.062	80.000	26.379	0.000
272330.000	0.000	0.020	-0.062	80.000	26.379	0.000
272355.000	0.000	0.020	-0.047	80.000	26.379	0.000
272355.000	0.000	0.020	-0.047	80.000	26.379	0.000
272355.000	0.000	0.020	-0.047	80.000	26.379	0.000
272385.000	0.000	0.020	-0.062	80.000	26.379	0.000
272385.000	0.000	0.020	-0.062	80.000	26.379	0.000
272385.000	0.000	0.020	-0.062	80.000	26.379	0.000
272415.000	0.000	0.020	-0.062	80.000	26.379	0.000
272415.000	0.000	0.020	-0.062	80.000	26.379	0.000
272415.000	0.000	0.020	-0.062	80.000	26.379	0.000
272445.000	0.000	0.020	-0.047	80.000	26.379	0.000
272445.000	0.000	0.020	-0.047	80.000	26.379	0.000
272445.000	0.000	0.020	-0.047	80.000	26.379	0.000
272475.000	0.000	0.020	-0.062	80.000	26.379	0.000
272475.000	0.000	0.020	-0.062	80.000	26.379	0.000
272475.000	0.000	0.020	-0.062	80.000	26.379	0.000
272505.000	0.000	0.020	-0.047	80.000	26.379	0.000
272505.000	0.000	0.020	-0.047	80.000	26.379	0.000
272505.000	0.000	0.020	-0.047	80.000	26.379	0.000
272535.000	0.000	0.020	-0.062	80.000	26.379	0.000
272535.000	0.000	0.020	-0.062	80.000	26.379	0.000
272535.000	0.000	0.020	-0.062	80.000	26.379	0.000
272565.000	0.000	0.020	-0.047	80.000	26.379	0.000
272565.000	0.000	0.020	-0.047	80.000	26.379	0.000
272565.000	0.000	0.020	-0.047	80.000	26.379	0.000
272595.000	0.000	0.020	-0.047	80.000	26.379	0.000
272595.000	0.000	0.020	-0.047	80.000	26.379	0.000
272595.000	0.000	0.020	-0.047	80.000	26.379	0.000
272625.000	0.000	0.020	-0.047	80.000	26.379	0.000
272625.000	0.000	0.020	-0.047	80.000	26.379	0.000
272625.000	0.000	0.020	-0.047	80.000	26.379	0.000
272655.000	0.000	0.020	-0.047	80.000	26.379	0.000
272655.000	0.000	0.020	-0.047	80.000	26.379	0.000
272655.000	0.000	0.020	-0.047	80.000	26.379	0.000
272685.000	0.000	0.020	-0.047	80.000	26.379	0.000
272685.000	0.000	0.020	-0.047	80.000	26.379	0.000
272685.000	0.000	0.020	-0.047	80.000	26.379	0.000
272715.000	0.000	0.020	-0.031	80.000	26.379	0.000
272715.000	0.000	0.020	-0.031	80.000	26.379	0.000
272715.000	0.000	0.020	-0.031	80.000	26.379	0.000
272745.000	0.000	0.020	-0.062	80.000	26.379	0.000
272745.000	0.000	0.020	-0.062	80.000	26.379	0.000
272745.000	0.000	0.020	-0.062	80.000	26.379	0.000
272775.000	0.000	0.020	-0.047	80.000	26.379	0.000
272775.000	0.000	0.020	-0.047	80.000	26.379	0.000
272775.000	0.000	0.020	-0.047	80.000	26.379	0.000
272805.000	0.000	0.020	-0.047	80.000	26.379	0.000
272805.000	0.000	0.020	-0.047	80.000	26.379	0.000
272805.000	0.000	0.020	-0.047	80.000	26.379	0.000
272835.000	0.000	0.020	-0.047	80.000	26.379	0.000
272835.000	0.000	0.020	-0.047	80.000	26.379	0.000
272835.000	0.000	0.020	-0.047	80.000	26.379	0.000
272865.000	0.000	0.020	-0.047	80.000	26.379	0.000
272865.000	0.000	0.020	-0.047	80.000	26.379	0.000
272865.000	0.000	0.020	-0.047	80.000	26.379	0.000
272895.000	0.000	0.020	-0.047	80.000	26.379	0.000
272895.000	0.000	0.020	-0.047	80.000	26.379	0.000
272895.000	0.000	0.020	-0.047	80.000	26.379	0.000
272925.000	0.000	0.020	-0.047	80.000	26.379	0.000
272925.000	0.000	0.020	-0.047	80.000	26.379	0.000
272925.000	0.000	0.020	-0.047	80.000	26.379	0.000
272960.000	0.000	0.020	-0.062	80.000	26.379	0.000
272960.000	0.000	0.020	-0.062	80.000	26.379	0.000
272960.000	0.000	0.020	-0.062	80.000	26.379	0.000
272985.000	0.000	0.020	-0.031	80.000	26.379	0.000
272985.000	0.000	0.020	-0.031	80.000	26.379	0.000
272985.000	0.000	0.020	-0.031	80.000	26.379	0.000
273015.000	0.000	0.020	-0.062	80.000	26.379	0.000
273015.000	0.000	0.020	-0.062	80.000	26.379	0.000
273015.000	0.000	0.020	-0.062	80.000	26.379	0.000
273045.000	0.000	0.020	-0.031	80.000	26.379	0.000
273045.000	0.000	0.020	-0.031	80.000	26.379	0.000
273045.000	0.000	0.020	-0.031	80.000	26.379	0.000
273075.000	0.000	0.020	-0.062	80.000	26.379	0.000
273075.000	0.000	0.020	-0.062	80.000	26.379	0.000
273075.000	0.000	0.020	-0.062	80.000	26.379	0.000
273105.000	0.000	0.020	-0.047	80.000	26.379	0.000
273105.000	0.000	0.020	-0.047	80.000	26.379	0.000
273105.000	0.000	0.020	-0.047	80.000	26.379	0.000
273135.000	0.000	0.020	-0.047	80.000	26.379	0.000
273135.000	0.000	0.020	-0.047	80.000	26.379	0.000
273135.000	0.000	0.020	-0.047	80.000	26.379	0.000
273165.000	0.000	0.020	-0.047	80.000	26.379	0.000
273165.000	0.000	0.020	-0.047	80.000	26.379	0.000
273165.000	0.000	0.020	-0.047	80.000	26.379	0.000
273195.000	0.000	0.020	-0.047	80.000	26.379	0.000
273195.000	0.000	0.020	-0.047	80.000	26.379	0.000
273195.000	0.000	0.020	-0.047	80.000	26.379	0.000
273225.000	0.000	0.020	-0.047	80.000	26.379	0.000
273225.000	0.000	0.020	-0.047	80.000	26.379	0.000
273225.000	0.000	0.020	-0.047	80.000	26.379	0.000
273255.000	0.000	0.020	-0.047	80.000	26.379	0.000
273255.000	0.000	0.020	-0.047	80.000	26.379	0.000
273255.000	0.000	0.020	-0.047	80.000	26.379	0.000
273285.000	0.000	0.020	-0.047	80.000	26.379	0.000
273285.000	0.000	0.020	-0.047	80.000	26.379	0.000
273285.000	0.000	0.020	-0.047	80.000	26.379	0.000
273315.000	0.000	0.020	-0.047	80.000	26.379	0.000
273315.000	0.000	0.020	-0.047	80.000	26.379	0.000
273315.000	0.000	0.020	-0.047	80.000	26.379	0.000
273345.000	0.000	0.020	-0.062	80.000	26.379	0.000
273345.000	0.000	0.020	-0.062	80.000	26.379	0.000
273345.000	0.000	0.020	-0.062	80.000	26.379	0.000
273375.000	0.000	0.020	-0.031	80.000	26.379	0.000
273375.000	0.000	0.020	-0.031	80.000	26.379	0.000
273375.000	0.000	0.020	-0.031	80.000	26.379	0.000
273405.000	0.000	0.020	-0.062	80.000	26.379	0.000
273405.000	0.000	0.020	-0.062	80.000	26.379	0.000
273405.000	0.000	0.020	-0.062	80.000	26.379	0.000
273435.000	0.000	0.020	-0.047	80.000	26.379	0.000
273435.000	0.000	0.020	-0.047	80.000	26.379	0.000
273435.000	0.000	0.020	-0.047	80.000	26.379	0.000
273465.000	0.000	0.020	-0.062	80.000	26.379	0.000
273465.000	0.000	0.020	-0.062	80.000	26.379	0.000
273465.000	0.000	0.020	-0.062	80.000	26.379	0.000
273495.000	0.000	0.020	-0.047	80.000	26.379	0.000
273495.000	0.000	0.020	-0.047	80.000	26.379	0.000
273495.000	0.000	0.020	-0.047	80.000	26.379	0.000
273525.000	0.000	0.020	-0.062	80.000	26.379	0.000
273525.000	0.000	0.020	-0.062	80.000	26.379	0.000
273525.000	0.000	0.020	-0.062	80.000	26.379	0.000
273555.000	0.000	0.020	-0.047	80.000	26.379	0.000
273555.000	0.000	0.020	-0.047	80.000	26.379	0.000
273555.000	0.000	0.020	-0.047	80.000	26.379	0.000
273585.000	0.000	0.020	-0.047	80.000	26.379	0.000
273585.000	0.000	0.020	-0.047	80.000	26.379	0.000
273585.000	0.000	0.020	-0.047	80.000	26.379	0.000
273615.000	0.000	0.020	-0.047	80.000	26.379	0.000
273615.000	0.000	0.020	-0.047	80.000	26.379	0.000
273615.000	0.000	0.020	-0.047	80.000	26.379	0.000
273645.000	0.000	0.020	-0.062	80.000	26.379	0.000
273645.000	0.000	0.020	-0.062	80.000	26.379	0.000
273645.000	0.000	0.020	-0.062	80.000	26.379	0.000
273675.000	0.000	0.020	-0.047	80.000	26.379	0.000
273675.000	0.000	0.020	-0.047	80.000	26.379	0.000
273675.000	0.000	0.020	-0.047	80.000	26.379	0.000
273705.000	0.000	0.020	-0.047	80.000	26.379	0.000
273705.000	0.000	0.020	-0.047	80.000	26.379	0.000
273705.000	0.000	0.020	-0.047	80.000	26.379	0.000
273740.000	0.000	0.020	-0.047	80.000	26.379	0.000
273740.000	0.000	0.020	-0.047	80.000	26.379	0.000
273740.000	0.000	0.020	-0.047	80.000	26.379	0.000
273765.000	0.000	0.020	-0.047	80.000	26.379	0.000
273765.000	0.000	0.020	-0.047	80.000	26.379	0.000
273765.000	0.000	0.020	-0.047	80.000	26.379	0.000
273795.000	0.000	0.020	-0.047	80.000	26.379	0.000
273795.000	0.000	0.020	-0.047	80.000	26.379	0.000
273795.000	0.000	0.020	-0.047	80.000	26.379	0.000
273825.000	0.000	0.020	-0.047	80.000	26.379	0.000
273825.000	0.000	0.020	-0.047	80.000	26.379	0.000
273825.000	0.000	0.020	-0.047	80.000	26.379	0.000
273855.000	0.000	0.020	-0.047	80.000	26.379	0.000
273855.000	0.000	0.020	-0.047	80.000	26.379	0.000
273855.000	0.000	0.020	-0.047	80.000	26.379	0.000
273885.000	0.000	0.020	-0.047	80.000	26.379	0.000
273885.000	0.000	0.020	-0.047	80.000	26.379	0.000
273885.000	0.000	0.020	-0.047	80.000	26.379	0.000
273915.000	0.000	0.020	-0.047	80.000	26.379	0.000
273915.000	0.000	0.020	-0.047	80.000	26.379	0.000
273915.000	0.000	0.020	-0.047	80.000	26.379	0.000
273945.000	0.000	0.020	-0.047	80.000	26.379	0.000
273945.000	0.000	0.020	-0.047	80.000	26.379	0.000
273945.000	0.000	0.020	-0.047	80.000	26.379	0.000
273975.000	0.000	0.020	-0.047	80.000	26.379	0.000
273975.000	0.000	0.020	-0.047	80.000	26.379	0.000
273975.000	0.000	0.020	-0.047	80.000	26.379	0.000
274005.000	0.000	0.020	-0.047	80.000	26.379	0.000
274005.000	0.000	0.020	-0.047	80.000	26.379	0.000
274005.000	0.000	0.020	-0.047	80.000	26.379	0.000
274035.000	0.000	0.020	-0.047	80.000	26.379	0.000
274035.000	0.000	0.020	-0.047	80.000	26.379	0.000
274035.000	0.000	0.020	-0.047	80.000	26.379	0.000
274065.000	0.000	0.020	-0.047	80.000	26.379	0.000
274065.000	0.000	0.020	-0.047	80.000	26.379	0.000
274065.000	0.000	0.020	-0.047	80.000	26.379	0.000
274095.000	0.000	0.020	-0.047	80.000	26.379	0.000
274095.000	0.000	0.020	-0.047	80.000	26.379	0.000
274095.000	0.000	0.020	-0.047	80.000	26.379	0.000
274125.000	0.000	0.020	-0.047	80.000	26.379	0.000
274125.000	0.000	0.020	-0.047	80.000	26.379	0.000
274125.000	0.000	0.020	-0.047	80.000	26.379	0.000
274155.000	0.000	0.020	-0.047	80.000	26.379	0.000
274155.000	0.000	0.020	-0.047	80.000	26.379	0.000
274155.000	0.000	0.020	-0.047	80.000	26.379	0.000
274185.000	0.000	0.020	-0.047	80.000	26.379	0.000
274185.000	0.000	0.020	-0.047	80.000	26.379	0.000
274185.000	0.000	0.020	-0.047	80.000	26.379	0.000
274215.000	0.000	0.020	-0.047	80.000	26.379	0.000
274215.000	0.000	0.020	-0.047	80.000	26.379	0.000
274215.000	0.000	0.020	-0.047	80.000	26.379	0.000
274245.000	0.000	0.020	-0.047	80.000	26.379	0.000
274245.000	0.000	0.020	-0.047	80.000	26.379	0.000
274245.000	0.000	0.020	-0.047	80.000	26.379	0.000
274275.000	0.000	0.020	-0.047	80.000	26.379	0.000
274275.000	0.000	0.020	-0.047	80.000	26.379	0.000
274275.000	0.000	0.020	-0.047	80.000	26.379	0.000
274305.000	0.000	0.020	-0.047	80.000	26.379	0.000
274305.000	0.000	0.020	-0.047	80.000	26.379	0.000
274305.000	0.000	0.020	-0.047	80.000	26.379	0.000
274335.000	0.000	0.020	-0.047	80.000	26.379	0.000
274335.000	0.000	0.020	-0.047	80.000	26.379	0.000
274335.000	0.000	0.020	-0.047	80.000	26.379	0.000
274365.000	0.000	0.020	-0.062	80.000	26.379	0.000
274365.000	0.000	0.020	-0.062	80.000	26.379	0.000
274365.000	0.000	0.020	-0.062	80.000	26.379	0.000
274395.000	0.000	0.020	-0.047	80.000	26.379	0.000
274395.000	0.000	0.020	-0.047	80.000	26.379	0.000
274395.000	0.000	0.020	-0.047	80.000	26.379	0.000
274425.000	0.000	0.020	-0.062	80.000	26.379	0.000
274425.000	0.000	0.020	-0.062	80.000	26.379	0.000
274425.000	0.000	0.020	-0.062	80.000	26.379	0.000
274455.000	0.000	0.020	-0.047	80.000	26.379	0.000
274455.000	0.000	0.020	-0.047	80.000	26.379	0.000
274455.000	0.000	0.020	-0.047	80.000	26.379	0.000
274485.000	0.000	0.020	-0.062	80.000	26.379	0.000
274485.000	0.000	0.020	-0.062	80.000	26.379	0.000
274485.000	0.000	0.020	-0.062	80.000	26.379	0.000
274515.000	0.000	0.020	-0.047	80.000	26.379	0.000
274515.000	0.000	0.020	-0.047	80.000	26.379	0.000
274515.000	0.000	0.020	-0.047	80.000	26.379	0.000
274545.000	0.000	0.020	-0.062	80.000	26.379	0.000
274545.000	0.000	0.020	-0.062	80.000	26.379	0.000
274545.000	0.000	0.020	-0.062	80.000	26.379	0.000
274575.000	0.000	0.020	-0.047	80.000	26.379	0.000
274575.000	0.000	0.020	-0.047	80.000	26.379	0.000
274575.000	0.000	0.020	-0.047	80.000	26.379	0.000
274605.000	0.000	0.020	-0.062	80.000	26.379	0.000
274605.000	0.000	0.020	-0.062	80.000	26.379	0.000
274605.000	0.000	0.020	-0.062	80.000	26.379	0.000
274635.000	0.000	0.020	-0.047	80.000	26.379	0.000
274635.000	0.000	0.020	-0.047	80.000	26.379	0.000
274635.000	0.000	0.020	-0.047	80.000	26.379	0.000
274665.000	0.000	0.020	-0.062	80.000	26.379	0.000
274665.000	0.000	0.020	-0.062	80.000	26.379	0.000
274665.000	0.000	0.020	-0.062	80.000	26.379	0.000
274695.000	0.000	0.020	-0.047	80.000	26.379	0.000
274695.000	0.000	0.020	-0.047	80.000	26.379	0.000
274695.000	0.000	0.020	-0.047	80.000	26.379	0.000
274725.000	0.000	0.020	-0.047	80.000	26.379	0.000
274725.000	0.000	0.020	-0.047	80.000	26.379	0.000
274725.000	0.000	0.020	-0.047	80.000	26.379	0.000
274755.000	0.000	0.020	-0.047	80.000	26.379	0.000
274755.000	0.000	0.020	-0.047	80.000	26.379	0.000
274755.000	0.000	0.020	-0.047	80.000	26.379	0.000
274785.000	0.000	0.020	-0.047	80.000	26.379	0.000
274785.000	0.000	0.020	-0.047	80.000	26.379	0.000
274785.000	0.000	0.020	-0.047	80.000	26.379	0.000
274815.000	0.000	0.020	-0.047	80.000	26.379	0.000
274815.000	0.000	0.020	-0.047	80.000	26.379	0.000
274815.000	0.000	0.020	-0.047	80.000	26.379	0.000
274845.000	0.000	0.020	-0.047	80.000	26.379	0.000
274845.000	0.000	0.020	-0.047	80.000	26.379	0.000
274845.000	0.000	0.020	-0.047	80.000	26.379	0.000
274875.000	0.000	0.020	-0.047	80.000	26.379	0.000
274875.000	0.000	0.020	-0.047	80.000	26.379	0.000
274875.000	0.000	0.020	-0.047	80.000	26.379	0.000
274905.000	0.000	0.020	-0.047	80.000	26.379	0.000
274905.000	0.000	0.020	-0.047	80.000	26.379	0.000
274905.000	0.000	0.020	-0.047	80.000	26.379	0.000
274935.000	0.000	0.020	-0.062	80.000	26.379	0.000
274935.000	0.000	0.020	-0.062	80.000	26.379	0.000
274935.000	0.000	0.020	-0.062	80.000	26.379	0.000
274965.000	0.000	0.020	-0.047	80.000	26.379	0.000
274965.000	0.000	0.020	-0.047	80.000	26.379	0.000
274965.000	0.000	0.020	-0.047	80.000	26.379	0.000
274995.000	0.000	0.020	-0.062	80.000	26.379	0.000
274995.000	0.000	0.020	-0.062	80.000	26.379	0.000
274995.000	0.000	0.020	-0.062	80.000	26.379	0.000
275025.000	0.000	0.020	-0.047	80.000	26.379	0.000
275025.000	0.000	0.020	-0.047	80.000	26.379	0.000
275025.000	0.000	0.020	-0.047	80.000	26.379	0.000
275055.000	0.000	0.020	-0.062	80.000	26.379	0.000
275055.000	0.000	0.020	-0.062	80.000	26.379	0.000
275055.000	0.000	0.020	-0.062	80.000	26.379	0.000
275085.000	0.000	0.020	-0.047	80.000	26.379	0.000
275085.000	0.000	0.020	-0.047	80.000	26.379	0.000
275085.000	0.000	0.020	-0.047	80.000	26.379	0.000
275115.000	0.000	0.020	-0.062	80.000	26.379	0.000
275115.000	0.000	0.020	-0.062	80.000	26.379	0.000
275115.000	0.000	0.020	-0.062	80.000	26.379	0.000
275145.000	0.000	0.020	-0.047	80.000	26.379	0.000
275145.000	0.000	0.020	-0.047	80.000	26.379	0.000
275145.000	0.000	0.020	-0.047	80.000	26.379	0.000
275175.000	0.000	0.020	-0.047	80.000	26.379	0.000
275175.000	0.000	0.020	-0.047	80.000	26.379	0.000
275175.000	0.000	0.020	-0.047	80.000	26.379	0.000
275205.000	0.000	0.020	-0.047	80.000	26.379	0.000
275205.000	0.000	0.020	-0.047	80.000	26.379	0.000
275205.000	0.000	0.020	-0.047	80.000	26.379	0.000
275235.000	0.000	0.020	-0.047	80.000	26.379	0.000
275235.000	0.000	0.020	-0.047	80.000	26.379	0.000
275235.000	0.000	0.020	-0.047	80.000	26.379	0.000
275265.000	0.000	0.020	-0.047	80.000	26.379	0.000
275265.000	0.000	0.020	-0.047	80.000	26.379	0.000
275265.000	0.000	0.020	-0.047	80.000	26.379	0.000
275295.000	0.000	0.020	-0.047	80.000	26.379	0.000
275295.000	0.000	0.020	-0.047	80.000	26.379	0.000
275295.000	0.000	0.020	-0.047	80.000	26.379	0.000
275325.000	0.000	0.020	-0.062	80.000	26.379	0.000
275325.000	0.000	0.020	-0.062	80.000	26.379	0.000
275325.000	0.000	0.020	-0.062	80.000	26.379	0.000
275355.000	0.000	0.020	-0.047	80.000	26.379	0.000
275355.000	0.000	0.020	-0.047	80.000	26.379	0.000
275355.000	0.000	0.020	-0.047	80.000	26.379	0.000
275385.000	0.000	0.020	-0.062	80.000	26.379	0.000
275385.000	0.000	0.020	-0.062	80.000	26.379	0.000
275385.000	0.000	0.020	-0.062	80.000	26.379	0.000
275415.000	0.000	0.020	-0.047	80.000	26.379	0.000
275415.000	0.000	0.020	-0.047	80.000	26.379	0.000
275415.000	0.000	0.020	-0.047	80.000	26.379	0.000
275445.000	0.000	0.020	-0.062	80.000	26.379	0.000
275445.000	0.000	0.020	-0.062	80.000	26.379	0.000
275445.000	0.000	0.020	-0.062	80.000	26.379	0.000
275475.000	0.000	0.020	-0.047	80.000	26.379	0.000
275475.000	0.000	0.020	-0.047	80.000	26.379	0.000
275475.000	0.000	0.020	-0.047	80.000	26.379	0.000
275505.000	0.000	0.020	-0.047	80.000	26.379	0.000
275505.000	0.000	0.020	-0.047	80.000	26.379	0.000
275505.000	0.000	0.020	-0.047	80.000	26.379	0.000
275535.000	0.000	0.020	-0.047	80.000	26.379	0.000
275535.000	0.000	0.020	-0.047	80.000	26.379	0.000
275535.000	0.000	0.020	-0.047	80.000	26.379	0.000
275565.000	0.000	0.020	-0.047	80.000	26.379	0.000
275565.000	0.000	0.020	-0.047	80.000	26.379	0.000
275565.000	0.000	0.020	-0.047	80.000	26.379	0.000
275595.000	0.000	0.020	-0.062	80.000	26.379	0.000
275595.000	0.000	0.020	-0.062	80.000	26.379	0.000
275595.000	0.000	0.020	-0.062	80.000	26.379	0.000
275625.000	0.000	0.020	-0.047	80.000	26.379	0.000
275625.000	0.000	0.020	-0.047	80.000	26.379	0.000
275625.000	0.000	0.020	-0.047	80.000	26.379	0.000
275655.000	0.000	0.020	-0.062	80.000	26.379	0.000
275655.000	0.000	0.020	-0.062	80.000	26.379	0.000
275655.000	0.000	0.020	-0.062	80.000	26.379	0.000
275685.000	0.000	0.020	-0.047	80.000	26.379	0.000
275685.000	0.000	0.020	-0.047	80.000	26.379	0.000
275685.000	0.000	0.020	-0.047	80.000	26.379	0.000
275715.000	0.000	0.020	-0.047	80.000	26.379	0.000
275715.000	0.000	0.020	-0.047	80.000	26.379	0.000
275715.000	0.000	0.020	-0.047	80.000	26.379	0.000
275745.000	0.000	0.020	-0.047	80.000	26.379	0.000
275745.000	0.000	0.020	-0.047	80.000	26.379	0.000
275745.000	0.000	0.020	-0.047	80.000	26.379	0.000
275775.000	0.000	0.020	-0.047	80.000	26.379	0.000
275775.000	0.000	0.020	-0.047	80.000	26.379	0.000
275775.000	0.000	0.020	-0.047	80.000	26.379	0.000
275805.000	0.000	0.020	-0.062	80.000	26.379	0.000
275805.000	0.000	0.020	-0.062	80.000	26.379	0.000
275805.000	0.000	0.020	-0.062	80.000	26.379	0.000
275835.000	0.000	0.020	-0.047	80.000	26.379	0.000
275835.000	0.000	0.020	-0.047	80.000	26.379	0.000
275835.000	0.000	0.020	-0.047	80.000	26.379	0.000
275865.000	0.000	0.020	-0.062	80.000	26.379	0.000
275865.000	0.000	0.020	-0.062	80.000	26.379	0.000
275865.000	0.000	0.020	-0.062	80.000	26.379	0.000
275895.000	0.000	0.020	-0.047	80.000	26.379	0.000
275895.000	0.000	0.020	-0.047	80.000	26.379	0.000
275895.000	0.000	0.020	-0.047	80.000	26.379	0.000
275925.000	0.000	0.020	-0.062	80.000	26.379	0.000
275925.000	0.000	0.020	-0.062	80.000	26.379	0.000
275925.000	0.000	0.020	-0.062	80.000	26.379	0.000
275955.000	0.000	0.020	-0.047	80.000	26.379	0.000
275955.000	0.000	0.020	-0.047	80.000	26.379	0.000
275955.000	0.000	0.020	-0.047	80.000	26.379	0.000
275985.000	0.000	0.020	-0.047	80.000	26.379	0.000
275985.000	0.000	0.020	-0.047	80.000	26.379	0.000
275985.000	0.000	0.020	-0.047	80.000	26.379	0.000
276015.000	0.000	0.020	-0.062	80.000	26.379	0.000
276015.000	0.000	0.020	-0.062	80.000	26.379	0.000
276015.000	0.000	0.020	-0.062	80.000	26.379	0.000
276045.000	0.000	0.020	-0.047	80.000	26.379	0.000
276045.000	0.000	0.020	-0.047	80.000	26.379	0.000
276045.000	0.000	0.020	-0.047	80.000	26.379	0.000
276075.000	0.000	0.020	-0.062	80.000	26.379	0.000
276075.000	0.000	0.020	-0.062	80.000	26.379	0.000
276075.000	0.000	0.020	-0.062	80.000	26.379	0.000
276105.000	0.000	0.020	-0.047	80.000	26.379	0.000
276105.000	0.000	0.020	-0.047	80.000	26.379	0.000
276105.000	0.000	0.020	-0.047	80.000	26.379	0.000
276135.000	0.000	0.020	-0.062	80.000	26.379	0.000
276135.000	0.000	0.020	-0.062	80.000	26.379	0.000
276135.000	0.000	0.020	-0.062	80.000	26.379	0.000
276165.000	0.000	0.020	-0.062	80.000	26.379	0.000
276165.000	0.000	0.020	-0.062	80.000	26.379	0.000
276165.000	0.000	0.020	-0.062	80.000	26.379	0.000
276195.000	0.000	0.020	-0.047	80.000	26.379	0.000
276195.000	0.000	0.020	-0.047	80.000	26.379	0.000
276195.000	0.000	0.020	-0.047	80.000	26.379	0.000
276225.000	0.000	0.020	-0.062	80.000	26.379	0.000
276225.000	0.000	0.020	-0.062	80.000	26.379	0.000
276225.000	0.000	0.020	-0.062	80.000	26.379	0.000
276255.000	0.000	0.020	-0.047	80.000	26.379	0.000
276255.000	0.000	0.020	-0.047	80.000	26.379	0.000
276255.000	0.000	0.020	-0.047	80.000	26.379	0.000
276285.000	0.000	0.020	-0.062	80.000	26.379	0.000
276285.000	0.000	0.020	-0.062	80.000	26.379	0.000
276285.000	0.000	0.020	-0.062	80.000	26.379	0.000
276315.000	0.000	0.020	-0.047	80.000	26.379	0.000
276315.000	0.000	0.020	-0.047	80.000	26.379	0.000
276315.000	0.000	0.020	-0.047	80.000	26.379	0.000
276345.000	0.000	0.020	-0.062	80.000	26.379	0.000
276345.000	0.000	0.020	-0.062	80.000	26.379	0.000
276345.000	0.000	0.020	-0.062	80.000	26.379	0.000
276380.000	0.000	0.020	-0.062	80.000	26.379	0.000
276380.000	0.000	0.020	-0.062	80.000	26.379	0.000
276380.000	0.000	0.020	-0.062	80.000	26.379	0.000
276405.000	0.000	0.020	-0.047	80.000	26.379	0.000
276405.000	0.000	0.020	-0.047	80.000	26.379	0.000
276405.000	0.000	0.020	-0.047	80.000	26.379	0.000
276435.000	0.000	0.020	-0.062	80.000	26.379	0.000
276435.000	0.000	0.020	-0.062	80.000	26.379	0.000
276435.000	0.000	0.020	-0.062	80.000	26.379	0.000
276465.000	0.000	0.020	-0.047	80.000	26.379	0.000
276465.000	0.000	0.020	-0.047	80.000	26.379	0.000
276465.000	0.000	0.020	-0.047	80.000	26.379	0.000
276495.000	0.000	0.020	-0.062	80.000	26.379	0.000
276495.000	0.000	0.020	-0.062	80.000	26.379	0.000
276495.000	0.000	0.020	-0.062	80.000	26.379	0.000
276525.000	0.000	0.020	-0.047	80.000	26.379	0.000
276525.000	0.000	0.020	-0.047	80.000	26.379	0.000
276525.000	0.000	0.020	-0.047	80.000	26.379	0.000
276555.000	0.000	0.020	-0.047	80.000	26.379	0.000
276555.000	0.000	0.020	-0.047	80.000	26.379	0.000
276555.000	0.000	0.020	-0.047	80.000	26.379	0.000
276585.000	0.000	0.020	-0.062	80.000	26.379	0.000
276585.000	0.000	0.020	-0.062	80.000	26.379	0.000
276585.000	0.000	0.020	-0.062	80.000	26.379	0.000
276615.000	0.000	0.020	-0.047	80.000	26.379	0.000
276615.000	0.000	0.020	-0.047	80.000	26.379	0.000
276615.000	0.000	0.020	-0.047	80.000	26.379	0.000
276645.000	0.000	0.020	-0.062	80.000	26.379	0.000
276645.000	0.000	0.020	-0.062	80.000	26.379	0.000
276645.000	0.000	0.020	-0.062	80.000	26.379	0.000
276675.000	0.000	0.020	-0.047	80.000	26.379	0.000
276675.000	0.000	0.020	-0.047	80.000	26.379	0.000
276675.000	0.000	0.020	-0.047	80.000	26.379	0.000
276705.000	0.000	0.020	-0.047	80.000	26.379	0.000
276705.000	0.000	0.020	-0.047	80.000	26.379	0.000
276705.000	0.000	0.020	-0.047	80.000	26.379	0.000
276735.000	0.000	0.020	-0.062	80.000	26.379	0.000
276735.000	0.000	0.020	-0.062	80.000	26.379	0.000
276735.000	0.000	0.020	-0.062	80.000	26.379	0.000
276765.000	0.000	0.020	-0.047	80.000	26.379	0.000
276765.000	0.000	0.020	-0.047	80.000	26.379	0.000
276765.000	0.000	0.020	-0.047	80.000	26.379	0.000
276795.000	0.000	0.020	-0.062	80.000	26.379	0.000
276795.000	0.000	0.020	-0.062	80.000	26.379	0.000
276795.000	0.000	0.020	-0.062	80.000	26.379	0.000
276825.000	0.000	0.020	-0.047	80.000	26.379	0.000
276825.000	0.000	0.020	-0.047	80.000	26.379	0.000
276825.000	0.000	0.020	-0.047	80.000	26.379	0.000
276855.000	0.000	0.020	-0.047	80.000	26.379	0.000
276855.000	0.000	0.020	-0.047	80.000	26.379	0.000
276855.000	0.000	0.020	-0.047	80.000	26.379	0.000
276885.000	0.000	0.020	-0.062	80.000	26.379	0.000
276885.000	0.000	0.020	-0.062	80.000	26.379	0.000
276885.000	0.000	0.020	-0.062	80.000	26.379	0.000
276915.000	0.000	0.020	-0.047	80.000	26.379	0.000
276915.000	0.000	0.020	-0.047	80.000	26.379	0.000
276915.000	0.000	0.020	-0.047	80.000	26.379	0.000
276945.000	0.000	0.020	-0.062	80.000	26.379	0.000
276945.000	0.000	0.020	-0.062	80.000	26.379	0.000
276945.000	0.000	0.020	-0.062	80.000	26.379	0.000
276975.000	0.000	0.020	-0.047	80.000	26.379	0.000
276975.000	0.000	0.020	-0.047	80.000	26.379	0.000
276975.000	0.000	0.020	-0.047	80.000	26.379	0.000
277005.000	0.000	0.020	-0.047	80.000	26.379	0.000
277005.000	0.000	0.020	-0.047	80.000	26.379	0.000
277005.000	0.000	0.020	-0.047	80.000	26.379	0.000
277035.000	0.000	0.020	-0.062	80.000	26.379	0.000
277035.000	0.000	0.020	-0.062	80.000	26.379	0.000
277035.000	0.000	0.020	-0.062	80.000	26.379	0.000
277065.000	0.000	0.020	-0.047	80.000	26.379	0.000
277065.000	0.000	0.020	-0.047	80.000	26.379	0.000
277065.000	0.000	0.020	-0.047	80.000	26.379	0.000
277095.000	0.000	0.020	-0.062	80.000	26.379	0.000
277095.000	0.000	0.020	-0.062	80.000	26.379	0.000
277095.000	0.000	0.020	-0.062	80.000	26.379	0.000
277125.000	0.000	0.020	-0.047	80.000	26.379	0.000
277125.000	0.000	0.020	-0.047	80.000	26.379	0.000
277125.000	0.000	0.020	-0.047	80.000	26.379	0.000
277155.000	0.000	0.020	-0.047	80.000	26.379	0.000
277155.000	0.000	0.020	-0.047	80.000	26.379	0.000
277155.000	0.000	0.020	-0.047	80.000	26.379	0.000
277185.000	0.000	0.020	-0.062	80.000	26.379	0.000
277185.000	0.000	0.020	-0.062	80.000	26.379	0.000
277185.000	0.000	0.020	-0.062	80.000	26.379	0.000
277215.000	0.000	0.020	-0.047	80.000	26.379	0.000
277215.000	0.000	0.020	-0.047	80.000	26.379	0.000
277215.000	0.000	0.020	-0.047	80.000	26.379	0.000
277245.000	0.000	0.020	-0.062	80.000	26.379	0.000
277245.000	0.000	0.020	-0.062	80.000	26.379	0.000
277245.000	0.000	0.020	-0.062	80.000	26.379	0.000
277275.000	0.000	0.020	-0.047	80.000	26.379	0.000
277275.000	0.000	0.020	-0.047	80.000	26.379	0.000
277275.000	0.000	0.020	-0.047	80.000	26.379	0.000
277305.000	0.000	0.020	-0.047	80.000	26.379	0.000
277305.000	0.000	0.020	-0.047	80.000	26.379	0.000
277305.000	0.000	0.020	-0.047	80.000	26.379	0.000
277335.000	0.000	0.020	-0.062	80.000	26.379	0.000
277335.000	0.000	0.020	-0.062	80.000	26.379	0.000
277335.000	0.000	0.020	-0.062	80.000	26.379	0.000
277365.000	0.000	0.020	-0.047	80.000	26.379	0.000
277365.000	0.000	0.020	-0.047	80.000	26.379	0.000
277365.000	0.000	0.020	-0.047	80.000	26.379	0.000
277395.000	0.000	0.020	-0.062	80.000	26.379	0.000
277395.000	0.000	0.020	-0.062	80.000	26.379	0.000
277395.000	0.000	0.020	-0.062	80.000	26.379	0.000
277425.000	0.000	0.020	-0.062	80.000	26.379	0.000
277425.000	0.000	0.020	-0.062	80.000	26.379	0.000
277425.000	0.000	0.020	-0.062	80.000	26.379	0.000
277455.000	0.000	0.020	-0.047	80.000	26.379	0.000
277455.000	0.000	0.020	-0.047	80.000	26.379	0.000
277455.000	0.000	0.020	-0.047	80.000	26.379	0.000
277485.000	0.000	0.020	-0.062	80.000	26.379	0.000
277485.000	0.000	0.020	-0.062	80.000	26.379	0.000
277485.000	0.000	0.020	-0.062	80.000	26.379	0.000
277515.000	0.000	0.020	-0.047	80.000	26.379	0.000
277515.000	0.000	0.020	-0.047	80.000	26.379	0.000
277515.000	0.000	0.020	-0.047	80.000	26.379	0.000
277545.000	0.000	0.020	-0.047	80.000	26.379	0.000
277545.000	0.000	0.020	-0.047	80.000	26.379	0.000
277545.000	0.000	0.020	-0.047	80.000	26.379	0.000
277575.000	0.000	0.020	-0.062	80.000	26.379	0.000
277575.000	0.000	0.020	-0.062	80.000	26.379	0.000
277575.000	0.000	0.020	-0.062	80.000	26.379	0.000
277605.000	0.000	0.020	-0.047	80.000	26.379	0.000
277605.000	0.000	0.020	-0.047	80.000	26.379	0.000
277605.000	0.000	0.020	-0.047	80.000	26.379	0.000
277635.000	0.000	0.020	-0.062	80.000	26.379	0.000
277635.000	0.000	0.020	-0.062	80.000	26.379	0.000
277635.000	0.000	0.020	-0.062	80.000	26.379	0.000
277665.000	0.000	0.020	-0.047	80.000	26.379	0.000
277665.000	0.000	0.020	-0.047	80.000	26.379	0.000
277665.000	0.000	0.020	-0.047	80.000	26.379	0.000
277695.000	0.000	0.020	-0.047	80.000	26.379	0.000
277695.000	0.000	0.020	-0.047	80.000	26.379	0.000
277695.000	0.000	0.020	-0.047	80.000	26.379	0.000
277725.000	0.000	0.020	-0.062	80.000	26.379	0.000
277725.000	0.000	0.020	-0.062	80.000	26.379	0.000
277725.000	0.000	0.020	-0.062	80.000	26.379	0.000
277755.000	0.000	0.020	-0.047	80.000	26.379	0.000
277755.000	0.000	0.020	-0.047	80.000	26.379	0.000
277755.000	0.000	0.020	-0.047	80.000	26.379	0.000
277785.000	0.000	0.020	-0.062	80.000	26.379	0.000
277785.000	0.000	0.020	-0.062	80.000	26.379	0.000
277785.000	0.000	0.020	-0.062	80.000	26.379	0.000
277815.000	0.000	0.020	-0.062	80.000	26.379	0.000
277815.000	0.000	0.020	-0.062	80.000	26.379	0.000
277815.000	0.000	0.020	-0.062	80.000	26.379	0.000
277845.000	0.000	0.020	-0.047	80.000	26.379	0.000
277845.000	0.000	0.020	-0.047	80.000	26.379	0.000
277845.000	0.000	0.020	-0.047	80.000	26.379	0.000
277875.000	0.000	0.020	-0.062	80.000	26.379	0.000
277875.000	0.000	0.020	-0.062	80.000	26.379	0.000
277875.000	0.000	0.020	-0.062	80.000	26.379	0.000
277905.000	0.000	0.020	-0.047	80.000	26.379	0.000
277905.000	0.000	0.020	-0.047	80.000	26.379	0.000
277905.000	0.000	0.020	-0.047	80.000	26.379	0.000
277935.000	0.000	0.020	-0.047	80.000	26.379	0.000
277935.000	0.000	0.020	-0.047	80.000	26.379	0.000
277935.000	0.000	0.020	-0.047	80.000	26.379	0.000
277965.000	0.000	0.020	-0.062	80.000	26.379	0.000
277965.000	0.000	0.020	-0.062	80.000	26.379	0.000
277965.000	0.000	0.020	-0.062	80.000	26.379	0.000
277995.000	0.000	0.020	-0.047	80.000	26.379	0.000
277995.000	0.000	0.020	-0.047	80.000	26.379	0.000
277995.000	0.000	0.020	-0.047	80.000	26.379	0.000
278025.000	0.000	0.020	-0.062	80.000	26.379	0.000
278025.000	0.000	0.020	-0.062	80.000	26.379	0.000
278025.000	0.000	0.020	-0.062	80.000	26.379	0.000
278055.000	0.000	0.020	-0.062	80.000	26.379	0.000
278055.000	0.000	0.020	-0.062	80.000	26.379	0.000
278055.000	0.000	0.020	-0.062	80.000	26.379	0.000
278085.000	0.000	0.020	-0.047	80.000	26.379	0.000
278085.000	0.000	0.020	-0.047	80.000	26.379	0.000
278085.000	0.000	0.020	-0.047	80.000	26.379	0.000
278115.000	0.000	0.020	-0.062	80.000	26.379	0.000
278115.000	0.000	0.020	-0.062	80.000	26.379	0.000
278115.000	0.000	0.020	-0.062	80.000	26.379	0.000
278145.000	0.000	0.020	-0.047	80.000	26.379	0.000
278145.000	0.000	0.020	-0.047	80.000	26.379	0.000
278145.000	0.000	0.020	-0.047	80.000	26.379	0.000
278175.000	0.000	0.020	-0.047	80.000	26.379	0.000
278175.000	0.000	0.020	-0.047	80.000	26.379	0.000
278175.000	0.000	0.020	-0.047	80.000	26.379	0.000
278205.000	0.000	0.020	-0.062	80.000	26.379	0.000
278205.000	0.000	0.020	-0.062	80.000	26.379	0.000
278205.000	0.000	0.020	-0.062	80.000	26.379	0.000
278235.000	0.000	0.020	-0.047	80.000	26.379	0.000
278235.000	0.000	0.020	-0.047	80.000	26.379	0.000
278235.000	0.000	0.020	-0.047	80.000	26.379	0.000
278265.000	0.000	0.020	-0.062	80.000	26.379	0.000
278265.000	0.000	0.020	-0.062	80.000	26.379	0.000
278265.000	0.000	0.020	-0.062	80.000	26.379	0.000
278295.000	0.000	0.020	-0.062	80.000	26.379	0.000
278295.000	0.000	0.020	-0.062	80.000	26.379	0.000
278295.000	0.000	0.020	-0.062	80.000	26.379	0.000
278325.000	0.000	0.020	-0.047	80.000	26.379	0.000
278325.000	0.000	0.020	-0.047	80.000	26.379	0.000
278325.000	0.000	0.020	-0.047	80.000	26.379	0.000
278355.000	0.000	0.020	-0.062	80.000	26.379	0.000
278355.000	0.000	0.020	-0.062	80.000	26.379	0.000
278355.000	0.000	0.020	-0.062	80.000	26.379	0.000
278385.000	0.000	0.020	-0.062	80.000	26.379	0.000
278385.000	0.000	0.020	-0.062	80.000	26.379	0.000
278385.000	0.000	0.020	-0.062	80.000	26.379	0.000
278415.000	0.000	0.020	-0.047	80.000	26.379	0.000
278415.000	0.000	0.020	-0.047	80.000	26.379	0.000
278415.000	0.000	0.020	-0.047	80.000	26.379	0.000
278445.000	0.000	0.020	-0.062	80.000	26.379	0.000
278445.000	0.000	0.020	-0.062	80.000	26.379	0.000
278445.000	0.000	0.020	-0.062	80.000	26.379	0.000
278475.000	0.000	0.020	-0.062	80.000	26.379	0.000
278475.000	0.000	0.020	-0.062	80.000	26.379	0.000
278475.000	0.000	0.020	-0.062	80.000	26.379	0.000
278505.000	0.000	0.020	-0.062	80.000	26.379	0.000
278505.000	0.000	0.020	-0.062	80.000	26.379	0.000
278505.000	0.000	0.020	-0.062	80.000	26.379	0.000
278535.000	0.000	0.020	-0.062	80.000	26.379	0.000
278535.000	0.000	0.020	-0.062	80.000	26.379	0.000
278535.000	0.000	0.020	-0.062	80.000	26.379	0.000
278565.000	0.000	0.020	-0.047	80.000	26.379	0.000
278565.000	0.000	0.020	-0.047	80.000	26.379	0.000
278565.000	0.000	0.020	-0.047	80.000	26.379	0.000
278595.000	0.000	0.020	-0.062	80.000	26.379	0.000
278595.000	0.000	0.020	-0.062	80.000	26.379	0.000
278595.000	0.000	0.020	-0.062	80.000	26.379	0.000
278625.000	0.000	0.020	-0.062	80.000	26.379	0.000
278625.000	0.000	0.020	-0.062	80.000	26.379	0.000
278625.000	0.000	0.020	-0.062	80.000	26.379	0.000
278655.000	0.000	0.020	-0.047	80.000	26.379	0.000
278655.000	0.000	0.020	-0.047	80.000	26.379	0.000
278655.000	0.000	0.020	-0.047	80.000	26.379	0.000
278685.000	0.000	0.020	-0.062	80.000	26.379	0.000
278685.000	0.000	0.020	-0.062	80.000	26.379	0.000
278685.000	0.000	0.020	-0.062	80.000	26.379	0.000
278715.000	0.000	0.020	-0.062	80.000	26.379	0.000
278715.000	0.000	0.020	-0.062	80.000	26.379	0.000
278715.000	0.000	0.020	-0.062	80.000	26.379	0.000
278745.000	0.000	0.020	-0.047	80.000	26.379	0.000
278745.000	0.000	0.020	-0.047	80.000	26.379	0.000
278745.000	0.000	0.020	-0.047	80.000	26.379	0.000
278775.000	0.000	0.020	-0.062	80.000	26.379	0.000
278775.000	0.000	0.020	-0.062	80.000	26.379	0.000
278775.000	0.000	0.020	-0.062	80.000	26.379	0.000
278805.000	0.000	0.020	-0.047	80.000	26.379	0.000
278805.000	0.000	0.020	-0.047	80.000	26.379	0.000
278805.000	0.000	0.020	-0.047	80.000	26.379	0.000
278835.000	0.000	0.020	-0.047	80.000	26.379	0.000
278835.000	0.000	0.020	-0.047	80.000	26.379	0.000
278835.000	0.000	0.020	-0.047	80.000	26.379	0.000
278865.000	0.000	0.020	-0.062	80.000	26.379	0.000
278865.000	0.000	0.020	-0.062	80.000	26.379	0.000
278865.000	0.000	0.020	-0.062	80.000	26.379	0.000
278895.000	0.000	0.020	-0.047	80.000	26.379	0.000
278895.000	0.000	0.020	-0.047	80.000	26.379	0.000
278895.000	0.000	0.020	-0.047	80.000	26.379	0.000
278925.000	0.000	0.020	-0.062	80.000	26.379	0.000
278925.000	0.000	0.020	-0.062	80.000	26.379	0.000
278925.000	0.000	0.020	-0.062	80.000	26.379	0.000
278955.000	0.000	0.020	-0.062	80.000	26.379	0.000
278955.000	0.000	0.020	-0.062	80.000	26.379	0.000
278955.000	0.000	0.020	-0.062	80.000	26.379	0.000
278985.000	0.000	0.020	-0.047	80.000	26.379	0.000
278985.000	0.000	0.020	-0.047	80.000	26.379	0.000
278985.000	0.000	0.020	-0.047	80.000	26.379	0.000
279015.000	0.000	0.020	-0.062	80.000	26.379	0.000
279015.000	0.000	0.020	-0.062	80.000	26.379	0.000
279015.000	0.000	0.020	-0.062	80.000	26.379	0.000
279045.000	0.000	0.020	-0.062	80.000	26.379	0.000
279045.000	0.000	0.020	-0.062	80.000	26.379	0.000
279045.000	0.000	0.020	-0.062	80.000	26.379	0.000
279075.000	0.000	0.020	-0.047	80.000	26.379	0.000
279075.000	0.000	0.020	-0.047	80.000	26.379	0.000
279075.000	0.000	0.020	-0.047	80.000	26.379	0.000
279105.000	0.000	0.020	-0.062	80.000	26.379	0.000
279105.000	0.000	0.020	-0.062	80.000	26.379	0.000
279105.000	0.000	0.020	-0.062	80.000	26.379	0.000
279135.000	0.000	0.020	-0.062	80.000	26.379	0.000
279135.000	0.000	0.020	-0.062	80.000	26.379	0.000
279135.000	0.000	0.020	-0.062	80.000	26.379	0.000
279165.000	0.000	0.020	-0.047	80.000	26.379	0.000
279165.000	0.000	0.020	-0.047	80.000	26.379	0.000
279165.000	0.000	0.020	-0.047	80.000	26.379	0.000
279195.000	0.000	0.020	-0.062	80.000	26.379	0.000
279195.000	0.000	0.020	-0.062	80.000	26.379	0.000
279195.000	0.000	0.020	-0.062	80.000	26.379	0.000
279225.000	0.000	0.020	-0.062	80.000	26.379	0.000
279225.000	0.000	0.020	-0.062	80.000	26.379	0.000
279225.000	0.000	0.020	-0.062	80.000	26.379	0.000
279255.000	0.000	0.020	-0.047	80.000	26.379	0.000
279255.000	0.000	0.020	-0.047	80.000	26.379	0.000
279255.000	0.000	0.020	-0.047	80.000	26.379	0.000
279285.000	0.000	0.020	-0.062	80.000	26.379	0.000
279285.000	0.000	0.020	-0.062	80.000	26.379	0.000
279285.000	0.000	0.020	-0.062	80.000	26.379	0.000
279315.000	0.000	0.020	-0.047	80.000	26.379	0.000
279315.000	0.000	0.020	-0.047	80.000	26.379	0.000
279315.000	0.000	0.020	-0.047	80.000	26.379	0.000
279345.000	0.000	0.020	-0.062	80.000	26.379	0.000
279345.000	0.000	0.020	-0.062	80.000	26.379	0.000
279345.000	0.000	0.020	-0.062	80.000	26.379	0.000
279375.000	0.000	0.020	-0.062	80.000	26.379	0.000
279375.000	0.000	0.020	-0.062	80.000	26.379	0.000
279375.000	0.000	0.020	-0.062	80.000	26.379	0.000
279405.000	0.000	0.020	-0.047	80.000	26.379	0.000
279405.000	0.000	0.020	-0.047	80.000	26.379	0.000
279405.000	0.000	0.020	-0.047	80.000	26.379	0.000
279435.000	0.000	0.020	-0.062	80.000	26.379	0.000
279435.000	0.000	0.020	-0.062	80.000	26.379	0.000
279435.000	0.000	0.020	-0.062	80.000	26.379	0.000
279465.000	0.000	0.020	-0.062	80.000	26.379	0.000
279465.000	0.000	0.020	-0.062	80.000	26.379	0.000
279465.000	0.000	0.020	-0.062	80.000	26.379	0.000
279495.000	0.000	0.020	-0.047	80.000	26.379	0.000
279495.000	0.000	0.020	-0.047	80.000	26.379	0.000
279495.000	0.000	0.020	-0.047	80.000	26.379	0.000
279525.000	0.000	0.020	-0.062	80.000	26.379	0.000
279525.000	0.000	0.020	-0.062	80.000	26.379	0.000
279525.000	0.000	0.020	-0.062	80.000	26.379	0.000
279555.000	0.000	0.020	-0.062	80.000	26.379	0.000
279555.000	0.000	0.020	-0.062	80.000	26.379	0.000
279555.000	0.000	0.020	-0.062	80.000	26.379	0.000
279585.000	0.000	0.020	-0.047	80.000	26.379	0.000
279585.000	0.000	0.020	-0.047	80.000	26.379	0.000
279585.000	0.000	0.020	-0.047	80.000	26.379	0.000
279615.000	0.000	0.020	-0.062	80.000	26.379	0.000
279615.000	0.000	0.020	-0.062	80.000	26.379	0.000
279615.000	0.000	0.020	-0.062	80.000	26.379	0.000
279645.000	0.000	0.020	-0.062	80.000	26.379	0.000
279645.000	0.000	0.020	-0.062	80.000	26.379	0.000
279645.000	0.000	0.020	-0.062	80.000	26.379	0.000
279675.000	0.000	0.020	-0.047	80.000	26.379	0.000
279675.000	0.000	0.020	-0.047	80.000	26.379	0.000
279675.000	0.000	0.020	-0.047	80.000	26.379	0.000
279705.000	0.000	0.020	-0.062	80.000	26.379	0.000
279705.000	0.000	0.020	-0.062	80.000	26.379	0.000
279705.000	0.000	0.020	-0.062	80.000	26.379	0.000
279735.000	0.000	0.020	-0.062	80.000	26.379	0.000
279735.000	0.000	0.020	-0.062	80.000	26.379	0.000
279735.000	0.000	0.020	-0.062	80.000	26.379	0.000
279765.000	0.000	0.020	-0.047	80.000	26.379	0.000
279765.000	0.000	0.020	-0.047	80.000	26.379	0.000
279765.000	0.000	0.020	-0.047	80.000	26.379	0.000
279795.000	0.000	0.020	-0.062	80.000	26.379	0.000
279795.000	0.000	0.020	-0.062	80.000	26.379	0.000
279795.000	0.000	0.020	-0.062	80.000	26.379	0.000
279825.000	0.000	0.020	-0.062	80.000	26.379	0.000
279825.000	0.000	0.020	-0.062	80.000	26.379	0.000
279825.000	0.000	0.020	-0.062	80.000	26.379	0.000
279855.000	0.000	0.020	-0.047	80.000	26.379	0.000
279855.000	0.000	0.020	-0.047	80.000	26.379	0.000
279855.000	0.000	0.020	-0.047	80.000	26.379	0.000
279885.000	0.000	0.020	-0.062	80.000	26.379	0.000
279885.000	0.000	0.020	-0.062	80.000	26.379	0.000
279885.000	0.000	0.020	-0.062	80.000	26.379	0.000
279915.000	0.000	0.020	-0.062	80.000	26.379	0.000
279915.000	0.000	0.020	-0.062	80.000	26.379	0.000
279915.000	0.000	0.020	-0.062	80.000	26.379	0.000
279945.000	0.000	0.020	-0.047	80.000	26.379	0.000
279945.000	0.000	0.020	-0.047	80.000	26.379	0.000
279945.000	0.000	0.020	-0.047	80.000	26.379	0.000
279975.000	0.000	0.020	-0.062	80.000	26.379	0.000
279975.000	0.000	0.020	-0.062	80.000	26.379	0.000
279975.000	0.000	0.020	-0.062	80.000	26.379	0.000
280005.000	0.000	0.020	-0.062	80.000	26.379	0.000
280005.000	0.000	0.020	-0.062	80.000	26.379	0.000
280005.000	0.000	0.020	-0.062	80.000	26.379	0.000
280035.000	0.000	0.020	-0.047	80.000	26.379	0.000
280035.000	0.000	0.020	-0.047	80.000	26.379	0.000
280035.000	0.000	0.020	-0.047	80.000	26.379	0.000
280065.000	0.000	0.020	-0.062	80.000	26.379	0.000
280065.000	0.000	0.020	-0.062	80.000	26.379	0.000
280065.000	0.000	0.020	-0.062	80.000	26.379	0.000
280095.000	0.000	0.020	-0.062	80.000	26.379	0.000
280095.000	0.000	0.020	-0.062	80.000	26.379	0.000
280095.000	0.000	0.020	-0.062	80.000	26.379	0.000
280125.000	0.000	0.020	-0.047	80.000	26.379	0.000
280125.000	0.000	0.020	-0.047	80.000	26.379	0.000
280125.000	0.000	0.020	-0.047	80.000	26.379	0.000
280155.000	0.000	0.020	-0.062	80.000	26.379	0.000
280155.000	0.000	0.020	-0.062	80.000	26.379	0.000
280155.000	0.000	0.020	-0.062	80.000	26.379	0.000
280185.000	0.000	0.020	-0.062	80.000	26.379	0.000
280185.000	0.000	0.020	-0.062	80.000	26.379	0.000
280185.000	0.000	0.020	-0.062	80.000	26.379	0.000
280215.000	0.000	0.020	-0.047	80.000	26.379	0.000
280215.000	0.000	0.020	-0.047	80.000	26.379	0.000
280215.000	0.000	0.020	-0.047	80.000	26.379	0.000
280245.000	0.000	0.020	-0.062	80.000	26.379	0.000
280245.000	0.000	0.020	-0.062	80.000	26.379	0.000
280245.000	0.000	0.020	-0.062	80.000	26.379	0.000
280275.000	0.000	0.020	-0.062	80.000	26.379	0.000
280275.000	0.000	0.020	-0.062	80.000	26.379	0.000
280275.000	0.000	0.020	-0.062	80.000	26.379	0.000
280305.000	0.000	0.020	-0.062	80.000	26.379	0.000
280305.000	0.000	0.020	-0.062	80.000	26.379	0.000
280305.000	0.000	0.020	-0.062	80.000	26.379	0.000
280335.000	0.000	0.020	-0.062	80.000	26.379	0.000
280335.000	0.000	0.020	-0.062	80.000	26.379	0.000
280335.000	0.000	0.020	-0.062	80.000	26.379	0.000
280365.000	0.000	0.020	-0.062	80.000	26.379	0.000
280365.000	0.000	0.020	-0.062	80.000	26.379	0.000
280365.000	0.000	0.020	-0.062	80.000	26.379	0.000
280395.000	0.000	0.020	-0.062	80.000	26.379	0.000
280395.000	0.000	0.020	-0.062	80.000	26.379	0.000
280395.000	0.000	0.020	-0.062	80.000	26.379	0.000
280425.000	0.000	0.020	-0.062	80.000	26.379	0.000
280425.000	0.000	0.020	-0.062	80.000	26.379	0.000
280425.000	0.000	0.020	-0.062	80.000	26.379	0.000
280455.000	0.000	0.020	-0.062	80.000	26.379	0.000
280455.000	0.000	0.020	-0.062	80.000	26.379	0.000
280455.000	0.000	0.020	-0.062	80.000	26.379	0.000
280485.000	0.000	0.020	-0.047	80.000	26.379	0.000
280485.000	0.000	0.020	-0.047	80.000	26.379	0.000
280485.000	0.000	0.020	-0.047	80.000	26.379	0.000
280515.000	0.000	0.020	-0.062	80.000	26.379	0.000
280515.000	0.000	0.020	-0.062	80.000	26.379	0.000
280515.000	0.000	0.020	-0.062	80.000	26.379	0.000
280545.000	0.000	0.020	-0.062	80.000	26.379	0.000
280545.000	0.000	0.020	-0.062	80.000	26.379	0.000
280545.000	0.000	0.020	-0.062	80.000	26.379	0.000
280575.000	0.000	0.020	-0.047	80.000	26.379	0.000
280575.000	0.000	0.020	-0.047	80.000	26.379	0.000
280575.000	0.000	0.020	-0.047	80.000	26.379	0.000
280605.000	0.000	0.020	-0.062	80.000	26.379	0.000
280605.000	0.000	0.020	-0.062	80.000	26.379	0.000
280605.000	0.000	0.020	-0.062	80.000	26.379	0.000
280635.000	0.000	0.020	-0.062	80.000	26.379	0.000
280635.000	0.000	0.020	-0.062	80.000	26.379	0.000
280635.000	0.000	0.020	-0.062	80.000	26.379	0.000
280665.000	0.000	0.020	-0.062	80.000	26.379	0.000
280665.000	0.000	0.020	-0.062	80.000	26.379	0.000
280665.000	0.000	0.020	-0.062	80.000	26.379	0.000
280695.000	0.000	0.020	-0.062	80.000	26.379	0.000
280695.000	0.000	0.020	-0.062	80.000	26.379	0.000
280695.000	0.000	0.020	-0.062	80.000	26.379	0.000
280725.000	0.000	0.020	-0.062	80.000	26.379	0.000
280725.000	0.000	0.020	-0.062	80.000	26.379	0.000
280725.000	0.000	0.020	-0.062	80.000	26.379	0.000
280755.000	0.000	0.020	-0.062	80.000	26.379	0.000
280755.000	0.000	0.020	-0.062	80.000	26.379	0.000
280755.000	0.000	0.020	-0.062	80.000	26.379	0.000
280785.000	0.000	0.020	-0.062	80.000	26.379	0.000
280785.000	0.000	0.020	-0.062	80.000	26.379	0.000
280785.000	0.000	0.020	-0.062	80.000	26.379	0.000
280815.000	0.000	0.020	-0.062	80.000	26.379	0.000
280815.000	0.000	0.020	-0.062	80.000	26.379	0.000
280815.000	0.000	0.020	-0.062	80.000	26.379	0.000
280845.000	0.000	0.020	-0.062	80.000	26.379	0.000
280845.000	0.000	0.020	-0.062	80.000	26.379	0.000
280845.000	0.000	0.020	-0.062	80.000	26.379	0.000
280875.000	0.500	0.020	0.891	80.000	26.379	0.000
280875.000	0.500	0.020	0.891	80.000	26.379	0.000
280875.000	0.500	0.020	0.891	80.000	26.379	0.000
280905.000	0.500	0.030	0.750	80.000	26.379	0.000
280905.000	0.500	0.030	0.750	80.000	26.379	0.000
280905.000	0.500	0.030	0.750	80.000	26.379	0.000
280935.000	0.500	0.040	0.609	80.000	26.379	0.000
280935.000	0.500	0.040	0.609	80.000	26.379	0.000
280935.000	0.500	0.040	0.609	80.000	26.379	0.000
280965.000	0.500	0.050	0.484	80.000	26.379	0.000
280965.000	0.500	0.050	0.484	80.000	26.379	0.000
280965.000	0.500	0.050	0.484	80.000	26.379	0.000
280995.000	0.500	0.070	0.359	80.000	26.379	0.000
280995.000	0.500	0.070	0.359	80.000	26.379	0.000
280995.000	0.500	0.070	0.359	80.000	26.379	0.000
281025.000	0.500	0.090	0.266	80.000	26.379	0.000
281025.000	0.500	0.090	0.266	80.000	26.379	0.000
281025.000	0.500	0.090	0.266	80.000	26.379	0.000
281055.000	0.500	0.120	0.172	80.000	26.379	0.000
281055.000	0.500	0.120	0.172	80.000	26.379	0.000
281055.000	0.500	0.120	0.172	80.000	26.379	0.000
281085.000	0.500	0.150	0.094	80.000	26.379	0.000
281085.000	0.500	0.150	0.094	80.000	26.379	0.000
281085.000	0.500	0.150	0.094	80.000	26.379	0.000
281115.000	0.500	0.170	0.031	80.000	26.379	0.000
281115.000	0.500	0.170	0.031	80.000	26.379	0.000
281115.000	0.500	0.170	0.031	80.000	26.379	0.000
281145.000	0.500	0.200	-0.031	80.000	26.379	0.000
281145.000	0.500	0.200	-0.031	80.000	26.379	0.000
281145.000	0.500	0.200	-0.031	80.000	26.379	0.000
281175.000	0.500	0.230	-0.094	80.000	26.379	0.000
281175.000	0.500	0.230	-0.094	80.000	26.379	0.000
281175.000	0.500	0.230	-0.094	80.000	26.379	0.000
281205.000	0.500	0.260	-0.125	80.000	26.379	0.000
281205.000	0.500	0.260	-0.125	80.000	26.379	0.000
281205.000	0.500	0.260	-0.125	80.000	26.379	0.000
281235.000	0.500	0.280	-0.156	80.000	26.379	0.000
281235.000	0.500	0.280	-0.156	80.000	26.379	0.000
281235.000	0.500	0.280	-0.156	80.000	26.379	0.000
281265.000	0.500	0.310	-0.187	80.000	26.379	0.000
281265.000	0.500	0.310	-0.187	80.000	26.379	0.000
281265.000	0.500	0.310	-0.187	80.000	26.379	0.000
281295.000	0.500	0.330	-0.219	80.000	26.379	0.000
281295.000	0.500	0.330	-0.219	80.000	26.379	0.000
281295.000	0.500	0.330	-0.219	80.000	26.379	0.000
281325.000	0.500	0.360	-0.234	80.000	26.379	0.000
281325.000	0.500	0.360	-0.234	80.000	26.379	0.000
281325.000	0.500	0.360	-0.234	80.000	26.379	0.000
281355.000	0.500	0.380	-0.234	80.000	26.379	0.000
281355.000	0.500	0.380	-0.234	80.000	26.379	0.000
281355.000	0.500	0.380	-0.234	80.000	26.379	0.000
281385.000	0.500	0.400	-0.250	80.000	26.379	0.000
281385.000	0.500	0.400	-0.250	80.000	26.379	0.000
281385.000	0.500	0.400	-0.250	80.000	26.379	0.000
281415.000	0.500	0.420	-0.250	80.000	26.379	0.000
281415.000	0.500	0.420	-0.250	80.000	26.379	0.000
281415.000	0.500	0.420	-0.250	80.000	26.379	0.000
281445.000	0.500	0.440	-0.250	80.000	26.379	0.000
281445.000	0.500	0.440	-0.250	80.000	26.379	0.000
281445.000	0.500	0.440	-0.250	80.000	26.379	0.000
281475.000	0.500	0.450	-0.266	80.000	26.379	0.000
281475.000	0.500	0.450	-0.266	80.000	26.379	0.000
281475.000	0.500	0.450	-0.266	80.000	26.379	0.000
281505.000	0.500	0.470	-0.250	80.000	26.379	0.000
281505.000	0.500	0.470	-0.250	80.000	26.379	0.000
281505.000	0.500	0.470	-0.250	80.000	26.379	0.000
281535.000	0.500	0.480	-0.250	80.000	26.379	0.000
281535.000	0.500	0.480	-0.250	80.000	26.379	0.000
281535.000	0.500	0.480	-0.250	80.000	26.379	0.000
281565.000	0.500	0.490	-0.234	80.000	26.379	0.000
281565.000	0.500	0.490	-0.234	80.000	26.379	0.000
281565.000	0.500	0.490	-0.234	80.000	26.379	0.000
281595.000	0.500	0.500	-0.219	80.000	26.379	0.000
281595.000	0.500	0.500	-0.219	80.000	26.379	0.000
281595.000	0.500	0.500	-0.219	80.000	26.379	0.000
281625.000	0.500	0.510	-0.203	80.000	26.379	0.000
281625.000	0.500	0.510	-0.203	80.000	26.379	0.000
281625.000	0.500	0.510	-0.203	80.000	26.379	0.000
281655.000	0.500	0.520	-0.203	80.000	26.379	0.000
281655.000	0.500	0.520	-0.203	80.000	26.379	0.000
281655.000	0.500	0.520	-0.203	80.000	26.379	0.000
281685.000	0.500	0.530	-0.187	80.000	26.379	0.000
281685.000	0.500	0.530	-0.187	80.000	26.379	0.000
281685.000	0.500	0.530	-0.187	80.000	26.379	0.000
281715.000	0.500	0.530	-0.187	80.000	26.379	0.000
281715.000	0.500	0.530	-0.187	80.000	26.379	0.000
281715.000	0.500	0.530	-0.187	80.000	26.379	0.000
281745.000	0.500	0.530	-0.172	80.000	26.379	0.000
281745.000	0.500	0.530	-0.172	80.000	26.379	0.000
281745.000	0.500	0.530	-0.172	80.000	26.379	0.000
281775.000	0.500	0.540	-0.172	80.000	26.379	0.000
281775.000	0.500	0.540	-0.172	80.000	26.379	0.000
281775.000	0.500	0.540	-0.172	80.000	26.379	0.000
281805.000	0.500	0.540	-0.172	80.000	26.379	0.000
281805.000	0.500	0.540	-0.172	80.000	26.379	0.000
281805.000	0.500	0.540	-0.172	80.000	26.379	0.000
281835.000	0.500	0.540	-0.156	80.000	26.379	0.000
281835.000	0.500	0.540	-0.156	80.000	26.379	0.000
281835.000	0.500	0.540	-0.156	80.000	26.379	0.000
281865.000	0.500	0.550	-0.141	80.000	26.379	0.000
281865.000	0.500	0.550	-0.141	80.000	26.379	0.000
281865.000	0.500	0.550	-0.141	80.000	26.379	0.000
281895.000	0.500	0.550	-0.141	80.000	26.379	0.000
281895.000	0.500	0.550	-0.141	80.000	26.379	0.000
281895.000	0.500	0.550	-0.141	80.000	26.379	0.000
281925.000	0.500	0.550	-0.141	80.000	26.379	0.000
281925.000	0.500	0.550	-0.141	80.000	26.379	0.000
281925.000	0.500	0.550	-0.141	80.000	26.379	0.000
281955.000	0.500	0.550	-0.125	80.000	26.379	0.000
281955.000	0.500	0.550	-0.125	80.000	26.379	0.000
281955.000	0.500	0.550	-0.125	80.000	26.379	0.000
281985.000	0.500	0.550	-0.109	80.000	26.379	0.000
281985.000	0.500	0.550	-0.109	80.000	26.379	0.000
281985.000	0.500	0.550	-0.109	80.000	26.379	0.000
282015.000	0.500	0.550	-0.125	80.000	26.379	0.000
282015.000	0.500	0.550	-0.125	80.000	26.379	0.000
282015.000	0.500	0.550	-0.125	80.000	26.379	0.000
282045.000	0.500	0.550	-0.109	80.000	26.379	0.000
282045.000	0.500	0.550	-0.109	80.000	26.379	0.000
282045.000	0.500	0.550	-0.109	80.000	26.379	0.000
282075.000	0.500	0.550	-0.094	80.000	26.379	0.000
282075.000	0.500	0.550	-0.094	80.000	26.379	0.000
282075.000	0.500	0.550	-0.094	80.000	26.379	0.000
282105.000	0.500	0.550	-0.109	80.000	26.379	0.000
282105.000	0.500	0.550	-0.109	80.000	26.379	0.000
282105.000	0.500	0.550	-0.109	80.000	26.379	0.000
282135.000	0.500	0.550	-0.109	80.000	26.379	0.000
282135.000	0.500	0.550	-0.109	80.000	26.379	0.000
282135.000	0.500	0.550	-0.109	80.000	26.379	0.000
282165.000	0.500	0.550	-0.094	80.000	26.379	0.000
282165.000	0.500	0.550	-0.094	80.000	26.379	0.000
282165.000	0.500	0.550	-0.094	80.000	26.379	0.000
282195.000	0.500	0.550	-0.094	80.000	26.379	0.000
282195.000	0.500	0.550	-0.094	80.000	26.379	0.000
282195.000	0.500	0.550	-0.094	80.000	26.379	0.000
282225.000	0.500	0.550	-0.109	80.000	26.379	0.000
282225.000	0.500	0.550	-0.109	80.000	26.379	0.000
282225.000	0.500	0.550	-0.109	80.000	26.379	0.000
282255.000	0.500	0.550	-0.094	80.000	26.379	0.000
282255.000	0.500	0.550	-0.094	80.000	26.379	0.000
282255.000	0.500	0.550	-0.094	80.000	26.379	0.000
282285.000	0.500	0.550	-0.094	80.000	26.379	0.000
282285.000	0.500	0.550	-0.094	80.000	26.379	0.000
282285.000	0.500	0.550	-0.094	80.000	26.379	0.000
282315.000	0.500	0.550	-0.094	80.000	26.379	0.000
282315.000	0.500	0.550	-0.094	80.000	26.379	0.000
282315.000	0.500	0.550	-0.094	80.000	26.379	0.000
282345.000	0.500	0.550	-0.094	80.000	26.379	0.000
282345.000	0.500	0.550	-0.094	80.000	26.379	0.000
282345.000	0.500	0.550	-0.094	80.000	26.379	0.000
282375.000	0.500	0.540	-0.094	80.000	26.379	0.000
282375.000	0.500	0.540	-0.094	80.000	26.379	0.000
282375.000	0.500	0.540	-0.094	80.000	26.379	0.000
282405.000	0.500	0.540	-0.109	80.000	26.379	0.000
282405.000	0.500	0.540	-0.109	80.000	26.379	0.000
282405.000	0.500	0.540	-0.109	80.000	26.379	0.000
282435.000	0.500	0.540	-0.094	80.000	26.379	0.000
282435.000	0.500	0.540	-0.094	80.000	26.379	0.000
282435.000	0.500	0.540	-0.094	80.000	26.379	0.000
282465.000	0.500	0.540	-0.094	80.000	26.379	0.000
282465.000	0.500	0.540	-0.094	80.000	26.379	0.000
282465.000	0.500	0.540	-0.094	80.000	26.379	0.000
282495.000	0.500	0.540	-0.109	80.000	26.379	0.000
282495.000	0.500	0.540	-0.109	80.000	26.379	0.000
282495.000	0.500	0.540	-0.109	80.000	26.379	0.000
282525.000	0.500	0.540	-0.094	80.000	26.379	0.000
282525.000	0.500	0.540	-0.094	80.000	26.379	0.000
282525.000	0.500	0.540	-0.094	80.000	26.379	0.000
282555.000	0.500	0.540	-0.094	80.000	26.379	0.000
282555.000	0.500	0.540	-0.094	80.000	26.379	0.000
282555.000	0.500	0.540	-0.094	80.000	26.379	0.000
282585.000	0.500	0.540	-0.109	80.000	26.379	0.000
282585.000	0.500	0.540	-0.109	80.000	26.379	0.000
282585.000	0.500	0.540	-0.109	80.000	26.379	0.000
282615.000	0.500	0.540	-0.109	80.000	26.379	0.000
282615.000	0.500	0.540	-0.109	80.000	26.379	0.000
282615.000	0.500	0.540	-0.109	80.000	26.379	0.000
282645.000	0.500	0.540	-0.109	80.000	26.379	0.000
282645.000	0.500	0.540	-0.109	80.000	26.379	0.000
282645.000	0.500	0.540	-0.109	80.000	26.379	0.000
282675.000	0.500	0.540	-0.109	80.000	26.379	0.000
282675.000	0.500	0.540	-0.109	80.000	26.379	0.000
282675.000	0.500	0.540	-0.109	80.000	26.379	0.000
282705.000	0.500	0.540	-0.094	80.000	26.379	0.000
282705.000	0.500	0.540	-0.094	80.000	26.379	0.000
282705.000	0.500	0.540	-0.094	80.000	26.379	0.000
282735.000	0.500	0.540	-0.109	80.000	26.379	0.000
282735.000	0.500	0.540	-0.109	80.000	26.379	0.000
282735.000	0.500	0.540	-0.109	80.000	26.379	0.000
282765.000	0.500	0.550	-0.109	80.000	26.379	0.000
282765.000	0.500	0.550	-0.109	80.000	26.379	0.000
282765.000	0.500	0.550	-0.109	80.000	26.379	0.000
282795.000	0.500	0.550	-0.094	80.000	26.379	0.000
282795.000	0.500	0.550	-0.094	80.000	26.379	0.000
282795.000	0.500	0.550	-0.094	80.000	26.379	0.000
282825.000	0.500	0.550	-0.109	80.000	26.379	0.000
282825.000	0.500	0.550	-0.109	80.000	26.379	0.000
282825.000	0.500	0.550	-0.109	80.000	26.379	0.000
282855.000	0.500	0.550	-0.109	80.000	26.379	0.000
282855.000	0.500	0.550	-0.109	80.000	26.379	0.000
282855.000	0.500	0.550	-0.109	80.000	26.379	0.000
282885.000	0.500	0.550	-0.094	80.000	26.379	0.000
282885.000	0.500	0.550	-0.094	80.000	26.379	0.000
282885.000	0.500	0.550	-0.094	80.000	26.379	0.000
282915.000	0.500	0.550	-0.109	80.000	26.379	0.000
282915.000	0.500	0.550	-0.109	80.000	26.379	0.000
282915.000	0.500	0.550	-0.109	80.000	26.379	0.000
282945.000	0.500	0.550	-0.109	80.000	26.379	0.000
282945.000	0.500	0.550	-0.109	80.000	26.379	0.000
282945.000	0.500	0.550	-0.109	80.000	26.379	0.000
282975.000	0.500	0.550	-0.109	80.000	26.379	0.000
282975.000	0.500	0.550	-0.109	80.000	26.379	0.000
282975.000	0.500	0.550	-0.109	80.000	26.379	0.000
283005.000	0.500	0.550	-0.109	80.000	26.379	0.000
283005.000	0.500	0.550	-0.109	80.000	26.379	0.000
283005.000	0.500	0.550	-0.109	80.000	26.379	0.000
283035.000	0.500	0.550	-0.094	80.000	26.379	0.000
283035.000	0.500	0.550	-0.094	80.000	26.379	0.000
283035.000	0.500	0.550	-0.094	80.000	26.379	0.000
283065.000	0.500	0.550	-0.109	80.000	26.379	0.000
283065.000	0.500	0.550	-0.109	80.000	26.379	0.000
283065.000	0.500	0.550	-0.109	80.000	26.379	0.000
283095.000	0.500	0.550	-0.109	80.000	26.379	0.000
283095.000	0.500	0.550	-0.109	80.000	26.379	0.000
283095.000	0.500	0.550	-0.109	80.000	26.379	0.000
283125.000	0.500	0.550	-0.094	80.000	26.379	0.000
283125.000	0.500	0.550	-0.094	80.000	26.379	0.000
283125.000	0.500	0.550	-0.094	80.000	26.379	0.000
283155.000	0.500	0.550	-0.109	80.000	26.379	0.000
283155.000	0.500	0.550	-0.109	80.000	26.379	0.000
283155.000	0.500	0.550	-0.109	80.000	26.379	0.000
283185.000	0.500	0.550	-0.094	80.000	26.379	0.000
283185.000	0.500	0.550	-0.094	80.000	26.379	0.000
283185.000	0.500	0.550	-0.094	80.000	26.379	0.000
283215.000	0.500	0.550	-0.109	80.000	26.379	0.000
283215.000	0.500	0.550	-0.109	80.000	26.379	0.000
283215.000	0.500	0.550	-0.109	80.000	26.379	0.000
283245.000	0.500	0.550	-0.109	80.000	26.379	0.000
283245.000	0.500	0.550	-0.109	80.000	26.379	0.000
283245.000	0.500	0.550	-0.109	80.000	26.379	0.000
283275.000	0.500	0.550	-0.109	80.000	26.379	0.000
283275.000	0.500	0.550	-0.109	80.000	26.379	0.000
283275.000	0.500	0.550	-0.109	80.000	26.379	0.000
283305.000	0.500	0.550	-0.109	80.000	26.379	0.000
283305.000	0.500	0.550	-0.109	80.000	26.379	0.000
283305.000	0.500	0.550	-0.109	80.000	26.379	0.000
283335.000	0.500	0.550	-0.094	80.000	26.379	0.000
283335.000	0.500	0.550	-0.094	80.000	26.379	0.000
283335.000	0.500	0.550	-0.094	80.000	26.379	0.000
283365.000	0.500	0.550	-0.109	80.000	26.379	0.000
283365.000	0.500	0.550	-0.109	80.000	26.379	0.000
283365.000	0.500	0.550	-0.109	80.000	26.379	0.000
283395.000	0.500	0.550	-0.109	80.000	26.379	0.000
283395.000	0.500	0.550	-0.109	80.000	26.379	0.000
283395.000	0.500	0.550	-0.109	80.000	26.379	0.000
283425.000	0.500	0.550	-0.109	80.000	26.379	0.000
