%ArduinoTime [ms]	Reference Position [rad]	Measured Position [rad]	Actual Current [A]	Proportional Gain [Kp]	Derivative Gain [Kd]	Integral Gain [Ki]	%11/4/20212:15 PM
0.000	0.000	0.000	0.000	0.000	0.000	0.000
605870.000	0.000	-0.080	0.141	80.000	20.000	0.000
605870.000	0.000	-0.080	0.141	80.000	20.000	0.000
605900.000	0.000	-0.080	0.141	80.000	20.000	0.000
605900.000	0.000	-0.080	0.141	80.000	20.000	0.000
605900.000	0.000	-0.080	0.141	80.000	20.000	0.000
605930.000	0.000	-0.080	0.141	80.000	20.000	0.000
605930.000	0.000	-0.080	0.141	80.000	20.000	0.000
605930.000	0.000	-0.080	0.141	80.000	20.000	0.000
605960.000	0.000	-0.080	0.141	80.000	20.000	0.000
605960.000	0.000	-0.080	0.141	80.000	20.000	0.000
605960.000	0.000	-0.080	0.141	80.000	20.000	0.000
605990.000	0.000	-0.080	0.141	80.000	20.000	0.000
605990.000	0.000	-0.080	0.141	80.000	20.000	0.000
605990.000	0.000	-0.080	0.141	80.000	20.000	0.000
606020.000	0.000	-0.080	0.156	80.000	20.000	0.000
606020.000	0.000	-0.080	0.156	80.000	20.000	0.000
606020.000	0.000	-0.080	0.156	80.000	20.000	0.000
606050.000	0.000	-0.080	0.156	80.000	20.000	0.000
606050.000	0.000	-0.080	0.156	80.000	20.000	0.000
606050.000	0.000	-0.080	0.156	80.000	20.000	0.000
606080.000	0.000	-0.080	0.156	80.000	20.000	0.000
606080.000	0.000	-0.080	0.156	80.000	20.000	0.000
606080.000	0.000	-0.080	0.156	80.000	20.000	0.000
606110.000	0.000	-0.080	0.156	80.000	20.000	0.000
606110.000	0.000	-0.080	0.156	80.000	20.000	0.000
606110.000	0.000	-0.080	0.156	80.000	20.000	0.000
606140.000	0.000	-0.090	0.156	80.000	20.000	0.000
606140.000	0.000	-0.090	0.156	80.000	20.000	0.000
606140.000	0.000	-0.090	0.156	80.000	20.000	0.000
606170.000	0.000	-0.090	0.156	80.000	20.000	0.000
606170.000	0.000	-0.090	0.156	80.000	20.000	0.000
606170.000	0.000	-0.090	0.156	80.000	20.000	0.000
606200.000	0.000	-0.090	0.156	80.000	20.000	0.000
606200.000	0.000	-0.090	0.156	80.000	20.000	0.000
606200.000	0.000	-0.090	0.156	80.000	20.000	0.000
606230.000	0.000	-0.090	0.156	80.000	20.000	0.000
606230.000	0.000	-0.090	0.156	80.000	20.000	0.000
606230.000	0.000	-0.090	0.156	80.000	20.000	0.000
606260.000	0.000	-0.090	0.156	80.000	20.000	0.000
606260.000	0.000	-0.090	0.156	80.000	20.000	0.000
606260.000	0.000	-0.090	0.156	80.000	20.000	0.000
606290.000	0.000	-0.090	0.141	80.000	20.000	0.000
606290.000	0.000	-0.090	0.141	80.000	20.000	0.000
606290.000	0.000	-0.090	0.141	80.000	20.000	0.000
606320.000	0.000	-0.090	0.156	80.000	20.000	0.000
606320.000	0.000	-0.090	0.156	80.000	20.000	0.000
606320.000	0.000	-0.090	0.156	80.000	20.000	0.000
606350.000	0.000	-0.090	0.141	80.000	20.000	0.000
606350.000	0.000	-0.090	0.141	80.000	20.000	0.000
606350.000	0.000	-0.090	0.141	80.000	20.000	0.000
606380.000	0.000	-0.090	0.156	80.000	20.000	0.000
606380.000	0.000	-0.090	0.156	80.000	20.000	0.000
606380.000	0.000	-0.090	0.156	80.000	20.000	0.000
606410.000	0.000	-0.090	0.156	80.000	20.000	0.000
606410.000	0.000	-0.090	0.156	80.000	20.000	0.000
606410.000	0.000	-0.090	0.156	80.000	20.000	0.000
606440.000	0.000	-0.090	0.141	80.000	20.000	0.000
606440.000	0.000	-0.090	0.141	80.000	20.000	0.000
606440.000	0.000	-0.090	0.141	80.000	20.000	0.000
606470.000	0.000	-0.090	0.156	80.000	20.000	0.000
606470.000	0.000	-0.090	0.156	80.000	20.000	0.000
606470.000	0.000	-0.090	0.156	80.000	20.000	0.000
606500.000	0.000	-0.090	0.141	80.000	20.000	0.000
606500.000	0.000	-0.090	0.141	80.000	20.000	0.000
606500.000	0.000	-0.090	0.141	80.000	20.000	0.000
606530.000	0.000	-0.090	0.156	80.000	20.000	0.000
606530.000	0.000	-0.090	0.156	80.000	20.000	0.000
606530.000	0.000	-0.090	0.156	80.000	20.000	0.000
606560.000	0.000	-0.090	0.141	80.000	20.000	0.000
606560.000	0.000	-0.090	0.141	80.000	20.000	0.000
606560.000	0.000	-0.090	0.141	80.000	20.000	0.000
606590.000	0.000	-0.090	0.156	80.000	20.000	0.000
606590.000	0.000	-0.090	0.156	80.000	20.000	0.000
606590.000	0.000	-0.090	0.156	80.000	20.000	0.000
606620.000	0.000	-0.090	0.141	80.000	20.000	0.000
606620.000	0.000	-0.090	0.141	80.000	20.000	0.000
606620.000	0.000	-0.090	0.141	80.000	20.000	0.000
606650.000	0.000	-0.090	0.156	80.000	20.000	0.000
606650.000	0.000	-0.090	0.156	80.000	20.000	0.000
606650.000	0.000	-0.090	0.156	80.000	20.000	0.000
606680.000	0.000	-0.090	0.141	80.000	20.000	0.000
606680.000	0.000	-0.090	0.141	80.000	20.000	0.000
606680.000	0.000	-0.090	0.141	80.000	20.000	0.000
606710.000	0.000	-0.090	0.141	80.000	20.000	0.000
606710.000	0.000	-0.090	0.141	80.000	20.000	0.000
606710.000	0.000	-0.090	0.141	80.000	20.000	0.000
606740.000	0.000	-0.090	0.141	80.000	20.000	0.000
606740.000	0.000	-0.090	0.141	80.000	20.000	0.000
606740.000	0.000	-0.090	0.141	80.000	20.000	0.000
606770.000	0.000	-0.090	0.141	80.000	20.000	0.000
606770.000	0.000	-0.090	0.141	80.000	20.000	0.000
606770.000	0.000	-0.090	0.141	80.000	20.000	0.000
606800.000	0.000	-0.090	0.156	80.000	20.000	0.000
606800.000	0.000	-0.090	0.156	80.000	20.000	0.000
606800.000	0.000	-0.090	0.156	80.000	20.000	0.000
606830.000	0.000	-0.090	0.141	80.000	20.000	0.000
606830.000	0.000	-0.090	0.141	80.000	20.000	0.000
606830.000	0.000	-0.090	0.141	80.000	20.000	0.000
606860.000	0.000	-0.090	0.156	80.000	20.000	0.000
606860.000	0.000	-0.090	0.156	80.000	20.000	0.000
606860.000	0.000	-0.090	0.156	80.000	20.000	0.000
606890.000	0.000	-0.090	0.141	80.000	20.000	0.000
606890.000	0.000	-0.090	0.141	80.000	20.000	0.000
606890.000	0.000	-0.090	0.141	80.000	20.000	0.000
606920.000	0.000	-0.090	0.156	80.000	20.000	0.000
606920.000	0.000	-0.090	0.156	80.000	20.000	0.000
606920.000	0.000	-0.090	0.156	80.000	20.000	0.000
606950.000	0.000	-0.090	0.156	80.000	20.000	0.000
606950.000	0.000	-0.090	0.156	80.000	20.000	0.000
606950.000	0.000	-0.090	0.156	80.000	20.000	0.000
606980.000	0.000	-0.090	0.156	80.000	20.000	0.000
606980.000	0.000	-0.090	0.156	80.000	20.000	0.000
606980.000	0.000	-0.090	0.156	80.000	20.000	0.000
607010.000	0.000	-0.090	0.156	80.000	20.000	0.000
607010.000	0.000	-0.090	0.156	80.000	20.000	0.000
607010.000	0.000	-0.090	0.156	80.000	20.000	0.000
607040.000	0.000	-0.090	0.141	80.000	20.000	0.000
607040.000	0.000	-0.090	0.141	80.000	20.000	0.000
607040.000	0.000	-0.090	0.141	80.000	20.000	0.000
607070.000	0.000	-0.090	0.156	80.000	20.000	0.000
607070.000	0.000	-0.090	0.156	80.000	20.000	0.000
607070.000	0.000	-0.090	0.156	80.000	20.000	0.000
607100.000	0.000	-0.090	0.141	80.000	20.000	0.000
607100.000	0.000	-0.090	0.141	80.000	20.000	0.000
607100.000	0.000	-0.090	0.141	80.000	20.000	0.000
607130.000	0.000	-0.090	0.156	80.000	20.000	0.000
607130.000	0.000	-0.090	0.156	80.000	20.000	0.000
607130.000	0.000	-0.090	0.156	80.000	20.000	0.000
607160.000	0.000	-0.090	0.141	80.000	20.000	0.000
607160.000	0.000	-0.090	0.141	80.000	20.000	0.000
607160.000	0.000	-0.090	0.141	80.000	20.000	0.000
607190.000	0.000	-0.090	0.156	80.000	20.000	0.000
607190.000	0.000	-0.090	0.156	80.000	20.000	0.000
607190.000	0.000	-0.090	0.156	80.000	20.000	0.000
607220.000	0.000	-0.090	0.141	80.000	20.000	0.000
607220.000	0.000	-0.090	0.141	80.000	20.000	0.000
607220.000	0.000	-0.090	0.141	80.000	20.000	0.000
607250.000	0.000	-0.090	0.156	80.000	20.000	0.000
607250.000	0.000	-0.090	0.156	80.000	20.000	0.000
607250.000	0.000	-0.090	0.156	80.000	20.000	0.000
607280.000	0.000	-0.090	0.141	80.000	20.000	0.000
607280.000	0.000	-0.090	0.141	80.000	20.000	0.000
607280.000	0.000	-0.090	0.141	80.000	20.000	0.000
607310.000	0.000	-0.090	0.156	80.000	20.000	0.000
607310.000	0.000	-0.090	0.156	80.000	20.000	0.000
607310.000	0.000	-0.090	0.156	80.000	20.000	0.000
607340.000	0.000	-0.090	0.141	80.000	20.000	0.000
607340.000	0.000	-0.090	0.141	80.000	20.000	0.000
607340.000	0.000	-0.090	0.141	80.000	20.000	0.000
607370.000	0.000	-0.090	0.141	80.000	20.000	0.000
607370.000	0.000	-0.090	0.141	80.000	20.000	0.000
607370.000	0.000	-0.090	0.141	80.000	20.000	0.000
607400.000	0.000	-0.090	0.156	80.000	20.000	0.000
607400.000	0.000	-0.090	0.156	80.000	20.000	0.000
607400.000	0.000	-0.090	0.156	80.000	20.000	0.000
607430.000	0.000	-0.090	0.141	80.000	20.000	0.000
607430.000	0.000	-0.090	0.141	80.000	20.000	0.000
607430.000	0.000	-0.090	0.141	80.000	20.000	0.000
607460.000	0.000	-0.090	0.156	80.000	20.000	0.000
607460.000	0.000	-0.090	0.156	80.000	20.000	0.000
607460.000	0.000	-0.090	0.156	80.000	20.000	0.000
607490.000	0.000	-0.090	0.141	80.000	20.000	0.000
607490.000	0.000	-0.090	0.141	80.000	20.000	0.000
607490.000	0.000	-0.090	0.141	80.000	20.000	0.000
607520.000	0.000	-0.090	0.156	80.000	20.000	0.000
607520.000	0.000	-0.090	0.156	80.000	20.000	0.000
607520.000	0.000	-0.090	0.156	80.000	20.000	0.000
607550.000	0.000	-0.090	0.156	80.000	20.000	0.000
607550.000	0.000	-0.090	0.156	80.000	20.000	0.000
607550.000	0.000	-0.090	0.156	80.000	20.000	0.000
607580.000	0.000	-0.090	0.141	80.000	20.000	0.000
607580.000	0.000	-0.090	0.141	80.000	20.000	0.000
607580.000	0.000	-0.090	0.141	80.000	20.000	0.000
607610.000	0.000	-0.090	0.156	80.000	20.000	0.000
607610.000	0.000	-0.090	0.156	80.000	20.000	0.000
607610.000	0.000	-0.090	0.156	80.000	20.000	0.000
607640.000	0.000	-0.090	0.141	80.000	20.000	0.000
607640.000	0.000	-0.090	0.141	80.000	20.000	0.000
607640.000	0.000	-0.090	0.141	80.000	20.000	0.000
607670.000	0.000	-0.090	0.156	80.000	20.000	0.000
607670.000	0.000	-0.090	0.156	80.000	20.000	0.000
607670.000	0.000	-0.090	0.156	80.000	20.000	0.000
607700.000	0.000	-0.090	0.156	80.000	20.000	0.000
607700.000	0.000	-0.090	0.156	80.000	20.000	0.000
607700.000	0.000	-0.090	0.156	80.000	20.000	0.000
607730.000	0.000	-0.090	0.141	80.000	20.000	0.000
607730.000	0.000	-0.090	0.141	80.000	20.000	0.000
607730.000	0.000	-0.090	0.141	80.000	20.000	0.000
607760.000	0.000	-0.090	0.156	80.000	20.000	0.000
607760.000	0.000	-0.090	0.156	80.000	20.000	0.000
607760.000	0.000	-0.090	0.156	80.000	20.000	0.000
607790.000	0.000	-0.090	0.141	80.000	20.000	0.000
607790.000	0.000	-0.090	0.141	80.000	20.000	0.000
607790.000	0.000	-0.090	0.141	80.000	20.000	0.000
607820.000	0.000	-0.090	0.141	80.000	20.000	0.000
607820.000	0.000	-0.090	0.141	80.000	20.000	0.000
607820.000	0.000	-0.090	0.141	80.000	20.000	0.000
607850.000	0.000	-0.090	0.156	80.000	20.000	0.000
607850.000	0.000	-0.090	0.156	80.000	20.000	0.000
607850.000	0.000	-0.090	0.156	80.000	20.000	0.000
607880.000	0.000	-0.090	0.141	80.000	20.000	0.000
607880.000	0.000	-0.090	0.141	80.000	20.000	0.000
607880.000	0.000	-0.090	0.141	80.000	20.000	0.000
607910.000	0.000	-0.090	0.156	80.000	20.000	0.000
607910.000	0.000	-0.090	0.156	80.000	20.000	0.000
607910.000	0.000	-0.090	0.156	80.000	20.000	0.000
607940.000	0.000	-0.090	0.156	80.000	20.000	0.000
607940.000	0.000	-0.090	0.156	80.000	20.000	0.000
607940.000	0.000	-0.090	0.156	80.000	20.000	0.000
607970.000	0.000	-0.090	0.141	80.000	20.000	0.000
607970.000	0.000	-0.090	0.141	80.000	20.000	0.000
607970.000	0.000	-0.090	0.141	80.000	20.000	0.000
608000.000	0.000	-0.090	0.156	80.000	20.000	0.000
608000.000	0.000	-0.090	0.156	80.000	20.000	0.000
608000.000	0.000	-0.090	0.156	80.000	20.000	0.000
608030.000	0.000	-0.090	0.141	80.000	20.000	0.000
608030.000	0.000	-0.090	0.141	80.000	20.000	0.000
608030.000	0.000	-0.090	0.141	80.000	20.000	0.000
608060.000	0.000	-0.090	0.141	80.000	20.000	0.000
608060.000	0.000	-0.090	0.141	80.000	20.000	0.000
608060.000	0.000	-0.090	0.141	80.000	20.000	0.000
608090.000	0.000	-0.090	0.172	80.000	20.000	0.000
608090.000	0.000	-0.090	0.172	80.000	20.000	0.000
608090.000	0.000	-0.090	0.172	80.000	20.000	0.000
608120.000	0.000	-0.090	0.156	80.000	20.000	0.000
608120.000	0.000	-0.090	0.156	80.000	20.000	0.000
608120.000	0.000	-0.090	0.156	80.000	20.000	0.000
608150.000	0.000	-0.090	0.141	80.000	20.000	0.000
608150.000	0.000	-0.090	0.141	80.000	20.000	0.000
608150.000	0.000	-0.090	0.141	80.000	20.000	0.000
608180.000	0.000	-0.090	0.172	80.000	20.000	0.000
608180.000	0.000	-0.090	0.172	80.000	20.000	0.000
608180.000	0.000	-0.090	0.172	80.000	20.000	0.000
608210.000	0.000	-0.090	0.141	80.000	20.000	0.000
608210.000	0.000	-0.090	0.141	80.000	20.000	0.000
608210.000	0.000	-0.090	0.141	80.000	20.000	0.000
608240.000	0.000	-0.090	0.125	80.000	20.000	0.000
608240.000	0.000	-0.090	0.125	80.000	20.000	0.000
608240.000	0.000	-0.090	0.125	80.000	20.000	0.000
608270.000	0.000	-0.090	0.172	80.000	20.000	0.000
608270.000	0.000	-0.090	0.172	80.000	20.000	0.000
608270.000	0.000	-0.090	0.172	80.000	20.000	0.000
608300.000	0.000	-0.090	0.156	80.000	20.000	0.000
608300.000	0.000	-0.090	0.156	80.000	20.000	0.000
608300.000	0.000	-0.090	0.156	80.000	20.000	0.000
608330.000	0.000	-0.090	0.125	80.000	20.000	0.000
608330.000	0.000	-0.090	0.125	80.000	20.000	0.000
608330.000	0.000	-0.090	0.125	80.000	20.000	0.000
608360.000	0.000	-0.090	0.172	80.000	20.000	0.000
608360.000	0.000	-0.090	0.172	80.000	20.000	0.000
608360.000	0.000	-0.090	0.172	80.000	20.000	0.000
608390.000	0.000	-0.090	0.156	80.000	20.000	0.000
608390.000	0.000	-0.090	0.156	80.000	20.000	0.000
608390.000	0.000	-0.090	0.156	80.000	20.000	0.000
608420.000	0.000	-0.090	0.125	80.000	20.000	0.000
608420.000	0.000	-0.090	0.125	80.000	20.000	0.000
608420.000	0.000	-0.090	0.125	80.000	20.000	0.000
608450.000	0.000	-0.090	0.156	80.000	20.000	0.000
608450.000	0.000	-0.090	0.156	80.000	20.000	0.000
608450.000	0.000	-0.090	0.156	80.000	20.000	0.000
608480.000	0.000	-0.090	0.172	80.000	20.000	0.000
608480.000	0.000	-0.090	0.172	80.000	20.000	0.000
608480.000	0.000	-0.090	0.172	80.000	20.000	0.000
608510.000	0.000	-0.090	0.141	80.000	20.000	0.000
608510.000	0.000	-0.090	0.141	80.000	20.000	0.000
608510.000	0.000	-0.090	0.141	80.000	20.000	0.000
608540.000	0.000	-0.090	0.141	80.000	20.000	0.000
608540.000	0.000	-0.090	0.141	80.000	20.000	0.000
608540.000	0.000	-0.090	0.141	80.000	20.000	0.000
608570.000	0.000	-0.090	0.172	80.000	20.000	0.000
608570.000	0.000	-0.090	0.172	80.000	20.000	0.000
608570.000	0.000	-0.090	0.172	80.000	20.000	0.000
608600.000	0.000	-0.090	0.156	80.000	20.000	0.000
608600.000	0.000	-0.090	0.156	80.000	20.000	0.000
608600.000	0.000	-0.090	0.156	80.000	20.000	0.000
608630.000	0.000	-0.090	0.125	80.000	20.000	0.000
608630.000	0.000	-0.090	0.125	80.000	20.000	0.000
608630.000	0.000	-0.090	0.125	80.000	20.000	0.000
608660.000	0.000	-0.090	0.156	80.000	20.000	0.000
608660.000	0.000	-0.090	0.156	80.000	20.000	0.000
608660.000	0.000	-0.090	0.156	80.000	20.000	0.000
608690.000	0.000	-0.090	0.156	80.000	20.000	0.000
608690.000	0.000	-0.090	0.156	80.000	20.000	0.000
608690.000	0.000	-0.090	0.156	80.000	20.000	0.000
608720.000	0.000	-0.090	0.141	80.000	20.000	0.000
608720.000	0.000	-0.090	0.141	80.000	20.000	0.000
608720.000	0.000	-0.090	0.141	80.000	20.000	0.000
608750.000	0.000	-0.090	0.141	80.000	20.000	0.000
608750.000	0.000	-0.090	0.141	80.000	20.000	0.000
608750.000	0.000	-0.090	0.141	80.000	20.000	0.000
608780.000	0.000	-0.090	0.156	80.000	20.000	0.000
608780.000	0.000	-0.090	0.156	80.000	20.000	0.000
608780.000	0.000	-0.090	0.156	80.000	20.000	0.000
608810.000	0.000	-0.090	0.156	80.000	20.000	0.000
608810.000	0.000	-0.090	0.156	80.000	20.000	0.000
608810.000	0.000	-0.090	0.156	80.000	20.000	0.000
608840.000	0.000	-0.090	0.141	80.000	20.000	0.000
608840.000	0.000	-0.090	0.141	80.000	20.000	0.000
608840.000	0.000	-0.090	0.141	80.000	20.000	0.000
608870.000	0.000	-0.090	0.125	80.000	20.000	0.000
608870.000	0.000	-0.090	0.125	80.000	20.000	0.000
608870.000	0.000	-0.090	0.125	80.000	20.000	0.000
608900.000	0.000	-0.090	0.156	80.000	20.000	0.000
608900.000	0.000	-0.090	0.156	80.000	20.000	0.000
608900.000	0.000	-0.090	0.156	80.000	20.000	0.000
608930.000	0.000	-0.090	0.156	80.000	20.000	0.000
608930.000	0.000	-0.090	0.156	80.000	20.000	0.000
608930.000	0.000	-0.090	0.156	80.000	20.000	0.000
608960.000	0.000	-0.090	0.141	80.000	20.000	0.000
608960.000	0.000	-0.090	0.141	80.000	20.000	0.000
608960.000	0.000	-0.090	0.141	80.000	20.000	0.000
608990.000	0.000	-0.090	0.125	80.000	20.000	0.000
608990.000	0.000	-0.090	0.125	80.000	20.000	0.000
608990.000	0.000	-0.090	0.125	80.000	20.000	0.000
609020.000	0.000	-0.090	0.156	80.000	20.000	0.000
609020.000	0.000	-0.090	0.156	80.000	20.000	0.000
609020.000	0.000	-0.090	0.156	80.000	20.000	0.000
609050.000	0.000	-0.090	0.172	80.000	20.000	0.000
609050.000	0.000	-0.090	0.172	80.000	20.000	0.000
609050.000	0.000	-0.090	0.172	80.000	20.000	0.000
609080.000	0.000	-0.090	0.156	80.000	20.000	0.000
609080.000	0.000	-0.090	0.156	80.000	20.000	0.000
609080.000	0.000	-0.090	0.156	80.000	20.000	0.000
609110.000	0.000	-0.090	0.125	80.000	20.000	0.000
609110.000	0.000	-0.090	0.125	80.000	20.000	0.000
609110.000	0.000	-0.090	0.125	80.000	20.000	0.000
609140.000	0.000	-0.090	0.156	80.000	20.000	0.000
609140.000	0.000	-0.090	0.156	80.000	20.000	0.000
609140.000	0.000	-0.090	0.156	80.000	20.000	0.000
609170.000	0.000	-0.090	0.172	80.000	20.000	0.000
609170.000	0.000	-0.090	0.172	80.000	20.000	0.000
609170.000	0.000	-0.090	0.172	80.000	20.000	0.000
609200.000	0.000	-0.090	0.156	80.000	20.000	0.000
609200.000	0.000	-0.090	0.156	80.000	20.000	0.000
609200.000	0.000	-0.090	0.156	80.000	20.000	0.000
609230.000	0.000	-0.090	0.141	80.000	20.000	0.000
609230.000	0.000	-0.090	0.141	80.000	20.000	0.000
609230.000	0.000	-0.090	0.141	80.000	20.000	0.000
609260.000	0.000	-0.090	0.125	80.000	20.000	0.000
609260.000	0.000	-0.090	0.125	80.000	20.000	0.000
609260.000	0.000	-0.090	0.125	80.000	20.000	0.000
609290.000	0.000	-0.090	0.125	80.000	20.000	0.000
609290.000	0.000	-0.090	0.125	80.000	20.000	0.000
609290.000	0.000	-0.090	0.125	80.000	20.000	0.000
609320.000	0.000	-0.090	0.172	80.000	20.000	0.000
609320.000	0.000	-0.090	0.172	80.000	20.000	0.000
609320.000	0.000	-0.090	0.172	80.000	20.000	0.000
609350.000	0.000	-0.090	0.156	80.000	20.000	0.000
609350.000	0.000	-0.090	0.156	80.000	20.000	0.000
609350.000	0.000	-0.090	0.156	80.000	20.000	0.000
609380.000	0.000	-0.090	0.141	80.000	20.000	0.000
609380.000	0.000	-0.090	0.141	80.000	20.000	0.000
609380.000	0.000	-0.090	0.141	80.000	20.000	0.000
609410.000	0.000	-0.090	0.141	80.000	20.000	0.000
609410.000	0.000	-0.090	0.141	80.000	20.000	0.000
609410.000	0.000	-0.090	0.141	80.000	20.000	0.000
609440.000	0.000	-0.090	0.156	80.000	20.000	0.000
609440.000	0.000	-0.090	0.156	80.000	20.000	0.000
609440.000	0.000	-0.090	0.156	80.000	20.000	0.000
609470.000	0.000	-0.090	0.156	80.000	20.000	0.000
609470.000	0.000	-0.090	0.156	80.000	20.000	0.000
609470.000	0.000	-0.090	0.156	80.000	20.000	0.000
609500.000	0.000	-0.090	0.156	80.000	20.000	0.000
609500.000	0.000	-0.090	0.156	80.000	20.000	0.000
609500.000	0.000	-0.090	0.156	80.000	20.000	0.000
609530.000	0.000	-0.090	0.156	80.000	20.000	0.000
609530.000	0.000	-0.090	0.156	80.000	20.000	0.000
609530.000	0.000	-0.090	0.156	80.000	20.000	0.000
609560.000	0.000	-0.090	0.156	80.000	20.000	0.000
609560.000	0.000	-0.090	0.156	80.000	20.000	0.000
609560.000	0.000	-0.090	0.156	80.000	20.000	0.000
609590.000	0.000	-0.090	0.141	80.000	20.000	0.000
609590.000	0.000	-0.090	0.141	80.000	20.000	0.000
609590.000	0.000	-0.090	0.141	80.000	20.000	0.000
609620.000	0.000	-0.090	0.141	80.000	20.000	0.000
609620.000	0.000	-0.090	0.141	80.000	20.000	0.000
609620.000	0.000	-0.090	0.141	80.000	20.000	0.000
609650.000	0.000	-0.090	0.141	80.000	20.000	0.000
609650.000	0.000	-0.090	0.141	80.000	20.000	0.000
609650.000	0.000	-0.090	0.141	80.000	20.000	0.000
609680.000	0.000	-0.090	0.156	80.000	20.000	0.000
609680.000	0.000	-0.090	0.156	80.000	20.000	0.000
609680.000	0.000	-0.090	0.156	80.000	20.000	0.000
609710.000	0.000	-0.090	0.156	80.000	20.000	0.000
609710.000	0.000	-0.090	0.156	80.000	20.000	0.000
609710.000	0.000	-0.090	0.156	80.000	20.000	0.000
609740.000	0.000	-0.090	0.156	80.000	20.000	0.000
609740.000	0.000	-0.090	0.156	80.000	20.000	0.000
609740.000	0.000	-0.090	0.156	80.000	20.000	0.000
609770.000	0.000	-0.090	0.141	80.000	20.000	0.000
609770.000	0.000	-0.090	0.141	80.000	20.000	0.000
609770.000	0.000	-0.090	0.141	80.000	20.000	0.000
609800.000	0.000	-0.090	0.141	80.000	20.000	0.000
609800.000	0.000	-0.090	0.141	80.000	20.000	0.000
609800.000	0.000	-0.090	0.141	80.000	20.000	0.000
609830.000	0.000	-0.090	0.141	80.000	20.000	0.000
609830.000	0.000	-0.090	0.141	80.000	20.000	0.000
609830.000	0.000	-0.090	0.141	80.000	20.000	0.000
609860.000	0.000	-0.090	0.141	80.000	20.000	0.000
609860.000	0.000	-0.090	0.141	80.000	20.000	0.000
609860.000	0.000	-0.090	0.141	80.000	20.000	0.000
609890.000	0.000	-0.090	0.156	80.000	20.000	0.000
609890.000	0.000	-0.090	0.156	80.000	20.000	0.000
609890.000	0.000	-0.090	0.156	80.000	20.000	0.000
609920.000	0.000	-0.090	0.156	80.000	20.000	0.000
609920.000	0.000	-0.090	0.156	80.000	20.000	0.000
609920.000	0.000	-0.090	0.156	80.000	20.000	0.000
609950.000	0.000	-0.090	0.156	80.000	20.000	0.000
609950.000	0.000	-0.090	0.156	80.000	20.000	0.000
609950.000	0.000	-0.090	0.156	80.000	20.000	0.000
609980.000	0.000	-0.090	0.156	80.000	20.000	0.000
609980.000	0.000	-0.090	0.156	80.000	20.000	0.000
609980.000	0.000	-0.090	0.156	80.000	20.000	0.000
610010.000	0.000	-0.090	0.141	80.000	20.000	0.000
610010.000	0.000	-0.090	0.141	80.000	20.000	0.000
610010.000	0.000	-0.090	0.141	80.000	20.000	0.000
610040.000	0.000	-0.090	0.141	80.000	20.000	0.000
610040.000	0.000	-0.090	0.141	80.000	20.000	0.000
610040.000	0.000	-0.090	0.141	80.000	20.000	0.000
610070.000	0.000	-0.090	0.141	80.000	20.000	0.000
610070.000	0.000	-0.090	0.141	80.000	20.000	0.000
610070.000	0.000	-0.090	0.141	80.000	20.000	0.000
610100.000	0.000	-0.090	0.156	80.000	20.000	0.000
610100.000	0.000	-0.090	0.156	80.000	20.000	0.000
610100.000	0.000	-0.090	0.156	80.000	20.000	0.000
610130.000	0.000	-0.090	0.156	80.000	20.000	0.000
610130.000	0.000	-0.090	0.156	80.000	20.000	0.000
610130.000	0.000	-0.090	0.156	80.000	20.000	0.000
610160.000	0.000	-0.090	0.156	80.000	20.000	0.000
610160.000	0.000	-0.090	0.156	80.000	20.000	0.000
610160.000	0.000	-0.090	0.156	80.000	20.000	0.000
610190.000	0.000	-0.090	0.156	80.000	20.000	0.000
610190.000	0.000	-0.090	0.156	80.000	20.000	0.000
610190.000	0.000	-0.090	0.156	80.000	20.000	0.000
610220.000	0.000	-0.090	0.156	80.000	20.000	0.000
610220.000	0.000	-0.090	0.156	80.000	20.000	0.000
610220.000	0.000	-0.090	0.156	80.000	20.000	0.000
610250.000	0.000	-0.090	0.156	80.000	20.000	0.000
610250.000	0.000	-0.090	0.156	80.000	20.000	0.000
610250.000	0.000	-0.090	0.156	80.000	20.000	0.000
610280.000	0.000	-0.090	0.156	80.000	20.000	0.000
610280.000	0.000	-0.090	0.156	80.000	20.000	0.000
610280.000	0.000	-0.090	0.156	80.000	20.000	0.000
610310.000	0.000	-0.090	0.156	80.000	20.000	0.000
610310.000	0.000	-0.090	0.156	80.000	20.000	0.000
610310.000	0.000	-0.090	0.156	80.000	20.000	0.000
610340.000	0.000	-0.090	0.141	80.000	20.000	0.000
610340.000	0.000	-0.090	0.141	80.000	20.000	0.000
610340.000	0.000	-0.090	0.141	80.000	20.000	0.000
610370.000	0.000	-0.090	0.141	80.000	20.000	0.000
610370.000	0.000	-0.090	0.141	80.000	20.000	0.000
610370.000	0.000	-0.090	0.141	80.000	20.000	0.000
610400.000	0.000	-0.090	0.141	80.000	20.000	0.000
610400.000	0.000	-0.090	0.141	80.000	20.000	0.000
610400.000	0.000	-0.090	0.141	80.000	20.000	0.000
610430.000	0.000	-0.090	0.141	80.000	20.000	0.000
610430.000	0.000	-0.090	0.141	80.000	20.000	0.000
610430.000	0.000	-0.090	0.141	80.000	20.000	0.000
610460.000	0.000	-0.090	0.141	80.000	20.000	0.000
610460.000	0.000	-0.090	0.141	80.000	20.000	0.000
610460.000	0.000	-0.090	0.141	80.000	20.000	0.000
610490.000	0.000	-0.090	0.141	80.000	20.000	0.000
610490.000	0.000	-0.090	0.141	80.000	20.000	0.000
610490.000	0.000	-0.090	0.141	80.000	20.000	0.000
610520.000	0.000	-0.090	0.141	80.000	20.000	0.000
610520.000	0.000	-0.090	0.141	80.000	20.000	0.000
610520.000	0.000	-0.090	0.141	80.000	20.000	0.000
610550.000	0.000	-0.090	0.141	80.000	20.000	0.000
610550.000	0.000	-0.090	0.141	80.000	20.000	0.000
610550.000	0.000	-0.090	0.141	80.000	20.000	0.000
610580.000	0.000	-0.090	0.141	80.000	20.000	0.000
610580.000	0.000	-0.090	0.141	80.000	20.000	0.000
610580.000	0.000	-0.090	0.141	80.000	20.000	0.000
610610.000	0.000	-0.090	0.156	80.000	20.000	0.000
610610.000	0.000	-0.090	0.156	80.000	20.000	0.000
610610.000	0.000	-0.090	0.156	80.000	20.000	0.000
610640.000	0.000	-0.090	0.156	80.000	20.000	0.000
610640.000	0.000	-0.090	0.156	80.000	20.000	0.000
610640.000	0.000	-0.090	0.156	80.000	20.000	0.000
610670.000	0.000	-0.090	0.156	80.000	20.000	0.000
610670.000	0.000	-0.090	0.156	80.000	20.000	0.000
610670.000	0.000	-0.090	0.156	80.000	20.000	0.000
610700.000	0.000	-0.090	0.156	80.000	20.000	0.000
610700.000	0.000	-0.090	0.156	80.000	20.000	0.000
610700.000	0.000	-0.090	0.156	80.000	20.000	0.000
610730.000	0.000	-0.090	0.156	80.000	20.000	0.000
610730.000	0.000	-0.090	0.156	80.000	20.000	0.000
610730.000	0.000	-0.090	0.156	80.000	20.000	0.000
610760.000	0.000	-0.090	0.156	80.000	20.000	0.000
610760.000	0.000	-0.090	0.156	80.000	20.000	0.000
610760.000	0.000	-0.090	0.156	80.000	20.000	0.000
610790.000	0.000	-0.090	0.156	80.000	20.000	0.000
610790.000	0.000	-0.090	0.156	80.000	20.000	0.000
610790.000	0.000	-0.090	0.156	80.000	20.000	0.000
610820.000	0.000	-0.090	0.156	80.000	20.000	0.000
610820.000	0.000	-0.090	0.156	80.000	20.000	0.000
610820.000	0.000	-0.090	0.156	80.000	20.000	0.000
610850.000	0.000	-0.090	0.156	80.000	20.000	0.000
610850.000	0.000	-0.090	0.156	80.000	20.000	0.000
610850.000	0.000	-0.090	0.156	80.000	20.000	0.000
610880.000	0.000	-0.090	0.156	80.000	20.000	0.000
610880.000	0.000	-0.090	0.156	80.000	20.000	0.000
610880.000	0.000	-0.090	0.156	80.000	20.000	0.000
610910.000	0.000	-0.090	0.156	80.000	20.000	0.000
610910.000	0.000	-0.090	0.156	80.000	20.000	0.000
610910.000	0.000	-0.090	0.156	80.000	20.000	0.000
610940.000	0.000	-0.090	0.156	80.000	20.000	0.000
610940.000	0.000	-0.090	0.156	80.000	20.000	0.000
610940.000	0.000	-0.090	0.156	80.000	20.000	0.000
610970.000	0.000	-0.090	0.156	80.000	20.000	0.000
610970.000	0.000	-0.090	0.156	80.000	20.000	0.000
610970.000	0.000	-0.090	0.156	80.000	20.000	0.000
611000.000	0.000	-0.090	0.156	80.000	20.000	0.000
611000.000	0.000	-0.090	0.156	80.000	20.000	0.000
611000.000	0.000	-0.090	0.156	80.000	20.000	0.000
611030.000	0.000	-0.090	0.156	80.000	20.000	0.000
611030.000	0.000	-0.090	0.156	80.000	20.000	0.000
611030.000	0.000	-0.090	0.156	80.000	20.000	0.000
611060.000	0.000	-0.090	0.156	80.000	20.000	0.000
611060.000	0.000	-0.090	0.156	80.000	20.000	0.000
611060.000	0.000	-0.090	0.156	80.000	20.000	0.000
611090.000	0.000	-0.090	0.156	80.000	20.000	0.000
611090.000	0.000	-0.090	0.156	80.000	20.000	0.000
611090.000	0.000	-0.090	0.156	80.000	20.000	0.000
611120.000	0.000	-0.090	0.156	80.000	20.000	0.000
611120.000	0.000	-0.090	0.156	80.000	20.000	0.000
611120.000	0.000	-0.090	0.156	80.000	20.000	0.000
611150.000	0.000	-0.090	0.156	80.000	20.000	0.000
611150.000	0.000	-0.090	0.156	80.000	20.000	0.000
611150.000	0.000	-0.090	0.156	80.000	20.000	0.000
611180.000	0.000	-0.090	0.156	80.000	20.000	0.000
611180.000	0.000	-0.090	0.156	80.000	20.000	0.000
611180.000	0.000	-0.090	0.156	80.000	20.000	0.000
611210.000	0.000	-0.090	0.156	80.000	20.000	0.000
611210.000	0.000	-0.090	0.156	80.000	20.000	0.000
611210.000	0.000	-0.090	0.156	80.000	20.000	0.000
611240.000	0.000	-0.090	0.156	80.000	20.000	0.000
611240.000	0.000	-0.090	0.156	80.000	20.000	0.000
611240.000	0.000	-0.090	0.156	80.000	20.000	0.000
611270.000	0.000	-0.090	0.156	80.000	20.000	0.000
611270.000	0.000	-0.090	0.156	80.000	20.000	0.000
611270.000	0.000	-0.090	0.156	80.000	20.000	0.000
611300.000	0.000	-0.090	0.156	80.000	20.000	0.000
611300.000	0.000	-0.090	0.156	80.000	20.000	0.000
611300.000	0.000	-0.090	0.156	80.000	20.000	0.000
611330.000	0.000	-0.090	0.156	80.000	20.000	0.000
611330.000	0.000	-0.090	0.156	80.000	20.000	0.000
611330.000	0.000	-0.090	0.156	80.000	20.000	0.000
611360.000	0.000	-0.090	0.156	80.000	20.000	0.000
611360.000	0.000	-0.090	0.156	80.000	20.000	0.000
611360.000	0.000	-0.090	0.156	80.000	20.000	0.000
611385.000	0.000	-0.090	0.156	80.000	20.000	0.000
611385.000	0.000	-0.090	0.156	80.000	20.000	0.000
611385.000	0.000	-0.090	0.156	80.000	20.000	0.000
611420.000	0.000	-0.090	0.156	80.000	20.000	0.000
611420.000	0.000	-0.090	0.156	80.000	20.000	0.000
611420.000	0.000	-0.090	0.156	80.000	20.000	0.000
611445.000	0.000	-0.090	0.156	80.000	20.000	0.000
611445.000	0.000	-0.090	0.156	80.000	20.000	0.000
611445.000	0.000	-0.090	0.156	80.000	20.000	0.000
611480.000	0.000	-0.090	0.156	80.000	20.000	0.000
611480.000	0.000	-0.090	0.156	80.000	20.000	0.000
611480.000	0.000	-0.090	0.156	80.000	20.000	0.000
611505.000	0.000	-0.090	0.156	80.000	20.000	0.000
611505.000	0.000	-0.090	0.156	80.000	20.000	0.000
611505.000	0.000	-0.090	0.156	80.000	20.000	0.000
611535.000	0.000	-0.090	0.156	80.000	20.000	0.000
611535.000	0.000	-0.090	0.156	80.000	20.000	0.000
611535.000	0.000	-0.090	0.156	80.000	20.000	0.000
611565.000	0.000	-0.090	0.156	80.000	20.000	0.000
611565.000	0.000	-0.090	0.156	80.000	20.000	0.000
611565.000	0.000	-0.090	0.156	80.000	20.000	0.000
611600.000	0.000	-0.090	0.141	80.000	20.000	0.000
611600.000	0.000	-0.090	0.141	80.000	20.000	0.000
611600.000	0.000	-0.090	0.141	80.000	20.000	0.000
611625.000	0.000	-0.090	0.156	80.000	20.000	0.000
611625.000	0.000	-0.090	0.156	80.000	20.000	0.000
611625.000	0.000	-0.090	0.156	80.000	20.000	0.000
611655.000	0.000	-0.090	0.141	80.000	20.000	0.000
611655.000	0.000	-0.090	0.141	80.000	20.000	0.000
611655.000	0.000	-0.090	0.141	80.000	20.000	0.000
611685.000	0.000	-0.090	0.141	80.000	20.000	0.000
611685.000	0.000	-0.090	0.141	80.000	20.000	0.000
611685.000	0.000	-0.090	0.141	80.000	20.000	0.000
611715.000	0.000	-0.090	0.141	80.000	20.000	0.000
611715.000	0.000	-0.090	0.141	80.000	20.000	0.000
611715.000	0.000	-0.090	0.141	80.000	20.000	0.000
611750.000	0.000	-0.090	0.141	80.000	20.000	0.000
611750.000	0.000	-0.090	0.141	80.000	20.000	0.000
611750.000	0.000	-0.090	0.141	80.000	20.000	0.000
611775.000	0.000	-0.090	0.141	80.000	20.000	0.000
611775.000	0.000	-0.090	0.141	80.000	20.000	0.000
611775.000	0.000	-0.090	0.141	80.000	20.000	0.000
611805.000	0.000	-0.090	0.141	80.000	20.000	0.000
611805.000	0.000	-0.090	0.141	80.000	20.000	0.000
611805.000	0.000	-0.090	0.141	80.000	20.000	0.000
611835.000	0.000	-0.090	0.156	80.000	20.000	0.000
611835.000	0.000	-0.090	0.156	80.000	20.000	0.000
611835.000	0.000	-0.090	0.156	80.000	20.000	0.000
611865.000	0.000	-0.090	0.156	80.000	20.000	0.000
611865.000	0.000	-0.090	0.156	80.000	20.000	0.000
611865.000	0.000	-0.090	0.156	80.000	20.000	0.000
611900.000	0.000	-0.090	0.156	80.000	20.000	0.000
611900.000	0.000	-0.090	0.156	80.000	20.000	0.000
611900.000	0.000	-0.090	0.156	80.000	20.000	0.000
611925.000	0.000	-0.090	0.156	80.000	20.000	0.000
611925.000	0.000	-0.090	0.156	80.000	20.000	0.000
611925.000	0.000	-0.090	0.156	80.000	20.000	0.000
611955.000	0.000	-0.090	0.156	80.000	20.000	0.000
611955.000	0.000	-0.090	0.156	80.000	20.000	0.000
611955.000	0.000	-0.090	0.156	80.000	20.000	0.000
611990.000	0.000	-0.090	0.156	80.000	20.000	0.000
611990.000	0.000	-0.090	0.156	80.000	20.000	0.000
611990.000	0.000	-0.090	0.156	80.000	20.000	0.000
612020.000	0.000	-0.090	0.141	80.000	20.000	0.000
612020.000	0.000	-0.090	0.141	80.000	20.000	0.000
612020.000	0.000	-0.090	0.141	80.000	20.000	0.000
612050.000	0.000	-0.090	0.141	80.000	20.000	0.000
612050.000	0.000	-0.090	0.141	80.000	20.000	0.000
612050.000	0.000	-0.090	0.141	80.000	20.000	0.000
612075.000	0.000	-0.090	0.141	80.000	20.000	0.000
612075.000	0.000	-0.090	0.141	80.000	20.000	0.000
612075.000	0.000	-0.090	0.141	80.000	20.000	0.000
612105.000	0.000	-0.090	0.141	80.000	20.000	0.000
612105.000	0.000	-0.090	0.141	80.000	20.000	0.000
612105.000	0.000	-0.090	0.141	80.000	20.000	0.000
612135.000	0.000	-0.090	0.141	80.000	20.000	0.000
612135.000	0.000	-0.090	0.141	80.000	20.000	0.000
612135.000	0.000	-0.090	0.141	80.000	20.000	0.000
612165.000	0.000	-0.090	0.156	80.000	20.000	0.000
612165.000	0.000	-0.090	0.156	80.000	20.000	0.000
612165.000	0.000	-0.090	0.156	80.000	20.000	0.000
612195.000	0.000	-0.090	0.156	80.000	20.000	0.000
612195.000	0.000	-0.090	0.156	80.000	20.000	0.000
612195.000	0.000	-0.090	0.156	80.000	20.000	0.000
612225.000	0.000	-0.090	0.156	80.000	20.000	0.000
612225.000	0.000	-0.090	0.156	80.000	20.000	0.000
612225.000	0.000	-0.090	0.156	80.000	20.000	0.000
612260.000	0.000	-0.090	0.156	80.000	20.000	0.000
612260.000	0.000	-0.090	0.156	80.000	20.000	0.000
612260.000	0.000	-0.090	0.156	80.000	20.000	0.000
612290.000	0.000	-0.090	0.156	80.000	20.000	0.000
612290.000	0.000	-0.090	0.156	80.000	20.000	0.000
612290.000	0.000	-0.090	0.156	80.000	20.000	0.000
612320.000	0.000	-0.090	0.141	80.000	20.000	0.000
612320.000	0.000	-0.090	0.141	80.000	20.000	0.000
612320.000	0.000	-0.090	0.141	80.000	20.000	0.000
612345.000	0.000	-0.090	0.141	80.000	20.000	0.000
612345.000	0.000	-0.090	0.141	80.000	20.000	0.000
612345.000	0.000	-0.090	0.141	80.000	20.000	0.000
612380.000	0.000	-0.090	0.156	80.000	20.000	0.000
612380.000	0.000	-0.090	0.156	80.000	20.000	0.000
612380.000	0.000	-0.090	0.156	80.000	20.000	0.000
612410.000	0.000	-0.090	0.156	80.000	20.000	0.000
612410.000	0.000	-0.090	0.156	80.000	20.000	0.000
612410.000	0.000	-0.090	0.156	80.000	20.000	0.000
612435.000	0.000	-0.090	0.172	80.000	20.000	0.000
612435.000	0.000	-0.090	0.172	80.000	20.000	0.000
612435.000	0.000	-0.090	0.172	80.000	20.000	0.000
612465.000	0.000	-0.090	0.156	80.000	20.000	0.000
612465.000	0.000	-0.090	0.156	80.000	20.000	0.000
612465.000	0.000	-0.090	0.156	80.000	20.000	0.000
612500.000	0.000	-0.090	0.156	80.000	20.000	0.000
612500.000	0.000	-0.090	0.156	80.000	20.000	0.000
612500.000	0.000	-0.090	0.156	80.000	20.000	0.000
612530.000	0.000	-0.090	0.141	80.000	20.000	0.000
612530.000	0.000	-0.090	0.141	80.000	20.000	0.000
612530.000	0.000	-0.090	0.141	80.000	20.000	0.000
612555.000	0.000	-0.090	0.141	80.000	20.000	0.000
612555.000	0.000	-0.090	0.141	80.000	20.000	0.000
612555.000	0.000	-0.090	0.141	80.000	20.000	0.000
612585.000	0.000	-0.090	0.141	80.000	20.000	0.000
612585.000	0.000	-0.090	0.141	80.000	20.000	0.000
612585.000	0.000	-0.090	0.141	80.000	20.000	0.000
612615.000	0.000	-0.090	0.156	80.000	20.000	0.000
612615.000	0.000	-0.090	0.156	80.000	20.000	0.000
612615.000	0.000	-0.090	0.156	80.000	20.000	0.000
612645.000	0.000	-0.090	0.156	80.000	20.000	0.000
612645.000	0.000	-0.090	0.156	80.000	20.000	0.000
612645.000	0.000	-0.090	0.156	80.000	20.000	0.000
612680.000	0.000	-0.090	0.156	80.000	20.000	0.000
612680.000	0.000	-0.090	0.156	80.000	20.000	0.000
612680.000	0.000	-0.090	0.156	80.000	20.000	0.000
612705.000	0.000	-0.090	0.156	80.000	20.000	0.000
612705.000	0.000	-0.090	0.156	80.000	20.000	0.000
612705.000	0.000	-0.090	0.156	80.000	20.000	0.000
612735.000	0.000	-0.090	0.156	80.000	20.000	0.000
612735.000	0.000	-0.090	0.156	80.000	20.000	0.000
612735.000	0.000	-0.090	0.156	80.000	20.000	0.000
612765.000	0.000	-0.090	0.141	80.000	20.000	0.000
612765.000	0.000	-0.090	0.141	80.000	20.000	0.000
612765.000	0.000	-0.090	0.141	80.000	20.000	0.000
612795.000	0.000	-0.090	0.141	80.000	20.000	0.000
612795.000	0.000	-0.090	0.141	80.000	20.000	0.000
612795.000	0.000	-0.090	0.141	80.000	20.000	0.000
612825.000	0.000	-0.090	0.141	80.000	20.000	0.000
612825.000	0.000	-0.090	0.141	80.000	20.000	0.000
612825.000	0.000	-0.090	0.141	80.000	20.000	0.000
612855.000	0.000	-0.090	0.156	80.000	20.000	0.000
612855.000	0.000	-0.090	0.156	80.000	20.000	0.000
612855.000	0.000	-0.090	0.156	80.000	20.000	0.000
612890.000	0.000	-0.090	0.156	80.000	20.000	0.000
612890.000	0.000	-0.090	0.156	80.000	20.000	0.000
612890.000	0.000	-0.090	0.156	80.000	20.000	0.000
612920.000	0.000	-0.090	0.141	80.000	20.000	0.000
612920.000	0.000	-0.090	0.141	80.000	20.000	0.000
612920.000	0.000	-0.090	0.141	80.000	20.000	0.000
612945.000	0.000	-0.090	0.141	80.000	20.000	0.000
612945.000	0.000	-0.090	0.141	80.000	20.000	0.000
612945.000	0.000	-0.090	0.141	80.000	20.000	0.000
612975.000	0.000	-0.090	0.141	80.000	20.000	0.000
612975.000	0.000	-0.090	0.141	80.000	20.000	0.000
612975.000	0.000	-0.090	0.141	80.000	20.000	0.000
613005.000	0.000	-0.090	0.141	80.000	20.000	0.000
613005.000	0.000	-0.090	0.141	80.000	20.000	0.000
613005.000	0.000	-0.090	0.141	80.000	20.000	0.000
613035.000	0.000	-0.090	0.156	80.000	20.000	0.000
613035.000	0.000	-0.090	0.156	80.000	20.000	0.000
613035.000	0.000	-0.090	0.156	80.000	20.000	0.000
613065.000	0.000	-0.090	0.156	80.000	20.000	0.000
613065.000	0.000	-0.090	0.156	80.000	20.000	0.000
613065.000	0.000	-0.090	0.156	80.000	20.000	0.000
613095.000	0.000	-0.090	0.156	80.000	20.000	0.000
613095.000	0.000	-0.090	0.156	80.000	20.000	0.000
613095.000	0.000	-0.090	0.156	80.000	20.000	0.000
613125.000	0.000	-0.090	0.141	80.000	20.000	0.000
613125.000	0.000	-0.090	0.141	80.000	20.000	0.000
613125.000	0.000	-0.090	0.141	80.000	20.000	0.000
613155.000	0.000	-0.090	0.156	80.000	20.000	0.000
613155.000	0.000	-0.090	0.156	80.000	20.000	0.000
613155.000	0.000	-0.090	0.156	80.000	20.000	0.000
613185.000	0.000	-0.090	0.156	80.000	20.000	0.000
613185.000	0.000	-0.090	0.156	80.000	20.000	0.000
613185.000	0.000	-0.090	0.156	80.000	20.000	0.000
613215.000	0.000	-0.090	0.156	80.000	20.000	0.000
613215.000	0.000	-0.090	0.156	80.000	20.000	0.000
613215.000	0.000	-0.090	0.156	80.000	20.000	0.000
613245.000	0.000	-0.090	0.156	80.000	20.000	0.000
613245.000	0.000	-0.090	0.156	80.000	20.000	0.000
613245.000	0.000	-0.090	0.156	80.000	20.000	0.000
613275.000	0.000	-0.090	0.141	80.000	20.000	0.000
613275.000	0.000	-0.090	0.141	80.000	20.000	0.000
613275.000	0.000	-0.090	0.141	80.000	20.000	0.000
613305.000	0.000	-0.090	0.141	80.000	20.000	0.000
613305.000	0.000	-0.090	0.141	80.000	20.000	0.000
613305.000	0.000	-0.090	0.141	80.000	20.000	0.000
613335.000	0.000	-0.090	0.156	80.000	20.000	0.000
613335.000	0.000	-0.090	0.156	80.000	20.000	0.000
613335.000	0.000	-0.090	0.156	80.000	20.000	0.000
613365.000	0.000	-0.090	0.156	80.000	20.000	0.000
613365.000	0.000	-0.090	0.156	80.000	20.000	0.000
613365.000	0.000	-0.090	0.156	80.000	20.000	0.000
613395.000	0.000	-0.090	0.156	80.000	20.000	0.000
613395.000	0.000	-0.090	0.156	80.000	20.000	0.000
613395.000	0.000	-0.090	0.156	80.000	20.000	0.000
613425.000	0.000	-0.090	0.141	80.000	20.000	0.000
613425.000	0.000	-0.090	0.141	80.000	20.000	0.000
613425.000	0.000	-0.090	0.141	80.000	20.000	0.000
613455.000	0.000	-0.090	0.156	80.000	20.000	0.000
613455.000	0.000	-0.090	0.156	80.000	20.000	0.000
613455.000	0.000	-0.090	0.156	80.000	20.000	0.000
613490.000	0.000	-0.090	0.156	80.000	20.000	0.000
613490.000	0.000	-0.090	0.156	80.000	20.000	0.000
613490.000	0.000	-0.090	0.156	80.000	20.000	0.000
613515.000	0.000	-0.090	0.156	80.000	20.000	0.000
613515.000	0.000	-0.090	0.156	80.000	20.000	0.000
613515.000	0.000	-0.090	0.156	80.000	20.000	0.000
613545.000	0.000	-0.090	0.141	80.000	20.000	0.000
613545.000	0.000	-0.090	0.141	80.000	20.000	0.000
613545.000	0.000	-0.090	0.141	80.000	20.000	0.000
613575.000	0.000	-0.090	0.141	80.000	20.000	0.000
613575.000	0.000	-0.090	0.141	80.000	20.000	0.000
613575.000	0.000	-0.090	0.141	80.000	20.000	0.000
613605.000	0.000	-0.090	0.156	80.000	20.000	0.000
613605.000	0.000	-0.090	0.156	80.000	20.000	0.000
613605.000	0.000	-0.090	0.156	80.000	20.000	0.000
613635.000	0.000	-0.090	0.156	80.000	20.000	0.000
613635.000	0.000	-0.090	0.156	80.000	20.000	0.000
613635.000	0.000	-0.090	0.156	80.000	20.000	0.000
613665.000	0.000	-0.090	0.141	80.000	20.000	0.000
613665.000	0.000	-0.090	0.141	80.000	20.000	0.000
613665.000	0.000	-0.090	0.141	80.000	20.000	0.000
613695.000	0.000	-0.090	0.141	80.000	20.000	0.000
613695.000	0.000	-0.090	0.141	80.000	20.000	0.000
613695.000	0.000	-0.090	0.141	80.000	20.000	0.000
613725.000	0.000	-0.090	0.156	80.000	20.000	0.000
613725.000	0.000	-0.090	0.156	80.000	20.000	0.000
613725.000	0.000	-0.090	0.156	80.000	20.000	0.000
613755.000	0.000	-0.090	0.156	80.000	20.000	0.000
613755.000	0.000	-0.090	0.156	80.000	20.000	0.000
613755.000	0.000	-0.090	0.156	80.000	20.000	0.000
613785.000	0.000	-0.090	0.156	80.000	20.000	0.000
613785.000	0.000	-0.090	0.156	80.000	20.000	0.000
613785.000	0.000	-0.090	0.156	80.000	20.000	0.000
613815.000	0.000	-0.090	0.141	80.000	20.000	0.000
613815.000	0.000	-0.090	0.141	80.000	20.000	0.000
613815.000	0.000	-0.090	0.141	80.000	20.000	0.000
613845.000	0.000	-0.090	0.156	80.000	20.000	0.000
613845.000	0.000	-0.090	0.156	80.000	20.000	0.000
613845.000	0.000	-0.090	0.156	80.000	20.000	0.000
613875.000	0.000	-0.090	0.156	80.000	20.000	0.000
613875.000	0.000	-0.090	0.156	80.000	20.000	0.000
613875.000	0.000	-0.090	0.156	80.000	20.000	0.000
613905.000	0.000	-0.090	0.141	80.000	20.000	0.000
613905.000	0.000	-0.090	0.141	80.000	20.000	0.000
613905.000	0.000	-0.090	0.141	80.000	20.000	0.000
613935.000	0.000	-0.090	0.141	80.000	20.000	0.000
613935.000	0.000	-0.090	0.141	80.000	20.000	0.000
613935.000	0.000	-0.090	0.141	80.000	20.000	0.000
613970.000	0.000	-0.090	0.156	80.000	20.000	0.000
613970.000	0.000	-0.090	0.156	80.000	20.000	0.000
613970.000	0.000	-0.090	0.156	80.000	20.000	0.000
613995.000	0.000	-0.090	0.156	80.000	20.000	0.000
613995.000	0.000	-0.090	0.156	80.000	20.000	0.000
613995.000	0.000	-0.090	0.156	80.000	20.000	0.000
614025.000	0.000	-0.090	0.141	80.000	20.000	0.000
614025.000	0.000	-0.090	0.141	80.000	20.000	0.000
614025.000	0.000	-0.090	0.141	80.000	20.000	0.000
614055.000	0.000	-0.090	0.141	80.000	20.000	0.000
614055.000	0.000	-0.090	0.141	80.000	20.000	0.000
614055.000	0.000	-0.090	0.141	80.000	20.000	0.000
614085.000	0.000	-0.090	0.156	80.000	20.000	0.000
614085.000	0.000	-0.090	0.156	80.000	20.000	0.000
614085.000	0.000	-0.090	0.156	80.000	20.000	0.000
614115.000	0.000	-0.090	0.156	80.000	20.000	0.000
614115.000	0.000	-0.090	0.156	80.000	20.000	0.000
614115.000	0.000	-0.090	0.156	80.000	20.000	0.000
614145.000	0.000	-0.090	0.141	80.000	20.000	0.000
614145.000	0.000	-0.090	0.141	80.000	20.000	0.000
614145.000	0.000	-0.090	0.141	80.000	20.000	0.000
614175.000	0.000	-0.090	0.141	80.000	20.000	0.000
614175.000	0.000	-0.090	0.141	80.000	20.000	0.000
614175.000	0.000	-0.090	0.141	80.000	20.000	0.000
614205.000	0.000	-0.090	0.156	80.000	20.000	0.000
614205.000	0.000	-0.090	0.156	80.000	20.000	0.000
614205.000	0.000	-0.090	0.156	80.000	20.000	0.000
614235.000	0.000	-0.090	0.156	80.000	20.000	0.000
614235.000	0.000	-0.090	0.156	80.000	20.000	0.000
614235.000	0.000	-0.090	0.156	80.000	20.000	0.000
614265.000	0.500	-0.090	1.094	80.000	20.000	0.000
614265.000	0.500	-0.090	1.094	80.000	20.000	0.000
614265.000	0.500	-0.090	1.094	80.000	20.000	0.000
614295.000	0.500	-0.090	1.031	80.000	20.000	0.000
614295.000	0.500	-0.090	1.031	80.000	20.000	0.000
614295.000	0.500	-0.090	1.031	80.000	20.000	0.000
614325.000	0.500	-0.080	0.922	80.000	20.000	0.000
614325.000	0.500	-0.080	0.922	80.000	20.000	0.000
614325.000	0.500	-0.080	0.922	80.000	20.000	0.000
614355.000	0.500	-0.060	0.797	80.000	20.000	0.000
614355.000	0.500	-0.060	0.797	80.000	20.000	0.000
614355.000	0.500	-0.060	0.797	80.000	20.000	0.000
614385.000	0.500	-0.040	0.719	80.000	20.000	0.000
614385.000	0.500	-0.040	0.719	80.000	20.000	0.000
614385.000	0.500	-0.040	0.719	80.000	20.000	0.000
614415.000	0.500	-0.020	0.594	80.000	20.000	0.000
614415.000	0.500	-0.020	0.594	80.000	20.000	0.000
614415.000	0.500	-0.020	0.594	80.000	20.000	0.000
614445.000	0.500	0.000	0.516	80.000	20.000	0.000
614445.000	0.500	0.000	0.516	80.000	20.000	0.000
614445.000	0.500	0.000	0.516	80.000	20.000	0.000
614475.000	0.500	0.030	0.422	80.000	20.000	0.000
614475.000	0.500	0.030	0.422	80.000	20.000	0.000
614475.000	0.500	0.030	0.422	80.000	20.000	0.000
614505.000	0.500	0.060	0.328	80.000	20.000	0.000
614505.000	0.500	0.060	0.328	80.000	20.000	0.000
614505.000	0.500	0.060	0.328	80.000	20.000	0.000
614535.000	0.500	0.090	0.281	80.000	20.000	0.000
614535.000	0.500	0.090	0.281	80.000	20.000	0.000
614535.000	0.500	0.090	0.281	80.000	20.000	0.000
614565.000	0.500	0.120	0.187	80.000	20.000	0.000
614565.000	0.500	0.120	0.187	80.000	20.000	0.000
614565.000	0.500	0.120	0.187	80.000	20.000	0.000
614595.000	0.500	0.160	0.125	80.000	20.000	0.000
614595.000	0.500	0.160	0.125	80.000	20.000	0.000
614595.000	0.500	0.160	0.125	80.000	20.000	0.000
614625.000	0.500	0.190	0.094	80.000	20.000	0.000
614625.000	0.500	0.190	0.094	80.000	20.000	0.000
614625.000	0.500	0.190	0.094	80.000	20.000	0.000
614655.000	0.500	0.220	0.031	80.000	20.000	0.000
614655.000	0.500	0.220	0.031	80.000	20.000	0.000
614655.000	0.500	0.220	0.031	80.000	20.000	0.000
614685.000	0.500	0.250	-0.016	80.000	20.000	0.000
614685.000	0.500	0.250	-0.016	80.000	20.000	0.000
614685.000	0.500	0.250	-0.016	80.000	20.000	0.000
614715.000	0.500	0.280	-0.047	80.000	20.000	0.000
614715.000	0.500	0.280	-0.047	80.000	20.000	0.000
614715.000	0.500	0.280	-0.047	80.000	20.000	0.000
614745.000	0.500	0.310	-0.094	80.000	20.000	0.000
614745.000	0.500	0.310	-0.094	80.000	20.000	0.000
614745.000	0.500	0.310	-0.094	80.000	20.000	0.000
614775.000	0.500	0.330	-0.094	80.000	20.000	0.000
614775.000	0.500	0.330	-0.094	80.000	20.000	0.000
614775.000	0.500	0.330	-0.094	80.000	20.000	0.000
614805.000	0.500	0.360	-0.109	80.000	20.000	0.000
614805.000	0.500	0.360	-0.109	80.000	20.000	0.000
614805.000	0.500	0.360	-0.109	80.000	20.000	0.000
614835.000	0.500	0.380	-0.141	80.000	20.000	0.000
614835.000	0.500	0.380	-0.141	80.000	20.000	0.000
614835.000	0.500	0.380	-0.141	80.000	20.000	0.000
614865.000	0.500	0.400	-0.125	80.000	20.000	0.000
614865.000	0.500	0.400	-0.125	80.000	20.000	0.000
614865.000	0.500	0.400	-0.125	80.000	20.000	0.000
614895.000	0.500	0.420	-0.141	80.000	20.000	0.000
614895.000	0.500	0.420	-0.141	80.000	20.000	0.000
614895.000	0.500	0.420	-0.141	80.000	20.000	0.000
614925.000	0.500	0.430	-0.109	80.000	20.000	0.000
614925.000	0.500	0.430	-0.109	80.000	20.000	0.000
614925.000	0.500	0.430	-0.109	80.000	20.000	0.000
614955.000	0.500	0.450	-0.125	80.000	20.000	0.000
614955.000	0.500	0.450	-0.125	80.000	20.000	0.000
614955.000	0.500	0.450	-0.125	80.000	20.000	0.000
614985.000	0.500	0.460	-0.094	80.000	20.000	0.000
614985.000	0.500	0.460	-0.094	80.000	20.000	0.000
614985.000	0.500	0.460	-0.094	80.000	20.000	0.000
615015.000	0.500	0.470	-0.094	80.000	20.000	0.000
615015.000	0.500	0.470	-0.094	80.000	20.000	0.000
615015.000	0.500	0.470	-0.094	80.000	20.000	0.000
615045.000	0.500	0.470	-0.062	80.000	20.000	0.000
615045.000	0.500	0.470	-0.062	80.000	20.000	0.000
615045.000	0.500	0.470	-0.062	80.000	20.000	0.000
615075.000	0.500	0.480	-0.078	80.000	20.000	0.000
615075.000	0.500	0.480	-0.078	80.000	20.000	0.000
615075.000	0.500	0.480	-0.078	80.000	20.000	0.000
615105.000	0.500	0.480	-0.047	80.000	20.000	0.000
615105.000	0.500	0.480	-0.047	80.000	20.000	0.000
615105.000	0.500	0.480	-0.047	80.000	20.000	0.000
615135.000	0.500	0.490	-0.047	80.000	20.000	0.000
615135.000	0.500	0.490	-0.047	80.000	20.000	0.000
615135.000	0.500	0.490	-0.047	80.000	20.000	0.000
615165.000	0.500	0.490	0.000	80.000	20.000	0.000
615165.000	0.500	0.490	0.000	80.000	20.000	0.000
615165.000	0.500	0.490	0.000	80.000	20.000	0.000
615195.000	0.500	0.490	0.000	80.000	20.000	0.000
615195.000	0.500	0.490	0.000	80.000	20.000	0.000
615195.000	0.500	0.490	0.000	80.000	20.000	0.000
615225.000	0.500	0.490	0.031	80.000	20.000	0.000
615225.000	0.500	0.490	0.031	80.000	20.000	0.000
615225.000	0.500	0.490	0.031	80.000	20.000	0.000
615255.000	0.500	0.490	0.047	80.000	20.000	0.000
615255.000	0.500	0.490	0.047	80.000	20.000	0.000
615255.000	0.500	0.490	0.047	80.000	20.000	0.000
615285.000	0.500	0.480	0.047	80.000	20.000	0.000
615285.000	0.500	0.480	0.047	80.000	20.000	0.000
615285.000	0.500	0.480	0.047	80.000	20.000	0.000
615315.000	0.500	0.480	0.078	80.000	20.000	0.000
615315.000	0.500	0.480	0.078	80.000	20.000	0.000
615315.000	0.500	0.480	0.078	80.000	20.000	0.000
615345.000	0.500	0.480	0.094	80.000	20.000	0.000
615345.000	0.500	0.480	0.094	80.000	20.000	0.000
615345.000	0.500	0.480	0.094	80.000	20.000	0.000
615375.000	0.500	0.470	0.094	80.000	20.000	0.000
615375.000	0.500	0.470	0.094	80.000	20.000	0.000
615375.000	0.500	0.470	0.094	80.000	20.000	0.000
615405.000	0.500	0.470	0.125	80.000	20.000	0.000
615405.000	0.500	0.470	0.125	80.000	20.000	0.000
615405.000	0.500	0.470	0.125	80.000	20.000	0.000
615435.000	0.500	0.470	0.109	80.000	20.000	0.000
615435.000	0.500	0.470	0.109	80.000	20.000	0.000
615435.000	0.500	0.470	0.109	80.000	20.000	0.000
615465.000	0.500	0.460	0.109	80.000	20.000	0.000
615465.000	0.500	0.460	0.109	80.000	20.000	0.000
615465.000	0.500	0.460	0.109	80.000	20.000	0.000
615495.000	0.500	0.460	0.141	80.000	20.000	0.000
615495.000	0.500	0.460	0.141	80.000	20.000	0.000
615495.000	0.500	0.460	0.141	80.000	20.000	0.000
615525.000	0.500	0.450	0.125	80.000	20.000	0.000
615525.000	0.500	0.450	0.125	80.000	20.000	0.000
615525.000	0.500	0.450	0.125	80.000	20.000	0.000
615555.000	0.500	0.450	0.141	80.000	20.000	0.000
615555.000	0.500	0.450	0.141	80.000	20.000	0.000
615555.000	0.500	0.450	0.141	80.000	20.000	0.000
615585.000	0.500	0.450	0.141	80.000	20.000	0.000
615585.000	0.500	0.450	0.141	80.000	20.000	0.000
615585.000	0.500	0.450	0.141	80.000	20.000	0.000
615615.000	0.500	0.440	0.141	80.000	20.000	0.000
615615.000	0.500	0.440	0.141	80.000	20.000	0.000
615615.000	0.500	0.440	0.141	80.000	20.000	0.000
615645.000	0.500	0.440	0.156	80.000	20.000	0.000
615645.000	0.500	0.440	0.156	80.000	20.000	0.000
615645.000	0.500	0.440	0.156	80.000	20.000	0.000
615675.000	0.500	0.440	0.156	80.000	20.000	0.000
615675.000	0.500	0.440	0.156	80.000	20.000	0.000
615675.000	0.500	0.440	0.156	80.000	20.000	0.000
615705.000	0.500	0.430	0.141	80.000	20.000	0.000
615705.000	0.500	0.430	0.141	80.000	20.000	0.000
615705.000	0.500	0.430	0.141	80.000	20.000	0.000
615735.000	0.500	0.430	0.156	80.000	20.000	0.000
615735.000	0.500	0.430	0.156	80.000	20.000	0.000
615735.000	0.500	0.430	0.156	80.000	20.000	0.000
615765.000	0.500	0.430	0.141	80.000	20.000	0.000
615765.000	0.500	0.430	0.141	80.000	20.000	0.000
615765.000	0.500	0.430	0.141	80.000	20.000	0.000
615795.000	0.500	0.430	0.141	80.000	20.000	0.000
615795.000	0.500	0.430	0.141	80.000	20.000	0.000
615795.000	0.500	0.430	0.141	80.000	20.000	0.000
615825.000	0.500	0.430	0.172	80.000	20.000	0.000
615825.000	0.500	0.430	0.172	80.000	20.000	0.000
615825.000	0.500	0.430	0.172	80.000	20.000	0.000
615855.000	0.500	0.420	0.141	80.000	20.000	0.000
615855.000	0.500	0.420	0.141	80.000	20.000	0.000
615855.000	0.500	0.420	0.141	80.000	20.000	0.000
615885.000	0.500	0.420	0.172	80.000	20.000	0.000
615885.000	0.500	0.420	0.172	80.000	20.000	0.000
615885.000	0.500	0.420	0.172	80.000	20.000	0.000
615915.000	0.500	0.420	0.156	80.000	20.000	0.000
615915.000	0.500	0.420	0.156	80.000	20.000	0.000
615915.000	0.500	0.420	0.156	80.000	20.000	0.000
615945.000	0.500	0.420	0.156	80.000	20.000	0.000
615945.000	0.500	0.420	0.156	80.000	20.000	0.000
615945.000	0.500	0.420	0.156	80.000	20.000	0.000
615975.000	0.500	0.420	0.172	80.000	20.000	0.000
615975.000	0.500	0.420	0.172	80.000	20.000	0.000
615975.000	0.500	0.420	0.172	80.000	20.000	0.000
616005.000	0.500	0.420	0.156	80.000	20.000	0.000
616005.000	0.500	0.420	0.156	80.000	20.000	0.000
616005.000	0.500	0.420	0.156	80.000	20.000	0.000
616035.000	0.500	0.420	0.172	80.000	20.000	0.000
616035.000	0.500	0.420	0.172	80.000	20.000	0.000
616035.000	0.500	0.420	0.172	80.000	20.000	0.000
616065.000	0.500	0.410	0.156	80.000	20.000	0.000
616065.000	0.500	0.410	0.156	80.000	20.000	0.000
616065.000	0.500	0.410	0.156	80.000	20.000	0.000
616095.000	0.500	0.410	0.156	80.000	20.000	0.000
616095.000	0.500	0.410	0.156	80.000	20.000	0.000
616095.000	0.500	0.410	0.156	80.000	20.000	0.000
616125.000	0.500	0.410	0.156	80.000	20.000	0.000
616125.000	0.500	0.410	0.156	80.000	20.000	0.000
616125.000	0.500	0.410	0.156	80.000	20.000	0.000
616155.000	0.500	0.410	0.156	80.000	20.000	0.000
616155.000	0.500	0.410	0.156	80.000	20.000	0.000
616155.000	0.500	0.410	0.156	80.000	20.000	0.000
616185.000	0.500	0.410	0.172	80.000	20.000	0.000
616185.000	0.500	0.410	0.172	80.000	20.000	0.000
616185.000	0.500	0.410	0.172	80.000	20.000	0.000
616215.000	0.500	0.410	0.156	80.000	20.000	0.000
616215.000	0.500	0.410	0.156	80.000	20.000	0.000
616215.000	0.500	0.410	0.156	80.000	20.000	0.000
616245.000	0.500	0.410	0.156	80.000	20.000	0.000
616245.000	0.500	0.410	0.156	80.000	20.000	0.000
616245.000	0.500	0.410	0.156	80.000	20.000	0.000
616275.000	0.500	0.410	0.156	80.000	20.000	0.000
616275.000	0.500	0.410	0.156	80.000	20.000	0.000
616275.000	0.500	0.410	0.156	80.000	20.000	0.000
616305.000	0.500	0.410	0.156	80.000	20.000	0.000
616305.000	0.500	0.410	0.156	80.000	20.000	0.000
616305.000	0.500	0.410	0.156	80.000	20.000	0.000
616335.000	0.500	0.410	0.172	80.000	20.000	0.000
616335.000	0.500	0.410	0.172	80.000	20.000	0.000
616335.000	0.500	0.410	0.172	80.000	20.000	0.000
616365.000	0.500	0.410	0.141	80.000	20.000	0.000
616365.000	0.500	0.410	0.141	80.000	20.000	0.000
616365.000	0.500	0.410	0.141	80.000	20.000	0.000
616395.000	0.500	0.410	0.156	80.000	20.000	0.000
616395.000	0.500	0.410	0.156	80.000	20.000	0.000
616395.000	0.500	0.410	0.156	80.000	20.000	0.000
616425.000	0.500	0.410	0.156	80.000	20.000	0.000
616425.000	0.500	0.410	0.156	80.000	20.000	0.000
616425.000	0.500	0.410	0.156	80.000	20.000	0.000
616455.000	0.500	0.410	0.156	80.000	20.000	0.000
616455.000	0.500	0.410	0.156	80.000	20.000	0.000
616455.000	0.500	0.410	0.156	80.000	20.000	0.000
616485.000	0.500	0.410	0.156	80.000	20.000	0.000
616485.000	0.500	0.410	0.156	80.000	20.000	0.000
616485.000	0.500	0.410	0.156	80.000	20.000	0.000
616515.000	0.500	0.410	0.156	80.000	20.000	0.000
616515.000	0.500	0.410	0.156	80.000	20.000	0.000
616515.000	0.500	0.410	0.156	80.000	20.000	0.000
616545.000	0.500	0.410	0.172	80.000	20.000	0.000
616545.000	0.500	0.410	0.172	80.000	20.000	0.000
616545.000	0.500	0.410	0.172	80.000	20.000	0.000
616575.000	0.500	0.410	0.141	80.000	20.000	0.000
616575.000	0.500	0.410	0.141	80.000	20.000	0.000
616575.000	0.500	0.410	0.141	80.000	20.000	0.000
616605.000	0.500	0.410	0.156	80.000	20.000	0.000
616605.000	0.500	0.410	0.156	80.000	20.000	0.000
616605.000	0.500	0.410	0.156	80.000	20.000	0.000
616635.000	0.500	0.410	0.141	80.000	20.000	0.000
616635.000	0.500	0.410	0.141	80.000	20.000	0.000
616635.000	0.500	0.410	0.141	80.000	20.000	0.000
616665.000	0.500	0.410	0.156	80.000	20.000	0.000
616665.000	0.500	0.410	0.156	80.000	20.000	0.000
616665.000	0.500	0.410	0.156	80.000	20.000	0.000
616695.000	0.500	0.410	0.141	80.000	20.000	0.000
616695.000	0.500	0.410	0.141	80.000	20.000	0.000
616695.000	0.500	0.410	0.141	80.000	20.000	0.000
616725.000	0.500	0.410	0.141	80.000	20.000	0.000
616725.000	0.500	0.410	0.141	80.000	20.000	0.000
616725.000	0.500	0.410	0.141	80.000	20.000	0.000
616755.000	0.500	0.410	0.156	80.000	20.000	0.000
616755.000	0.500	0.410	0.156	80.000	20.000	0.000
616755.000	0.500	0.410	0.156	80.000	20.000	0.000
616785.000	0.500	0.410	0.141	80.000	20.000	0.000
616785.000	0.500	0.410	0.141	80.000	20.000	0.000
616785.000	0.500	0.410	0.141	80.000	20.000	0.000
616815.000	0.500	0.410	0.156	80.000	20.000	0.000
616815.000	0.500	0.410	0.156	80.000	20.000	0.000
616815.000	0.500	0.410	0.156	80.000	20.000	0.000
616845.000	0.500	0.410	0.141	80.000	20.000	0.000
616845.000	0.500	0.410	0.141	80.000	20.000	0.000
616845.000	0.500	0.410	0.141	80.000	20.000	0.000
616875.000	0.500	0.410	0.156	80.000	20.000	0.000
616875.000	0.500	0.410	0.156	80.000	20.000	0.000
616875.000	0.500	0.410	0.156	80.000	20.000	0.000
616905.000	0.500	0.410	0.141	80.000	20.000	0.000
616905.000	0.500	0.410	0.141	80.000	20.000	0.000
616905.000	0.500	0.410	0.141	80.000	20.000	0.000
616935.000	0.500	0.410	0.172	80.000	20.000	0.000
616935.000	0.500	0.410	0.172	80.000	20.000	0.000
616935.000	0.500	0.410	0.172	80.000	20.000	0.000
616965.000	0.500	0.410	0.141	80.000	20.000	0.000
616965.000	0.500	0.410	0.141	80.000	20.000	0.000
616965.000	0.500	0.410	0.141	80.000	20.000	0.000
616995.000	0.500	0.410	0.156	80.000	20.000	0.000
616995.000	0.500	0.410	0.156	80.000	20.000	0.000
616995.000	0.500	0.410	0.156	80.000	20.000	0.000
617025.000	0.500	0.410	0.141	80.000	20.000	0.000
617025.000	0.500	0.410	0.141	80.000	20.000	0.000
617025.000	0.500	0.410	0.141	80.000	20.000	0.000
617055.000	0.500	0.410	0.172	80.000	20.000	0.000
617055.000	0.500	0.410	0.172	80.000	20.000	0.000
617055.000	0.500	0.410	0.172	80.000	20.000	0.000
617085.000	0.500	0.410	0.141	80.000	20.000	0.000
617085.000	0.500	0.410	0.141	80.000	20.000	0.000
617085.000	0.500	0.410	0.141	80.000	20.000	0.000
617115.000	0.500	0.410	0.156	80.000	20.000	0.000
617115.000	0.500	0.410	0.156	80.000	20.000	0.000
617115.000	0.500	0.410	0.156	80.000	20.000	0.000
617145.000	0.500	0.410	0.141	80.000	20.000	0.000
617145.000	0.500	0.410	0.141	80.000	20.000	0.000
617145.000	0.500	0.410	0.141	80.000	20.000	0.000
617175.000	0.500	0.410	0.156	80.000	20.000	0.000
617175.000	0.500	0.410	0.156	80.000	20.000	0.000
617175.000	0.500	0.410	0.156	80.000	20.000	0.000
617205.000	0.500	0.410	0.141	80.000	20.000	0.000
617205.000	0.500	0.410	0.141	80.000	20.000	0.000
617205.000	0.500	0.410	0.141	80.000	20.000	0.000
617235.000	0.500	0.410	0.156	80.000	20.000	0.000
617235.000	0.500	0.410	0.156	80.000	20.000	0.000
617235.000	0.500	0.410	0.156	80.000	20.000	0.000
617265.000	0.500	0.410	0.141	80.000	20.000	0.000
617265.000	0.500	0.410	0.141	80.000	20.000	0.000
617265.000	0.500	0.410	0.141	80.000	20.000	0.000
617295.000	0.500	0.410	0.156	80.000	20.000	0.000
617295.000	0.500	0.410	0.156	80.000	20.000	0.000
617295.000	0.500	0.410	0.156	80.000	20.000	0.000
617325.000	0.500	0.410	0.156	80.000	20.000	0.000
617325.000	0.500	0.410	0.156	80.000	20.000	0.000
617325.000	0.500	0.410	0.156	80.000	20.000	0.000
617355.000	0.500	0.410	0.156	80.000	20.000	0.000
617355.000	0.500	0.410	0.156	80.000	20.000	0.000
617355.000	0.500	0.410	0.156	80.000	20.000	0.000
617385.000	0.500	0.410	0.141	80.000	20.000	0.000
617385.000	0.500	0.410	0.141	80.000	20.000	0.000
617385.000	0.500	0.410	0.141	80.000	20.000	0.000
617415.000	0.500	0.410	0.156	80.000	20.000	0.000
617415.000	0.500	0.410	0.156	80.000	20.000	0.000
617415.000	0.500	0.410	0.156	80.000	20.000	0.000
617445.000	0.500	0.410	0.141	80.000	20.000	0.000
617445.000	0.500	0.410	0.141	80.000	20.000	0.000
617445.000	0.500	0.410	0.141	80.000	20.000	0.000
617475.000	0.500	0.410	0.141	80.000	20.000	0.000
617475.000	0.500	0.410	0.141	80.000	20.000	0.000
617475.000	0.500	0.410	0.141	80.000	20.000	0.000
617505.000	0.500	0.410	0.156	80.000	20.000	0.000
617505.000	0.500	0.410	0.156	80.000	20.000	0.000
617505.000	0.500	0.410	0.156	80.000	20.000	0.000
617535.000	0.500	0.410	0.156	80.000	20.000	0.000
617535.000	0.500	0.410	0.156	80.000	20.000	0.000
617535.000	0.500	0.410	0.156	80.000	20.000	0.000
617565.000	0.500	0.410	0.141	80.000	20.000	0.000
617565.000	0.500	0.410	0.141	80.000	20.000	0.000
617565.000	0.500	0.410	0.141	80.000	20.000	0.000
617595.000	0.500	0.410	0.156	80.000	20.000	0.000
617595.000	0.500	0.410	0.156	80.000	20.000	0.000
617595.000	0.500	0.410	0.156	80.000	20.000	0.000
617625.000	0.500	0.410	0.141	80.000	20.000	0.000
617625.000	0.500	0.410	0.141	80.000	20.000	0.000
617625.000	0.500	0.410	0.141	80.000	20.000	0.000
617655.000	0.500	0.410	0.187	80.000	20.000	0.000
617655.000	0.500	0.410	0.187	80.000	20.000	0.000
617655.000	0.500	0.410	0.187	80.000	20.000	0.000
617685.000	0.500	0.410	0.141	80.000	20.000	0.000
617685.000	0.500	0.410	0.141	80.000	20.000	0.000
617685.000	0.500	0.410	0.141	80.000	20.000	0.000
617715.000	0.500	0.410	0.156	80.000	20.000	0.000
617715.000	0.500	0.410	0.156	80.000	20.000	0.000
617715.000	0.500	0.410	0.156	80.000	20.000	0.000
617745.000	0.500	0.410	0.141	80.000	20.000	0.000
617745.000	0.500	0.410	0.141	80.000	20.000	0.000
617745.000	0.500	0.410	0.141	80.000	20.000	0.000
617775.000	0.500	0.410	0.156	80.000	20.000	0.000
617775.000	0.500	0.410	0.156	80.000	20.000	0.000
617775.000	0.500	0.410	0.156	80.000	20.000	0.000
617805.000	0.500	0.410	0.141	80.000	20.000	0.000
617805.000	0.500	0.410	0.141	80.000	20.000	0.000
617805.000	0.500	0.410	0.141	80.000	20.000	0.000
617835.000	0.500	0.410	0.156	80.000	20.000	0.000
617835.000	0.500	0.410	0.156	80.000	20.000	0.000
617835.000	0.500	0.410	0.156	80.000	20.000	0.000
617865.000	0.500	0.410	0.141	80.000	20.000	0.000
617865.000	0.500	0.410	0.141	80.000	20.000	0.000
617865.000	0.500	0.410	0.141	80.000	20.000	0.000
617895.000	0.500	0.410	0.156	80.000	20.000	0.000
617895.000	0.500	0.410	0.156	80.000	20.000	0.000
617895.000	0.500	0.410	0.156	80.000	20.000	0.000
617925.000	0.500	0.410	0.141	80.000	20.000	0.000
617925.000	0.500	0.410	0.141	80.000	20.000	0.000
617925.000	0.500	0.410	0.141	80.000	20.000	0.000
617955.000	0.500	0.410	0.156	80.000	20.000	0.000
617955.000	0.500	0.410	0.156	80.000	20.000	0.000
617955.000	0.500	0.410	0.156	80.000	20.000	0.000
617985.000	0.500	0.410	0.141	80.000	20.000	0.000
617985.000	0.500	0.410	0.141	80.000	20.000	0.000
617985.000	0.500	0.410	0.141	80.000	20.000	0.000
618015.000	0.500	0.410	0.156	80.000	20.000	0.000
618015.000	0.500	0.410	0.156	80.000	20.000	0.000
618015.000	0.500	0.410	0.156	80.000	20.000	0.000
618045.000	0.500	0.410	0.141	80.000	20.000	0.000
618045.000	0.500	0.410	0.141	80.000	20.000	0.000
618045.000	0.500	0.410	0.141	80.000	20.000	0.000
618075.000	0.500	0.410	0.156	80.000	20.000	0.000
618075.000	0.500	0.410	0.156	80.000	20.000	0.000
618075.000	0.500	0.410	0.156	80.000	20.000	0.000
618105.000	0.500	0.410	0.156	80.000	20.000	0.000
618105.000	0.500	0.410	0.156	80.000	20.000	0.000
618105.000	0.500	0.410	0.156	80.000	20.000	0.000
618135.000	0.500	0.410	0.141	80.000	20.000	0.000
618135.000	0.500	0.410	0.141	80.000	20.000	0.000
618135.000	0.500	0.410	0.141	80.000	20.000	0.000
618165.000	0.500	0.410	0.156	80.000	20.000	0.000
618165.000	0.500	0.410	0.156	80.000	20.000	0.000
618165.000	0.500	0.410	0.156	80.000	20.000	0.000
618195.000	0.500	0.410	0.141	80.000	20.000	0.000
618195.000	0.500	0.410	0.141	80.000	20.000	0.000
618195.000	0.500	0.410	0.141	80.000	20.000	0.000
618225.000	0.500	0.410	0.156	80.000	20.000	0.000
618225.000	0.500	0.410	0.156	80.000	20.000	0.000
618225.000	0.500	0.410	0.156	80.000	20.000	0.000
618255.000	0.500	0.410	0.141	80.000	20.000	0.000
618255.000	0.500	0.410	0.141	80.000	20.000	0.000
618255.000	0.500	0.410	0.141	80.000	20.000	0.000
618285.000	0.500	0.410	0.172	80.000	20.000	0.000
618285.000	0.500	0.410	0.172	80.000	20.000	0.000
618285.000	0.500	0.410	0.172	80.000	20.000	0.000
618315.000	0.500	0.410	0.141	80.000	20.000	0.000
618315.000	0.500	0.410	0.141	80.000	20.000	0.000
618315.000	0.500	0.410	0.141	80.000	20.000	0.000
618345.000	0.500	0.410	0.156	80.000	20.000	0.000
618345.000	0.500	0.410	0.156	80.000	20.000	0.000
618345.000	0.500	0.410	0.156	80.000	20.000	0.000
618375.000	0.500	0.410	0.156	80.000	20.000	0.000
618375.000	0.500	0.410	0.156	80.000	20.000	0.000
618375.000	0.500	0.410	0.156	80.000	20.000	0.000
618405.000	0.500	0.410	0.156	80.000	20.000	0.000
618405.000	0.500	0.410	0.156	80.000	20.000	0.000
618405.000	0.500	0.410	0.156	80.000	20.000	0.000
618435.000	0.500	0.410	0.156	80.000	20.000	0.000
618435.000	0.500	0.410	0.156	80.000	20.000	0.000
618435.000	0.500	0.410	0.156	80.000	20.000	0.000
618465.000	0.500	0.410	0.141	80.000	20.000	0.000
618465.000	0.500	0.410	0.141	80.000	20.000	0.000
618465.000	0.500	0.410	0.141	80.000	20.000	0.000
618495.000	0.500	0.410	0.172	80.000	20.000	0.000
618495.000	0.500	0.410	0.172	80.000	20.000	0.000
618495.000	0.500	0.410	0.172	80.000	20.000	0.000
618525.000	0.500	0.410	0.141	80.000	20.000	0.000
618525.000	0.500	0.410	0.141	80.000	20.000	0.000
618525.000	0.500	0.410	0.141	80.000	20.000	0.000
618555.000	0.500	0.410	0.156	80.000	20.000	0.000
618555.000	0.500	0.410	0.156	80.000	20.000	0.000
618555.000	0.500	0.410	0.156	80.000	20.000	0.000
618585.000	0.500	0.410	0.172	80.000	20.000	0.000
618585.000	0.500	0.410	0.172	80.000	20.000	0.000
618585.000	0.500	0.410	0.172	80.000	20.000	0.000
618615.000	0.500	0.410	0.156	80.000	20.000	0.000
618615.000	0.500	0.410	0.156	80.000	20.000	0.000
618615.000	0.500	0.410	0.156	80.000	20.000	0.000
618645.000	0.500	0.410	0.156	80.000	20.000	0.000
618645.000	0.500	0.410	0.156	80.000	20.000	0.000
618645.000	0.500	0.410	0.156	80.000	20.000	0.000
618675.000	0.500	0.410	0.141	80.000	20.000	0.000
618675.000	0.500	0.410	0.141	80.000	20.000	0.000
618675.000	0.500	0.410	0.141	80.000	20.000	0.000
618705.000	0.500	0.410	0.172	80.000	20.000	0.000
618705.000	0.500	0.410	0.172	80.000	20.000	0.000
618705.000	0.500	0.410	0.172	80.000	20.000	0.000
618735.000	0.500	0.410	0.141	80.000	20.000	0.000
618735.000	0.500	0.410	0.141	80.000	20.000	0.000
618735.000	0.500	0.410	0.141	80.000	20.000	0.000
618765.000	0.500	0.410	0.156	80.000	20.000	0.000
618765.000	0.500	0.410	0.156	80.000	20.000	0.000
618765.000	0.500	0.410	0.156	80.000	20.000	0.000
618795.000	0.500	0.410	0.141	80.000	20.000	0.000
618795.000	0.500	0.410	0.141	80.000	20.000	0.000
618795.000	0.500	0.410	0.141	80.000	20.000	0.000
618825.000	0.500	0.410	0.156	80.000	20.000	0.000
618825.000	0.500	0.410	0.156	80.000	20.000	0.000
618825.000	0.500	0.410	0.156	80.000	20.000	0.000
618855.000	0.500	0.410	0.156	80.000	20.000	0.000
618855.000	0.500	0.410	0.156	80.000	20.000	0.000
618855.000	0.500	0.410	0.156	80.000	20.000	0.000
618885.000	0.500	0.410	0.141	80.000	20.000	0.000
618885.000	0.500	0.410	0.141	80.000	20.000	0.000
618885.000	0.500	0.410	0.141	80.000	20.000	0.000
618915.000	0.500	0.410	0.156	80.000	20.000	0.000
618915.000	0.500	0.410	0.156	80.000	20.000	0.000
618915.000	0.500	0.410	0.156	80.000	20.000	0.000
618945.000	0.500	0.410	0.156	80.000	20.000	0.000
618945.000	0.500	0.410	0.156	80.000	20.000	0.000
618945.000	0.500	0.410	0.156	80.000	20.000	0.000
618975.000	0.500	0.410	0.156	80.000	20.000	0.000
618975.000	0.500	0.410	0.156	80.000	20.000	0.000
618975.000	0.500	0.410	0.156	80.000	20.000	0.000
619005.000	0.500	0.410	0.156	80.000	20.000	0.000
619005.000	0.500	0.410	0.156	80.000	20.000	0.000
619005.000	0.500	0.410	0.156	80.000	20.000	0.000
619035.000	0.500	0.410	0.141	80.000	20.000	0.000
619035.000	0.500	0.410	0.141	80.000	20.000	0.000
619035.000	0.500	0.410	0.141	80.000	20.000	0.000
619065.000	0.500	0.410	0.172	80.000	20.000	0.000
619065.000	0.500	0.410	0.172	80.000	20.000	0.000
619065.000	0.500	0.410	0.172	80.000	20.000	0.000
619095.000	0.500	0.410	0.156	80.000	20.000	0.000
619095.000	0.500	0.410	0.156	80.000	20.000	0.000
619095.000	0.500	0.410	0.156	80.000	20.000	0.000
619125.000	0.500	0.410	0.141	80.000	20.000	0.000
619125.000	0.500	0.410	0.141	80.000	20.000	0.000
619125.000	0.500	0.410	0.141	80.000	20.000	0.000
619155.000	0.500	0.410	0.156	80.000	20.000	0.000
619155.000	0.500	0.410	0.156	80.000	20.000	0.000
619155.000	0.500	0.410	0.156	80.000	20.000	0.000
619185.000	0.500	0.410	0.141	80.000	20.000	0.000
619185.000	0.500	0.410	0.141	80.000	20.000	0.000
619185.000	0.500	0.410	0.141	80.000	20.000	0.000
619215.000	0.500	0.410	0.172	80.000	20.000	0.000
619215.000	0.500	0.410	0.172	80.000	20.000	0.000
619215.000	0.500	0.410	0.172	80.000	20.000	0.000
619245.000	0.500	0.410	0.156	80.000	20.000	0.000
619245.000	0.500	0.410	0.156	80.000	20.000	0.000
619245.000	0.500	0.410	0.156	80.000	20.000	0.000
619275.000	0.500	0.410	0.156	80.000	20.000	0.000
619275.000	0.500	0.410	0.156	80.000	20.000	0.000
619275.000	0.500	0.410	0.156	80.000	20.000	0.000
619305.000	0.500	0.410	0.172	80.000	20.000	0.000
619305.000	0.500	0.410	0.172	80.000	20.000	0.000
619305.000	0.500	0.410	0.172	80.000	20.000	0.000
619335.000	0.500	0.410	0.141	80.000	20.000	0.000
619335.000	0.500	0.410	0.141	80.000	20.000	0.000
619335.000	0.500	0.410	0.141	80.000	20.000	0.000
619365.000	0.500	0.410	0.172	80.000	20.000	0.000
619365.000	0.500	0.410	0.172	80.000	20.000	0.000
619365.000	0.500	0.410	0.172	80.000	20.000	0.000
619395.000	0.500	0.410	0.156	80.000	20.000	0.000
619395.000	0.500	0.410	0.156	80.000	20.000	0.000
619395.000	0.500	0.410	0.156	80.000	20.000	0.000
619425.000	0.500	0.410	0.141	80.000	20.000	0.000
619425.000	0.500	0.410	0.141	80.000	20.000	0.000
619425.000	0.500	0.410	0.141	80.000	20.000	0.000
619455.000	0.500	0.410	0.172	80.000	20.000	0.000
619455.000	0.500	0.410	0.172	80.000	20.000	0.000
619455.000	0.500	0.410	0.172	80.000	20.000	0.000
619485.000	0.500	0.410	0.156	80.000	20.000	0.000
619485.000	0.500	0.410	0.156	80.000	20.000	0.000
619485.000	0.500	0.410	0.156	80.000	20.000	0.000
619515.000	0.500	0.410	0.141	80.000	20.000	0.000
619515.000	0.500	0.410	0.141	80.000	20.000	0.000
619515.000	0.500	0.410	0.141	80.000	20.000	0.000
619545.000	0.500	0.410	0.156	80.000	20.000	0.000
619545.000	0.500	0.410	0.156	80.000	20.000	0.000
619545.000	0.500	0.410	0.156	80.000	20.000	0.000
619575.000	0.500	0.410	0.141	80.000	20.000	0.000
619575.000	0.500	0.410	0.141	80.000	20.000	0.000
619575.000	0.500	0.410	0.141	80.000	20.000	0.000
619605.000	0.500	0.410	0.156	80.000	20.000	0.000
619605.000	0.500	0.410	0.156	80.000	20.000	0.000
619605.000	0.500	0.410	0.156	80.000	20.000	0.000
619635.000	0.500	0.410	0.156	80.000	20.000	0.000
619635.000	0.500	0.410	0.156	80.000	20.000	0.000
619635.000	0.500	0.410	0.156	80.000	20.000	0.000
619665.000	0.500	0.410	0.141	80.000	20.000	0.000
619665.000	0.500	0.410	0.141	80.000	20.000	0.000
619665.000	0.500	0.410	0.141	80.000	20.000	0.000
619695.000	0.500	0.410	0.156	80.000	20.000	0.000
619695.000	0.500	0.410	0.156	80.000	20.000	0.000
619695.000	0.500	0.410	0.156	80.000	20.000	0.000
619725.000	0.500	0.410	0.156	80.000	20.000	0.000
619725.000	0.500	0.410	0.156	80.000	20.000	0.000
619725.000	0.500	0.410	0.156	80.000	20.000	0.000
619755.000	0.500	0.410	0.156	80.000	20.000	0.000
619755.000	0.500	0.410	0.156	80.000	20.000	0.000
619755.000	0.500	0.410	0.156	80.000	20.000	0.000
619785.000	0.500	0.410	0.172	80.000	20.000	0.000
619785.000	0.500	0.410	0.172	80.000	20.000	0.000
619785.000	0.500	0.410	0.172	80.000	20.000	0.000
619815.000	0.500	0.410	0.156	80.000	20.000	0.000
619815.000	0.500	0.410	0.156	80.000	20.000	0.000
619815.000	0.500	0.410	0.156	80.000	20.000	0.000
619845.000	0.500	0.410	0.156	80.000	20.000	0.000
619845.000	0.500	0.410	0.156	80.000	20.000	0.000
619845.000	0.500	0.410	0.156	80.000	20.000	0.000
619875.000	0.500	0.410	0.172	80.000	20.000	0.000
619875.000	0.500	0.410	0.172	80.000	20.000	0.000
619875.000	0.500	0.410	0.172	80.000	20.000	0.000
619905.000	0.500	0.410	0.141	80.000	20.000	0.000
619905.000	0.500	0.410	0.141	80.000	20.000	0.000
619905.000	0.500	0.410	0.141	80.000	20.000	0.000
619935.000	0.500	0.410	0.156	80.000	20.000	0.000
619935.000	0.500	0.410	0.156	80.000	20.000	0.000
619935.000	0.500	0.410	0.156	80.000	20.000	0.000
619965.000	0.500	0.410	0.172	80.000	20.000	0.000
619965.000	0.500	0.410	0.172	80.000	20.000	0.000
619965.000	0.500	0.410	0.172	80.000	20.000	0.000
619995.000	0.500	0.410	0.141	80.000	20.000	0.000
619995.000	0.500	0.410	0.141	80.000	20.000	0.000
619995.000	0.500	0.410	0.141	80.000	20.000	0.000
620025.000	0.500	0.410	0.156	80.000	20.000	0.000
620025.000	0.500	0.410	0.156	80.000	20.000	0.000
620025.000	0.500	0.410	0.156	80.000	20.000	0.000
620055.000	0.500	0.410	0.172	80.000	20.000	0.000
620055.000	0.500	0.410	0.172	80.000	20.000	0.000
620055.000	0.500	0.410	0.172	80.000	20.000	0.000
620085.000	0.500	0.410	0.141	80.000	20.000	0.000
620085.000	0.500	0.410	0.141	80.000	20.000	0.000
620085.000	0.500	0.410	0.141	80.000	20.000	0.000
620115.000	0.500	0.410	0.172	80.000	20.000	0.000
620115.000	0.500	0.410	0.172	80.000	20.000	0.000
620115.000	0.500	0.410	0.172	80.000	20.000	0.000
620145.000	0.500	0.410	0.172	80.000	20.000	0.000
620145.000	0.500	0.410	0.172	80.000	20.000	0.000
620145.000	0.500	0.410	0.172	80.000	20.000	0.000
620175.000	0.500	0.410	0.141	80.000	20.000	0.000
620175.000	0.500	0.410	0.141	80.000	20.000	0.000
620175.000	0.500	0.410	0.141	80.000	20.000	0.000
620205.000	0.500	0.410	0.156	80.000	20.000	0.000
620205.000	0.500	0.410	0.156	80.000	20.000	0.000
620205.000	0.500	0.410	0.156	80.000	20.000	0.000
620235.000	0.500	0.410	0.172	80.000	20.000	0.000
620235.000	0.500	0.410	0.172	80.000	20.000	0.000
620235.000	0.500	0.410	0.172	80.000	20.000	0.000
620265.000	0.500	0.410	0.141	80.000	20.000	0.000
620265.000	0.500	0.410	0.141	80.000	20.000	0.000
620265.000	0.500	0.410	0.141	80.000	20.000	0.000
620295.000	0.500	0.410	0.156	80.000	20.000	0.000
620295.000	0.500	0.410	0.156	80.000	20.000	0.000
620295.000	0.500	0.410	0.156	80.000	20.000	0.000
620325.000	0.500	0.410	0.172	80.000	20.000	0.000
620325.000	0.500	0.410	0.172	80.000	20.000	0.000
620325.000	0.500	0.410	0.172	80.000	20.000	0.000
620355.000	0.500	0.410	0.156	80.000	20.000	0.000
620355.000	0.500	0.410	0.156	80.000	20.000	0.000
620355.000	0.500	0.410	0.156	80.000	20.000	0.000
620385.000	0.500	0.410	0.156	80.000	20.000	0.000
620385.000	0.500	0.410	0.156	80.000	20.000	0.000
620385.000	0.500	0.410	0.156	80.000	20.000	0.000
620415.000	0.500	0.410	0.172	80.000	20.000	0.000
620415.000	0.500	0.410	0.172	80.000	20.000	0.000
620415.000	0.500	0.410	0.172	80.000	20.000	0.000
620445.000	0.500	0.410	0.156	80.000	20.000	0.000
620445.000	0.500	0.410	0.156	80.000	20.000	0.000
620445.000	0.500	0.410	0.156	80.000	20.000	0.000
620475.000	0.500	0.410	0.156	80.000	20.000	0.000
620475.000	0.500	0.410	0.156	80.000	20.000	0.000
620475.000	0.500	0.410	0.156	80.000	20.000	0.000
620505.000	0.500	0.410	0.172	80.000	20.000	0.000
620505.000	0.500	0.410	0.172	80.000	20.000	0.000
620505.000	0.500	0.410	0.172	80.000	20.000	0.000
620535.000	0.500	0.410	0.156	80.000	20.000	0.000
620535.000	0.500	0.410	0.156	80.000	20.000	0.000
620535.000	0.500	0.410	0.156	80.000	20.000	0.000
620565.000	0.500	0.410	0.141	80.000	20.000	0.000
620565.000	0.500	0.410	0.141	80.000	20.000	0.000
620565.000	0.500	0.410	0.141	80.000	20.000	0.000
620595.000	0.500	0.410	0.156	80.000	20.000	0.000
620595.000	0.500	0.410	0.156	80.000	20.000	0.000
620595.000	0.500	0.410	0.156	80.000	20.000	0.000
620625.000	0.500	0.410	0.172	80.000	20.000	0.000
620625.000	0.500	0.410	0.172	80.000	20.000	0.000
620625.000	0.500	0.410	0.172	80.000	20.000	0.000
620655.000	0.500	0.410	0.141	80.000	20.000	0.000
620655.000	0.500	0.410	0.141	80.000	20.000	0.000
620655.000	0.500	0.410	0.141	80.000	20.000	0.000
620685.000	0.500	0.410	0.172	80.000	20.000	0.000
620685.000	0.500	0.410	0.172	80.000	20.000	0.000
620685.000	0.500	0.410	0.172	80.000	20.000	0.000
620715.000	0.500	0.410	0.172	80.000	20.000	0.000
620715.000	0.500	0.410	0.172	80.000	20.000	0.000
620715.000	0.500	0.410	0.172	80.000	20.000	0.000
620745.000	0.500	0.410	0.156	80.000	20.000	0.000
620745.000	0.500	0.410	0.156	80.000	20.000	0.000
620745.000	0.500	0.410	0.156	80.000	20.000	0.000
620775.000	0.500	0.410	0.156	80.000	20.000	0.000
620775.000	0.500	0.410	0.156	80.000	20.000	0.000
620775.000	0.500	0.410	0.156	80.000	20.000	0.000
620805.000	0.500	0.410	0.172	80.000	20.000	0.000
620805.000	0.500	0.410	0.172	80.000	20.000	0.000
620805.000	0.500	0.410	0.172	80.000	20.000	0.000
620835.000	0.500	0.410	0.156	80.000	20.000	0.000
620835.000	0.500	0.410	0.156	80.000	20.000	0.000
620835.000	0.500	0.410	0.156	80.000	20.000	0.000
620865.000	0.500	0.410	0.141	80.000	20.000	0.000
620865.000	0.500	0.410	0.141	80.000	20.000	0.000
620865.000	0.500	0.410	0.141	80.000	20.000	0.000
620895.000	0.500	0.410	0.156	80.000	20.000	0.000
620895.000	0.500	0.410	0.156	80.000	20.000	0.000
620895.000	0.500	0.410	0.156	80.000	20.000	0.000
620925.000	0.500	0.410	0.172	80.000	20.000	0.000
620925.000	0.500	0.410	0.172	80.000	20.000	0.000
620925.000	0.500	0.410	0.172	80.000	20.000	0.000
620955.000	0.500	0.410	0.156	80.000	20.000	0.000
620955.000	0.500	0.410	0.156	80.000	20.000	0.000
620955.000	0.500	0.410	0.156	80.000	20.000	0.000
620985.000	0.500	0.410	0.141	80.000	20.000	0.000
620985.000	0.500	0.410	0.141	80.000	20.000	0.000
620985.000	0.500	0.410	0.141	80.000	20.000	0.000
621015.000	0.500	0.410	0.172	80.000	20.000	0.000
621015.000	0.500	0.410	0.172	80.000	20.000	0.000
621015.000	0.500	0.410	0.172	80.000	20.000	0.000
621045.000	0.500	0.410	0.156	80.000	20.000	0.000
621045.000	0.500	0.410	0.156	80.000	20.000	0.000
621045.000	0.500	0.410	0.156	80.000	20.000	0.000
621075.000	0.500	0.410	0.156	80.000	20.000	0.000
621075.000	0.500	0.410	0.156	80.000	20.000	0.000
621075.000	0.500	0.410	0.156	80.000	20.000	0.000
621105.000	0.500	0.410	0.156	80.000	20.000	0.000
621105.000	0.500	0.410	0.156	80.000	20.000	0.000
621105.000	0.500	0.410	0.156	80.000	20.000	0.000
621135.000	0.500	0.410	0.172	80.000	20.000	0.000
621135.000	0.500	0.410	0.172	80.000	20.000	0.000
621135.000	0.500	0.410	0.172	80.000	20.000	0.000
621165.000	0.500	0.410	0.172	80.000	20.000	0.000
621165.000	0.500	0.410	0.172	80.000	20.000	0.000
621165.000	0.500	0.410	0.172	80.000	20.000	0.000
621195.000	0.500	0.410	0.156	80.000	20.000	0.000
621195.000	0.500	0.410	0.156	80.000	20.000	0.000
621195.000	0.500	0.410	0.156	80.000	20.000	0.000
621225.000	0.500	0.410	0.172	80.000	20.000	0.000
621225.000	0.500	0.410	0.172	80.000	20.000	0.000
621225.000	0.500	0.410	0.172	80.000	20.000	0.000
621255.000	0.500	0.410	0.172	80.000	20.000	0.000
621255.000	0.500	0.410	0.172	80.000	20.000	0.000
621255.000	0.500	0.410	0.172	80.000	20.000	0.000
621285.000	0.500	0.410	0.156	80.000	20.000	0.000
621285.000	0.500	0.410	0.156	80.000	20.000	0.000
621285.000	0.500	0.410	0.156	80.000	20.000	0.000
621315.000	0.500	0.410	0.141	80.000	20.000	0.000
621315.000	0.500	0.410	0.141	80.000	20.000	0.000
621315.000	0.500	0.410	0.141	80.000	20.000	0.000
621345.000	0.500	0.410	0.156	80.000	20.000	0.000
621345.000	0.500	0.410	0.156	80.000	20.000	0.000
621345.000	0.500	0.410	0.156	80.000	20.000	0.000
621375.000	0.500	0.410	0.172	80.000	20.000	0.000
621375.000	0.500	0.410	0.172	80.000	20.000	0.000
621375.000	0.500	0.410	0.172	80.000	20.000	0.000
621405.000	0.500	0.410	0.156	80.000	20.000	0.000
621405.000	0.500	0.410	0.156	80.000	20.000	0.000
621405.000	0.500	0.410	0.156	80.000	20.000	0.000
621435.000	0.500	0.410	0.156	80.000	20.000	0.000
621435.000	0.500	0.410	0.156	80.000	20.000	0.000
621435.000	0.500	0.410	0.156	80.000	20.000	0.000
621465.000	0.500	0.410	0.172	80.000	20.000	0.000
621465.000	0.500	0.410	0.172	80.000	20.000	0.000
621465.000	0.500	0.410	0.172	80.000	20.000	0.000
621495.000	0.500	0.410	0.172	80.000	20.000	0.000
621495.000	0.500	0.410	0.172	80.000	20.000	0.000
621495.000	0.500	0.410	0.172	80.000	20.000	0.000
621525.000	0.500	0.410	0.156	80.000	20.000	0.000
621525.000	0.500	0.410	0.156	80.000	20.000	0.000
621525.000	0.500	0.410	0.156	80.000	20.000	0.000
621555.000	0.500	0.410	0.156	80.000	20.000	0.000
621555.000	0.500	0.410	0.156	80.000	20.000	0.000
621555.000	0.500	0.410	0.156	80.000	20.000	0.000
621585.000	0.500	0.410	0.172	80.000	20.000	0.000
621585.000	0.500	0.410	0.172	80.000	20.000	0.000
621585.000	0.500	0.410	0.172	80.000	20.000	0.000
621615.000	0.500	0.410	0.172	80.000	20.000	0.000
621615.000	0.500	0.410	0.172	80.000	20.000	0.000
621615.000	0.500	0.410	0.172	80.000	20.000	0.000
621645.000	0.500	0.410	0.156	80.000	20.000	0.000
621645.000	0.500	0.410	0.156	80.000	20.000	0.000
621645.000	0.500	0.410	0.156	80.000	20.000	0.000
621675.000	0.500	0.410	0.141	80.000	20.000	0.000
621675.000	0.500	0.410	0.141	80.000	20.000	0.000
621675.000	0.500	0.410	0.141	80.000	20.000	0.000
621705.000	0.500	0.410	0.156	80.000	20.000	0.000
621705.000	0.500	0.410	0.156	80.000	20.000	0.000
621705.000	0.500	0.410	0.156	80.000	20.000	0.000
621735.000	0.500	0.410	0.172	80.000	20.000	0.000
621735.000	0.500	0.410	0.172	80.000	20.000	0.000
621735.000	0.500	0.410	0.172	80.000	20.000	0.000
621765.000	0.500	0.410	0.156	80.000	20.000	0.000
621765.000	0.500	0.410	0.156	80.000	20.000	0.000
621765.000	0.500	0.410	0.156	80.000	20.000	0.000
621795.000	0.500	0.410	0.141	80.000	20.000	0.000
621795.000	0.500	0.410	0.141	80.000	20.000	0.000
621795.000	0.500	0.410	0.141	80.000	20.000	0.000
621825.000	0.500	0.410	0.156	80.000	20.000	0.000
621825.000	0.500	0.410	0.156	80.000	20.000	0.000
621825.000	0.500	0.410	0.156	80.000	20.000	0.000
621855.000	0.500	0.410	0.172	80.000	20.000	0.000
621855.000	0.500	0.410	0.172	80.000	20.000	0.000
621855.000	0.500	0.410	0.172	80.000	20.000	0.000
621885.000	0.500	0.410	0.172	80.000	20.000	0.000
621885.000	0.500	0.410	0.172	80.000	20.000	0.000
621885.000	0.500	0.410	0.172	80.000	20.000	0.000
621915.000	0.500	0.410	0.156	80.000	20.000	0.000
621915.000	0.500	0.410	0.156	80.000	20.000	0.000
621915.000	0.500	0.410	0.156	80.000	20.000	0.000
621945.000	0.500	0.410	0.156	80.000	20.000	0.000
621945.000	0.500	0.410	0.156	80.000	20.000	0.000
621945.000	0.500	0.410	0.156	80.000	20.000	0.000
621975.000	0.500	0.410	0.172	80.000	20.000	0.000
621975.000	0.500	0.410	0.172	80.000	20.000	0.000
621975.000	0.500	0.410	0.172	80.000	20.000	0.000
622005.000	0.500	0.410	0.172	80.000	20.000	0.000
622005.000	0.500	0.410	0.172	80.000	20.000	0.000
622005.000	0.500	0.410	0.172	80.000	20.000	0.000
622035.000	0.500	0.410	0.172	80.000	20.000	0.000
622035.000	0.500	0.410	0.172	80.000	20.000	0.000
622035.000	0.500	0.410	0.172	80.000	20.000	0.000
622065.000	0.500	0.410	0.156	80.000	20.000	0.000
622065.000	0.500	0.410	0.156	80.000	20.000	0.000
622065.000	0.500	0.410	0.156	80.000	20.000	0.000
622095.000	0.500	0.410	0.141	80.000	20.000	0.000
622095.000	0.500	0.410	0.141	80.000	20.000	0.000
622095.000	0.500	0.410	0.141	80.000	20.000	0.000
622125.000	0.500	0.410	0.156	80.000	20.000	0.000
622125.000	0.500	0.410	0.156	80.000	20.000	0.000
622125.000	0.500	0.410	0.156	80.000	20.000	0.000
622155.000	0.500	0.410	0.172	80.000	20.000	0.000
622155.000	0.500	0.410	0.172	80.000	20.000	0.000
622155.000	0.500	0.410	0.172	80.000	20.000	0.000
622185.000	0.500	0.410	0.156	80.000	20.000	0.000
622185.000	0.500	0.410	0.156	80.000	20.000	0.000
622185.000	0.500	0.410	0.156	80.000	20.000	0.000
622215.000	0.500	0.410	0.156	80.000	20.000	0.000
622215.000	0.500	0.410	0.156	80.000	20.000	0.000
622215.000	0.500	0.410	0.156	80.000	20.000	0.000
622245.000	0.500	0.410	0.156	80.000	20.000	0.000
622245.000	0.500	0.410	0.156	80.000	20.000	0.000
622245.000	0.500	0.410	0.156	80.000	20.000	0.000
622275.000	0.500	0.410	0.156	80.000	20.000	0.000
622275.000	0.500	0.410	0.156	80.000	20.000	0.000
622275.000	0.500	0.410	0.156	80.000	20.000	0.000
622305.000	0.500	0.410	0.172	80.000	20.000	0.000
622305.000	0.500	0.410	0.172	80.000	20.000	0.000
622305.000	0.500	0.410	0.172	80.000	20.000	0.000
622335.000	0.500	0.410	0.156	80.000	20.000	0.000
622335.000	0.500	0.410	0.156	80.000	20.000	0.000
622335.000	0.500	0.410	0.156	80.000	20.000	0.000
622365.000	0.500	0.410	0.156	80.000	20.000	0.000
622365.000	0.500	0.410	0.156	80.000	20.000	0.000
622365.000	0.500	0.410	0.156	80.000	20.000	0.000
622395.000	0.500	0.410	0.156	80.000	20.000	0.000
622395.000	0.500	0.410	0.156	80.000	20.000	0.000
622395.000	0.500	0.410	0.156	80.000	20.000	0.000
622425.000	0.500	0.410	0.156	80.000	20.000	0.000
622425.000	0.500	0.410	0.156	80.000	20.000	0.000
622425.000	0.500	0.410	0.156	80.000	20.000	0.000
622455.000	0.500	0.410	0.172	80.000	20.000	0.000
622455.000	0.500	0.410	0.172	80.000	20.000	0.000
622455.000	0.500	0.410	0.172	80.000	20.000	0.000
622485.000	0.500	0.410	0.172	80.000	20.000	0.000
622485.000	0.500	0.410	0.172	80.000	20.000	0.000
622485.000	0.500	0.410	0.172	80.000	20.000	0.000
622515.000	0.500	0.410	0.156	80.000	20.000	0.000
622515.000	0.500	0.410	0.156	80.000	20.000	0.000
622515.000	0.500	0.410	0.156	80.000	20.000	0.000
622545.000	0.500	0.410	0.156	80.000	20.000	0.000
622545.000	0.500	0.410	0.156	80.000	20.000	0.000
622545.000	0.500	0.410	0.156	80.000	20.000	0.000
622575.000	0.500	0.410	0.156	80.000	20.000	0.000
622575.000	0.500	0.410	0.156	80.000	20.000	0.000
622575.000	0.500	0.410	0.156	80.000	20.000	0.000
622605.000	0.500	0.410	0.172	80.000	20.000	0.000
622605.000	0.500	0.410	0.172	80.000	20.000	0.000
622605.000	0.500	0.410	0.172	80.000	20.000	0.000
622635.000	0.500	0.410	0.172	80.000	20.000	0.000
622635.000	0.500	0.410	0.172	80.000	20.000	0.000
622635.000	0.500	0.410	0.172	80.000	20.000	0.000
622665.000	0.500	0.410	0.172	80.000	20.000	0.000
622665.000	0.500	0.410	0.172	80.000	20.000	0.000
622665.000	0.500	0.410	0.172	80.000	20.000	0.000
622695.000	0.500	0.410	0.156	80.000	20.000	0.000
622695.000	0.500	0.410	0.156	80.000	20.000	0.000
622695.000	0.500	0.410	0.156	80.000	20.000	0.000
622725.000	0.500	0.410	0.156	80.000	20.000	0.000
622725.000	0.500	0.410	0.156	80.000	20.000	0.000
622725.000	0.500	0.410	0.156	80.000	20.000	0.000
622755.000	0.500	0.410	0.156	80.000	20.000	0.000
622755.000	0.500	0.410	0.156	80.000	20.000	0.000
622755.000	0.500	0.410	0.156	80.000	20.000	0.000
622785.000	0.500	0.410	0.172	80.000	20.000	0.000
