%ArduinoTime [ms]	Reference Position [rad]	Measured Position [rad]	Actual Current [A]	Proportional Gain [Kp]	Derivative Gain [Kd]	Integral Gain [Ki]	%11/4/20212:13 PM
0.000	0.000	0.000	0.000	0.000	0.000	0.000
448770.000	0.500	0.440	0.094	80.000	23.000	0.000
448770.000	0.500	0.440	0.094	80.000	23.000	0.000
448770.000	0.500	0.440	0.094	80.000	23.000	0.000
448800.000	0.500	0.440	0.094	80.000	23.000	0.000
448800.000	0.500	0.440	0.094	80.000	23.000	0.000
448800.000	0.500	0.440	0.094	80.000	23.000	0.000
448830.000	0.500	0.440	0.094	80.000	23.000	0.000
448830.000	0.500	0.440	0.094	80.000	23.000	0.000
448830.000	0.500	0.440	0.094	80.000	23.000	0.000
448860.000	0.500	0.440	0.094	80.000	23.000	0.000
448860.000	0.500	0.440	0.094	80.000	23.000	0.000
448860.000	0.500	0.440	0.094	80.000	23.000	0.000
448890.000	0.500	0.440	0.094	80.000	23.000	0.000
448890.000	0.500	0.440	0.094	80.000	23.000	0.000
448890.000	0.500	0.440	0.094	80.000	23.000	0.000
448920.000	0.500	0.440	0.094	80.000	23.000	0.000
448920.000	0.500	0.440	0.094	80.000	23.000	0.000
448920.000	0.500	0.440	0.094	80.000	23.000	0.000
448950.000	0.500	0.440	0.094	80.000	23.000	0.000
448950.000	0.500	0.440	0.094	80.000	23.000	0.000
448950.000	0.500	0.440	0.094	80.000	23.000	0.000
448980.000	0.500	0.440	0.094	80.000	23.000	0.000
448980.000	0.500	0.440	0.094	80.000	23.000	0.000
448980.000	0.500	0.440	0.094	80.000	23.000	0.000
449010.000	0.500	0.440	0.094	80.000	23.000	0.000
449010.000	0.500	0.440	0.094	80.000	23.000	0.000
449010.000	0.500	0.440	0.094	80.000	23.000	0.000
449040.000	0.500	0.440	0.094	80.000	23.000	0.000
449040.000	0.500	0.440	0.094	80.000	23.000	0.000
449040.000	0.500	0.440	0.094	80.000	23.000	0.000
449070.000	0.500	0.440	0.094	80.000	23.000	0.000
449070.000	0.500	0.440	0.094	80.000	23.000	0.000
449070.000	0.500	0.440	0.094	80.000	23.000	0.000
449100.000	0.500	0.440	0.094	80.000	23.000	0.000
449100.000	0.500	0.440	0.094	80.000	23.000	0.000
449100.000	0.500	0.440	0.094	80.000	23.000	0.000
449130.000	0.500	0.440	0.094	80.000	23.000	0.000
449130.000	0.500	0.440	0.094	80.000	23.000	0.000
449130.000	0.500	0.440	0.094	80.000	23.000	0.000
449160.000	0.500	0.440	0.094	80.000	23.000	0.000
449160.000	0.500	0.440	0.094	80.000	23.000	0.000
449160.000	0.500	0.440	0.094	80.000	23.000	0.000
449190.000	0.500	0.440	0.078	80.000	23.000	0.000
449190.000	0.500	0.440	0.078	80.000	23.000	0.000
449190.000	0.500	0.440	0.078	80.000	23.000	0.000
449220.000	0.500	0.440	0.094	80.000	23.000	0.000
449220.000	0.500	0.440	0.094	80.000	23.000	0.000
449220.000	0.500	0.440	0.094	80.000	23.000	0.000
449250.000	0.500	0.440	0.094	80.000	23.000	0.000
449250.000	0.500	0.440	0.094	80.000	23.000	0.000
449250.000	0.500	0.440	0.094	80.000	23.000	0.000
449280.000	0.500	0.440	0.094	80.000	23.000	0.000
449280.000	0.500	0.440	0.094	80.000	23.000	0.000
449280.000	0.500	0.440	0.094	80.000	23.000	0.000
449310.000	0.500	0.440	0.094	80.000	23.000	0.000
449310.000	0.500	0.440	0.094	80.000	23.000	0.000
449310.000	0.500	0.440	0.094	80.000	23.000	0.000
449340.000	0.500	0.440	0.094	80.000	23.000	0.000
449340.000	0.500	0.440	0.094	80.000	23.000	0.000
449340.000	0.500	0.440	0.094	80.000	23.000	0.000
449370.000	0.500	0.440	0.094	80.000	23.000	0.000
449370.000	0.500	0.440	0.094	80.000	23.000	0.000
449370.000	0.500	0.440	0.094	80.000	23.000	0.000
449400.000	0.500	0.440	0.094	80.000	23.000	0.000
449400.000	0.500	0.440	0.094	80.000	23.000	0.000
449400.000	0.500	0.440	0.094	80.000	23.000	0.000
449430.000	0.500	0.440	0.078	80.000	23.000	0.000
449430.000	0.500	0.440	0.078	80.000	23.000	0.000
449430.000	0.500	0.440	0.078	80.000	23.000	0.000
449460.000	0.500	0.440	0.094	80.000	23.000	0.000
449460.000	0.500	0.440	0.094	80.000	23.000	0.000
449460.000	0.500	0.440	0.094	80.000	23.000	0.000
449490.000	0.500	0.440	0.094	80.000	23.000	0.000
449490.000	0.500	0.440	0.094	80.000	23.000	0.000
449490.000	0.500	0.440	0.094	80.000	23.000	0.000
449520.000	0.500	0.440	0.094	80.000	23.000	0.000
449520.000	0.500	0.440	0.094	80.000	23.000	0.000
449520.000	0.500	0.440	0.094	80.000	23.000	0.000
449550.000	0.500	0.440	0.094	80.000	23.000	0.000
449550.000	0.500	0.440	0.094	80.000	23.000	0.000
449550.000	0.500	0.440	0.094	80.000	23.000	0.000
449580.000	0.500	0.440	0.094	80.000	23.000	0.000
449580.000	0.500	0.440	0.094	80.000	23.000	0.000
449580.000	0.500	0.440	0.094	80.000	23.000	0.000
449610.000	0.500	0.440	0.094	80.000	23.000	0.000
449610.000	0.500	0.440	0.094	80.000	23.000	0.000
449610.000	0.500	0.440	0.094	80.000	23.000	0.000
449640.000	0.500	0.440	0.094	80.000	23.000	0.000
449640.000	0.500	0.440	0.094	80.000	23.000	0.000
449640.000	0.500	0.440	0.094	80.000	23.000	0.000
449670.000	0.500	0.440	0.094	80.000	23.000	0.000
449670.000	0.500	0.440	0.094	80.000	23.000	0.000
449670.000	0.500	0.440	0.094	80.000	23.000	0.000
449700.000	0.500	0.440	0.094	80.000	23.000	0.000
449700.000	0.500	0.440	0.094	80.000	23.000	0.000
449700.000	0.500	0.440	0.094	80.000	23.000	0.000
449730.000	0.500	0.440	0.094	80.000	23.000	0.000
449730.000	0.500	0.440	0.094	80.000	23.000	0.000
449730.000	0.500	0.440	0.094	80.000	23.000	0.000
449760.000	0.500	0.440	0.094	80.000	23.000	0.000
449760.000	0.500	0.440	0.094	80.000	23.000	0.000
449760.000	0.500	0.440	0.094	80.000	23.000	0.000
449790.000	0.500	0.440	0.094	80.000	23.000	0.000
449790.000	0.500	0.440	0.094	80.000	23.000	0.000
449790.000	0.500	0.440	0.094	80.000	23.000	0.000
449820.000	0.500	0.440	0.094	80.000	23.000	0.000
449820.000	0.500	0.440	0.094	80.000	23.000	0.000
449820.000	0.500	0.440	0.094	80.000	23.000	0.000
449850.000	0.500	0.440	0.094	80.000	23.000	0.000
449850.000	0.500	0.440	0.094	80.000	23.000	0.000
449850.000	0.500	0.440	0.094	80.000	23.000	0.000
449880.000	0.500	0.440	0.094	80.000	23.000	0.000
449880.000	0.500	0.440	0.094	80.000	23.000	0.000
449880.000	0.500	0.440	0.094	80.000	23.000	0.000
449910.000	0.500	0.440	0.094	80.000	23.000	0.000
449910.000	0.500	0.440	0.094	80.000	23.000	0.000
449910.000	0.500	0.440	0.094	80.000	23.000	0.000
449940.000	0.500	0.440	0.094	80.000	23.000	0.000
449940.000	0.500	0.440	0.094	80.000	23.000	0.000
449940.000	0.500	0.440	0.094	80.000	23.000	0.000
449970.000	0.500	0.440	0.094	80.000	23.000	0.000
449970.000	0.500	0.440	0.094	80.000	23.000	0.000
449970.000	0.500	0.440	0.094	80.000	23.000	0.000
450000.000	0.500	0.440	0.094	80.000	23.000	0.000
450000.000	0.500	0.440	0.094	80.000	23.000	0.000
450000.000	0.500	0.440	0.094	80.000	23.000	0.000
450030.000	0.500	0.440	0.094	80.000	23.000	0.000
450030.000	0.500	0.440	0.094	80.000	23.000	0.000
450030.000	0.500	0.440	0.094	80.000	23.000	0.000
450060.000	0.500	0.440	0.094	80.000	23.000	0.000
450060.000	0.500	0.440	0.094	80.000	23.000	0.000
450060.000	0.500	0.440	0.094	80.000	23.000	0.000
450090.000	0.500	0.440	0.094	80.000	23.000	0.000
450090.000	0.500	0.440	0.094	80.000	23.000	0.000
450090.000	0.500	0.440	0.094	80.000	23.000	0.000
450120.000	0.500	0.440	0.094	80.000	23.000	0.000
450120.000	0.500	0.440	0.094	80.000	23.000	0.000
450120.000	0.500	0.440	0.094	80.000	23.000	0.000
450150.000	0.500	0.440	0.094	80.000	23.000	0.000
450150.000	0.500	0.440	0.094	80.000	23.000	0.000
450150.000	0.500	0.440	0.094	80.000	23.000	0.000
450180.000	0.500	0.440	0.094	80.000	23.000	0.000
450180.000	0.500	0.440	0.094	80.000	23.000	0.000
450180.000	0.500	0.440	0.094	80.000	23.000	0.000
450210.000	0.500	0.440	0.094	80.000	23.000	0.000
450210.000	0.500	0.440	0.094	80.000	23.000	0.000
450210.000	0.500	0.440	0.094	80.000	23.000	0.000
450240.000	0.500	0.440	0.078	80.000	23.000	0.000
450240.000	0.500	0.440	0.078	80.000	23.000	0.000
450240.000	0.500	0.440	0.078	80.000	23.000	0.000
450270.000	0.500	0.440	0.094	80.000	23.000	0.000
450270.000	0.500	0.440	0.094	80.000	23.000	0.000
450270.000	0.500	0.440	0.094	80.000	23.000	0.000
450300.000	0.500	0.440	0.094	80.000	23.000	0.000
450300.000	0.500	0.440	0.094	80.000	23.000	0.000
450300.000	0.500	0.440	0.094	80.000	23.000	0.000
450330.000	0.500	0.440	0.094	80.000	23.000	0.000
450330.000	0.500	0.440	0.094	80.000	23.000	0.000
450330.000	0.500	0.440	0.094	80.000	23.000	0.000
450360.000	0.500	0.440	0.094	80.000	23.000	0.000
450360.000	0.500	0.440	0.094	80.000	23.000	0.000
450360.000	0.500	0.440	0.094	80.000	23.000	0.000
450390.000	0.500	0.440	0.094	80.000	23.000	0.000
450390.000	0.500	0.440	0.094	80.000	23.000	0.000
450390.000	0.500	0.440	0.094	80.000	23.000	0.000
450420.000	0.500	0.440	0.078	80.000	23.000	0.000
450420.000	0.500	0.440	0.078	80.000	23.000	0.000
450420.000	0.500	0.440	0.078	80.000	23.000	0.000
450450.000	0.500	0.440	0.094	80.000	23.000	0.000
450450.000	0.500	0.440	0.094	80.000	23.000	0.000
450450.000	0.500	0.440	0.094	80.000	23.000	0.000
450480.000	0.500	0.440	0.094	80.000	23.000	0.000
450480.000	0.500	0.440	0.094	80.000	23.000	0.000
450480.000	0.500	0.440	0.094	80.000	23.000	0.000
450510.000	0.500	0.440	0.094	80.000	23.000	0.000
450510.000	0.500	0.440	0.094	80.000	23.000	0.000
450510.000	0.500	0.440	0.094	80.000	23.000	0.000
450540.000	0.500	0.440	0.094	80.000	23.000	0.000
450540.000	0.500	0.440	0.094	80.000	23.000	0.000
450540.000	0.500	0.440	0.094	80.000	23.000	0.000
450570.000	0.500	0.440	0.094	80.000	23.000	0.000
450570.000	0.500	0.440	0.094	80.000	23.000	0.000
450570.000	0.500	0.440	0.094	80.000	23.000	0.000
450600.000	0.500	0.440	0.094	80.000	23.000	0.000
450600.000	0.500	0.440	0.094	80.000	23.000	0.000
450600.000	0.500	0.440	0.094	80.000	23.000	0.000
450630.000	0.500	0.440	0.094	80.000	23.000	0.000
450630.000	0.500	0.440	0.094	80.000	23.000	0.000
450630.000	0.500	0.440	0.094	80.000	23.000	0.000
450660.000	0.500	0.440	0.078	80.000	23.000	0.000
450660.000	0.500	0.440	0.078	80.000	23.000	0.000
450660.000	0.500	0.440	0.078	80.000	23.000	0.000
450690.000	0.500	0.440	0.094	80.000	23.000	0.000
450690.000	0.500	0.440	0.094	80.000	23.000	0.000
450690.000	0.500	0.440	0.094	80.000	23.000	0.000
450720.000	0.500	0.440	0.078	80.000	23.000	0.000
450720.000	0.500	0.440	0.078	80.000	23.000	0.000
450720.000	0.500	0.440	0.078	80.000	23.000	0.000
450750.000	0.500	0.440	0.094	80.000	23.000	0.000
450750.000	0.500	0.440	0.094	80.000	23.000	0.000
450750.000	0.500	0.440	0.094	80.000	23.000	0.000
450780.000	0.500	0.440	0.078	80.000	23.000	0.000
450780.000	0.500	0.440	0.078	80.000	23.000	0.000
450780.000	0.500	0.440	0.078	80.000	23.000	0.000
450810.000	0.500	0.440	0.094	80.000	23.000	0.000
450810.000	0.500	0.440	0.094	80.000	23.000	0.000
450810.000	0.500	0.440	0.094	80.000	23.000	0.000
450840.000	0.500	0.440	0.078	80.000	23.000	0.000
450840.000	0.500	0.440	0.078	80.000	23.000	0.000
450840.000	0.500	0.440	0.078	80.000	23.000	0.000
450870.000	0.500	0.440	0.094	80.000	23.000	0.000
450870.000	0.500	0.440	0.094	80.000	23.000	0.000
450870.000	0.500	0.440	0.094	80.000	23.000	0.000
450900.000	0.500	0.440	0.078	80.000	23.000	0.000
450900.000	0.500	0.440	0.078	80.000	23.000	0.000
450900.000	0.500	0.440	0.078	80.000	23.000	0.000
450930.000	0.500	0.440	0.094	80.000	23.000	0.000
450930.000	0.500	0.440	0.094	80.000	23.000	0.000
450930.000	0.500	0.440	0.094	80.000	23.000	0.000
450960.000	0.500	0.440	0.078	80.000	23.000	0.000
450960.000	0.500	0.440	0.078	80.000	23.000	0.000
450960.000	0.500	0.440	0.078	80.000	23.000	0.000
450990.000	0.500	0.440	0.094	80.000	23.000	0.000
450990.000	0.500	0.440	0.094	80.000	23.000	0.000
450990.000	0.500	0.440	0.094	80.000	23.000	0.000
451020.000	0.500	0.440	0.078	80.000	23.000	0.000
451020.000	0.500	0.440	0.078	80.000	23.000	0.000
451020.000	0.500	0.440	0.078	80.000	23.000	0.000
451050.000	0.500	0.440	0.094	80.000	23.000	0.000
451050.000	0.500	0.440	0.094	80.000	23.000	0.000
451050.000	0.500	0.440	0.094	80.000	23.000	0.000
451080.000	0.500	0.440	0.078	80.000	23.000	0.000
451080.000	0.500	0.440	0.078	80.000	23.000	0.000
451080.000	0.500	0.440	0.078	80.000	23.000	0.000
451110.000	0.500	0.440	0.094	80.000	23.000	0.000
451110.000	0.500	0.440	0.094	80.000	23.000	0.000
451110.000	0.500	0.440	0.094	80.000	23.000	0.000
451140.000	0.500	0.440	0.078	80.000	23.000	0.000
451140.000	0.500	0.440	0.078	80.000	23.000	0.000
451140.000	0.500	0.440	0.078	80.000	23.000	0.000
451170.000	0.500	0.440	0.094	80.000	23.000	0.000
451170.000	0.500	0.440	0.094	80.000	23.000	0.000
451170.000	0.500	0.440	0.094	80.000	23.000	0.000
451200.000	0.500	0.440	0.078	80.000	23.000	0.000
451200.000	0.500	0.440	0.078	80.000	23.000	0.000
451200.000	0.500	0.440	0.078	80.000	23.000	0.000
451230.000	0.500	0.440	0.094	80.000	23.000	0.000
451230.000	0.500	0.440	0.094	80.000	23.000	0.000
451230.000	0.500	0.440	0.094	80.000	23.000	0.000
451260.000	0.500	0.440	0.078	80.000	23.000	0.000
451260.000	0.500	0.440	0.078	80.000	23.000	0.000
451260.000	0.500	0.440	0.078	80.000	23.000	0.000
451290.000	0.500	0.440	0.094	80.000	23.000	0.000
451290.000	0.500	0.440	0.094	80.000	23.000	0.000
451290.000	0.500	0.440	0.094	80.000	23.000	0.000
451320.000	0.500	0.440	0.078	80.000	23.000	0.000
451320.000	0.500	0.440	0.078	80.000	23.000	0.000
451320.000	0.500	0.440	0.078	80.000	23.000	0.000
451350.000	0.500	0.440	0.094	80.000	23.000	0.000
451350.000	0.500	0.440	0.094	80.000	23.000	0.000
451350.000	0.500	0.440	0.094	80.000	23.000	0.000
451380.000	0.500	0.440	0.078	80.000	23.000	0.000
451380.000	0.500	0.440	0.078	80.000	23.000	0.000
451380.000	0.500	0.440	0.078	80.000	23.000	0.000
451410.000	0.500	0.440	0.094	80.000	23.000	0.000
451410.000	0.500	0.440	0.094	80.000	23.000	0.000
451410.000	0.500	0.440	0.094	80.000	23.000	0.000
451440.000	0.500	0.440	0.078	80.000	23.000	0.000
451440.000	0.500	0.440	0.078	80.000	23.000	0.000
451440.000	0.500	0.440	0.078	80.000	23.000	0.000
451470.000	0.500	0.440	0.094	80.000	23.000	0.000
451470.000	0.500	0.440	0.094	80.000	23.000	0.000
451470.000	0.500	0.440	0.094	80.000	23.000	0.000
451500.000	0.500	0.440	0.078	80.000	23.000	0.000
451500.000	0.500	0.440	0.078	80.000	23.000	0.000
451500.000	0.500	0.440	0.078	80.000	23.000	0.000
451530.000	0.500	0.440	0.094	80.000	23.000	0.000
451530.000	0.500	0.440	0.094	80.000	23.000	0.000
451530.000	0.500	0.440	0.094	80.000	23.000	0.000
451560.000	0.500	0.440	0.078	80.000	23.000	0.000
451560.000	0.500	0.440	0.078	80.000	23.000	0.000
451560.000	0.500	0.440	0.078	80.000	23.000	0.000
451590.000	0.500	0.440	0.094	80.000	23.000	0.000
451590.000	0.500	0.440	0.094	80.000	23.000	0.000
451590.000	0.500	0.440	0.094	80.000	23.000	0.000
451620.000	0.500	0.440	0.078	80.000	23.000	0.000
451620.000	0.500	0.440	0.078	80.000	23.000	0.000
451620.000	0.500	0.440	0.078	80.000	23.000	0.000
451650.000	0.500	0.440	0.094	80.000	23.000	0.000
451650.000	0.500	0.440	0.094	80.000	23.000	0.000
451650.000	0.500	0.440	0.094	80.000	23.000	0.000
451680.000	0.500	0.450	0.078	80.000	23.000	0.000
451680.000	0.500	0.450	0.078	80.000	23.000	0.000
451680.000	0.500	0.450	0.078	80.000	23.000	0.000
451710.000	0.500	0.450	0.094	80.000	23.000	0.000
451710.000	0.500	0.450	0.094	80.000	23.000	0.000
451710.000	0.500	0.450	0.094	80.000	23.000	0.000
451740.000	0.500	0.450	0.078	80.000	23.000	0.000
451740.000	0.500	0.450	0.078	80.000	23.000	0.000
451740.000	0.500	0.450	0.078	80.000	23.000	0.000
451770.000	0.500	0.450	0.094	80.000	23.000	0.000
451770.000	0.500	0.450	0.094	80.000	23.000	0.000
451770.000	0.500	0.450	0.094	80.000	23.000	0.000
451800.000	0.500	0.450	0.078	80.000	23.000	0.000
451800.000	0.500	0.450	0.078	80.000	23.000	0.000
451800.000	0.500	0.450	0.078	80.000	23.000	0.000
451830.000	0.500	0.450	0.094	80.000	23.000	0.000
451830.000	0.500	0.450	0.094	80.000	23.000	0.000
451830.000	0.500	0.450	0.094	80.000	23.000	0.000
451860.000	0.500	0.450	0.078	80.000	23.000	0.000
451860.000	0.500	0.450	0.078	80.000	23.000	0.000
451860.000	0.500	0.450	0.078	80.000	23.000	0.000
451890.000	0.500	0.450	0.094	80.000	23.000	0.000
451890.000	0.500	0.450	0.094	80.000	23.000	0.000
451890.000	0.500	0.450	0.094	80.000	23.000	0.000
451920.000	0.500	0.450	0.078	80.000	23.000	0.000
451920.000	0.500	0.450	0.078	80.000	23.000	0.000
451920.000	0.500	0.450	0.078	80.000	23.000	0.000
451950.000	0.500	0.450	0.094	80.000	23.000	0.000
451950.000	0.500	0.450	0.094	80.000	23.000	0.000
451950.000	0.500	0.450	0.094	80.000	23.000	0.000
451980.000	0.500	0.450	0.078	80.000	23.000	0.000
451980.000	0.500	0.450	0.078	80.000	23.000	0.000
451980.000	0.500	0.450	0.078	80.000	23.000	0.000
452010.000	0.500	0.450	0.094	80.000	23.000	0.000
452010.000	0.500	0.450	0.094	80.000	23.000	0.000
452010.000	0.500	0.450	0.094	80.000	23.000	0.000
452040.000	0.500	0.450	0.078	80.000	23.000	0.000
452040.000	0.500	0.450	0.078	80.000	23.000	0.000
452040.000	0.500	0.450	0.078	80.000	23.000	0.000
452070.000	0.500	0.450	0.094	80.000	23.000	0.000
452070.000	0.500	0.450	0.094	80.000	23.000	0.000
452070.000	0.500	0.450	0.094	80.000	23.000	0.000
452100.000	0.500	0.450	0.078	80.000	23.000	0.000
452100.000	0.500	0.450	0.078	80.000	23.000	0.000
452100.000	0.500	0.450	0.078	80.000	23.000	0.000
452130.000	0.500	0.450	0.094	80.000	23.000	0.000
452130.000	0.500	0.450	0.094	80.000	23.000	0.000
452130.000	0.500	0.450	0.094	80.000	23.000	0.000
452160.000	0.500	0.450	0.078	80.000	23.000	0.000
452160.000	0.500	0.450	0.078	80.000	23.000	0.000
452160.000	0.500	0.450	0.078	80.000	23.000	0.000
452190.000	0.500	0.450	0.094	80.000	23.000	0.000
452190.000	0.500	0.450	0.094	80.000	23.000	0.000
452190.000	0.500	0.450	0.094	80.000	23.000	0.000
452220.000	0.500	0.450	0.078	80.000	23.000	0.000
452220.000	0.500	0.450	0.078	80.000	23.000	0.000
452220.000	0.500	0.450	0.078	80.000	23.000	0.000
452250.000	0.500	0.450	0.094	80.000	23.000	0.000
452250.000	0.500	0.450	0.094	80.000	23.000	0.000
452250.000	0.500	0.450	0.094	80.000	23.000	0.000
452280.000	0.500	0.450	0.078	80.000	23.000	0.000
452280.000	0.500	0.450	0.078	80.000	23.000	0.000
452280.000	0.500	0.450	0.078	80.000	23.000	0.000
452310.000	0.500	0.450	0.094	80.000	23.000	0.000
452310.000	0.500	0.450	0.094	80.000	23.000	0.000
452310.000	0.500	0.450	0.094	80.000	23.000	0.000
452340.000	0.500	0.450	0.078	80.000	23.000	0.000
452340.000	0.500	0.450	0.078	80.000	23.000	0.000
452340.000	0.500	0.450	0.078	80.000	23.000	0.000
452370.000	0.500	0.450	0.094	80.000	23.000	0.000
452370.000	0.500	0.450	0.094	80.000	23.000	0.000
452370.000	0.500	0.450	0.094	80.000	23.000	0.000
452400.000	0.500	0.450	0.078	80.000	23.000	0.000
452400.000	0.500	0.450	0.078	80.000	23.000	0.000
452400.000	0.500	0.450	0.078	80.000	23.000	0.000
452430.000	0.500	0.450	0.094	80.000	23.000	0.000
452430.000	0.500	0.450	0.094	80.000	23.000	0.000
452430.000	0.500	0.450	0.094	80.000	23.000	0.000
452460.000	0.500	0.450	0.078	80.000	23.000	0.000
452460.000	0.500	0.450	0.078	80.000	23.000	0.000
452460.000	0.500	0.450	0.078	80.000	23.000	0.000
452490.000	0.500	0.450	0.094	80.000	23.000	0.000
452490.000	0.500	0.450	0.094	80.000	23.000	0.000
452490.000	0.500	0.450	0.094	80.000	23.000	0.000
452520.000	0.500	0.450	0.078	80.000	23.000	0.000
452520.000	0.500	0.450	0.078	80.000	23.000	0.000
452520.000	0.500	0.450	0.078	80.000	23.000	0.000
452550.000	0.500	0.450	0.094	80.000	23.000	0.000
452550.000	0.500	0.450	0.094	80.000	23.000	0.000
452550.000	0.500	0.450	0.094	80.000	23.000	0.000
452580.000	0.500	0.450	0.078	80.000	23.000	0.000
452580.000	0.500	0.450	0.078	80.000	23.000	0.000
452580.000	0.500	0.450	0.078	80.000	23.000	0.000
452610.000	0.500	0.450	0.094	80.000	23.000	0.000
452610.000	0.500	0.450	0.094	80.000	23.000	0.000
452610.000	0.500	0.450	0.094	80.000	23.000	0.000
452640.000	0.500	0.450	0.078	80.000	23.000	0.000
452640.000	0.500	0.450	0.078	80.000	23.000	0.000
452640.000	0.500	0.450	0.078	80.000	23.000	0.000
452670.000	0.500	0.450	0.094	80.000	23.000	0.000
452670.000	0.500	0.450	0.094	80.000	23.000	0.000
452670.000	0.500	0.450	0.094	80.000	23.000	0.000
452700.000	0.500	0.450	0.078	80.000	23.000	0.000
452700.000	0.500	0.450	0.078	80.000	23.000	0.000
452700.000	0.500	0.450	0.078	80.000	23.000	0.000
452730.000	0.500	0.450	0.094	80.000	23.000	0.000
452730.000	0.500	0.450	0.094	80.000	23.000	0.000
452730.000	0.500	0.450	0.094	80.000	23.000	0.000
452760.000	0.500	0.450	0.078	80.000	23.000	0.000
452760.000	0.500	0.450	0.078	80.000	23.000	0.000
452760.000	0.500	0.450	0.078	80.000	23.000	0.000
452790.000	0.500	0.450	0.094	80.000	23.000	0.000
452790.000	0.500	0.450	0.094	80.000	23.000	0.000
452790.000	0.500	0.450	0.094	80.000	23.000	0.000
452820.000	0.500	0.450	0.078	80.000	23.000	0.000
452820.000	0.500	0.450	0.078	80.000	23.000	0.000
452820.000	0.500	0.450	0.078	80.000	23.000	0.000
452850.000	0.500	0.450	0.094	80.000	23.000	0.000
452850.000	0.500	0.450	0.094	80.000	23.000	0.000
452850.000	0.500	0.450	0.094	80.000	23.000	0.000
452880.000	0.500	0.450	0.078	80.000	23.000	0.000
452880.000	0.500	0.450	0.078	80.000	23.000	0.000
452880.000	0.500	0.450	0.078	80.000	23.000	0.000
452910.000	0.500	0.450	0.094	80.000	23.000	0.000
452910.000	0.500	0.450	0.094	80.000	23.000	0.000
452910.000	0.500	0.450	0.094	80.000	23.000	0.000
452940.000	0.500	0.450	0.078	80.000	23.000	0.000
452940.000	0.500	0.450	0.078	80.000	23.000	0.000
452940.000	0.500	0.450	0.078	80.000	23.000	0.000
452970.000	0.500	0.450	0.094	80.000	23.000	0.000
452970.000	0.500	0.450	0.094	80.000	23.000	0.000
452970.000	0.500	0.450	0.094	80.000	23.000	0.000
453000.000	0.500	0.450	0.078	80.000	23.000	0.000
453000.000	0.500	0.450	0.078	80.000	23.000	0.000
453000.000	0.500	0.450	0.078	80.000	23.000	0.000
453030.000	0.500	0.450	0.094	80.000	23.000	0.000
453030.000	0.500	0.450	0.094	80.000	23.000	0.000
453030.000	0.500	0.450	0.094	80.000	23.000	0.000
453060.000	0.500	0.450	0.078	80.000	23.000	0.000
453060.000	0.500	0.450	0.078	80.000	23.000	0.000
453060.000	0.500	0.450	0.078	80.000	23.000	0.000
453090.000	0.500	0.450	0.094	80.000	23.000	0.000
453090.000	0.500	0.450	0.094	80.000	23.000	0.000
453090.000	0.500	0.450	0.094	80.000	23.000	0.000
453120.000	0.500	0.450	0.078	80.000	23.000	0.000
453120.000	0.500	0.450	0.078	80.000	23.000	0.000
453120.000	0.500	0.450	0.078	80.000	23.000	0.000
453150.000	0.500	0.450	0.094	80.000	23.000	0.000
453150.000	0.500	0.450	0.094	80.000	23.000	0.000
453150.000	0.500	0.450	0.094	80.000	23.000	0.000
453180.000	0.500	0.450	0.078	80.000	23.000	0.000
453180.000	0.500	0.450	0.078	80.000	23.000	0.000
453180.000	0.500	0.450	0.078	80.000	23.000	0.000
453210.000	0.500	0.450	0.094	80.000	23.000	0.000
453210.000	0.500	0.450	0.094	80.000	23.000	0.000
453210.000	0.500	0.450	0.094	80.000	23.000	0.000
453240.000	0.500	0.450	0.094	80.000	23.000	0.000
453240.000	0.500	0.450	0.094	80.000	23.000	0.000
453240.000	0.500	0.450	0.094	80.000	23.000	0.000
453270.000	0.500	0.450	0.094	80.000	23.000	0.000
453270.000	0.500	0.450	0.094	80.000	23.000	0.000
453270.000	0.500	0.450	0.094	80.000	23.000	0.000
453300.000	0.500	0.450	0.078	80.000	23.000	0.000
453300.000	0.500	0.450	0.078	80.000	23.000	0.000
453300.000	0.500	0.450	0.078	80.000	23.000	0.000
453330.000	0.500	0.450	0.094	80.000	23.000	0.000
453330.000	0.500	0.450	0.094	80.000	23.000	0.000
453330.000	0.500	0.450	0.094	80.000	23.000	0.000
453360.000	0.500	0.450	0.078	80.000	23.000	0.000
453360.000	0.500	0.450	0.078	80.000	23.000	0.000
453360.000	0.500	0.450	0.078	80.000	23.000	0.000
453390.000	0.500	0.450	0.094	80.000	23.000	0.000
453390.000	0.500	0.450	0.094	80.000	23.000	0.000
453390.000	0.500	0.450	0.094	80.000	23.000	0.000
453420.000	0.500	0.450	0.078	80.000	23.000	0.000
453420.000	0.500	0.450	0.078	80.000	23.000	0.000
453420.000	0.500	0.450	0.078	80.000	23.000	0.000
453450.000	0.500	0.450	0.094	80.000	23.000	0.000
453450.000	0.500	0.450	0.094	80.000	23.000	0.000
453450.000	0.500	0.450	0.094	80.000	23.000	0.000
453480.000	0.500	0.450	0.078	80.000	23.000	0.000
453480.000	0.500	0.450	0.078	80.000	23.000	0.000
453480.000	0.500	0.450	0.078	80.000	23.000	0.000
453510.000	0.500	0.450	0.094	80.000	23.000	0.000
453510.000	0.500	0.450	0.094	80.000	23.000	0.000
453510.000	0.500	0.450	0.094	80.000	23.000	0.000
453540.000	0.500	0.450	0.078	80.000	23.000	0.000
453540.000	0.500	0.450	0.078	80.000	23.000	0.000
453540.000	0.500	0.450	0.078	80.000	23.000	0.000
453570.000	0.500	0.450	0.078	80.000	23.000	0.000
453570.000	0.500	0.450	0.078	80.000	23.000	0.000
453570.000	0.500	0.450	0.078	80.000	23.000	0.000
453600.000	0.500	0.450	0.078	80.000	23.000	0.000
453600.000	0.500	0.450	0.078	80.000	23.000	0.000
453600.000	0.500	0.450	0.078	80.000	23.000	0.000
453630.000	0.500	0.450	0.125	80.000	23.000	0.000
453630.000	0.500	0.450	0.125	80.000	23.000	0.000
453630.000	0.500	0.450	0.125	80.000	23.000	0.000
453660.000	0.500	0.450	0.078	80.000	23.000	0.000
453660.000	0.500	0.450	0.078	80.000	23.000	0.000
453660.000	0.500	0.450	0.078	80.000	23.000	0.000
453690.000	0.500	0.450	0.078	80.000	23.000	0.000
453690.000	0.500	0.450	0.078	80.000	23.000	0.000
453690.000	0.500	0.450	0.078	80.000	23.000	0.000
453720.000	0.500	0.450	0.078	80.000	23.000	0.000
453720.000	0.500	0.450	0.078	80.000	23.000	0.000
453720.000	0.500	0.450	0.078	80.000	23.000	0.000
453750.000	0.500	0.450	0.078	80.000	23.000	0.000
453750.000	0.500	0.450	0.078	80.000	23.000	0.000
453750.000	0.500	0.450	0.078	80.000	23.000	0.000
453780.000	0.500	0.450	0.078	80.000	23.000	0.000
453780.000	0.500	0.450	0.078	80.000	23.000	0.000
453780.000	0.500	0.450	0.078	80.000	23.000	0.000
453810.000	0.500	0.450	0.078	80.000	23.000	0.000
453810.000	0.500	0.450	0.078	80.000	23.000	0.000
453810.000	0.500	0.450	0.078	80.000	23.000	0.000
453840.000	0.500	0.450	0.078	80.000	23.000	0.000
453840.000	0.500	0.450	0.078	80.000	23.000	0.000
453840.000	0.500	0.450	0.078	80.000	23.000	0.000
453870.000	0.500	0.450	0.078	80.000	23.000	0.000
453870.000	0.500	0.450	0.078	80.000	23.000	0.000
453870.000	0.500	0.450	0.078	80.000	23.000	0.000
453900.000	0.500	0.450	0.094	80.000	23.000	0.000
453900.000	0.500	0.450	0.094	80.000	23.000	0.000
453900.000	0.500	0.450	0.094	80.000	23.000	0.000
453930.000	0.500	0.450	0.094	80.000	23.000	0.000
453930.000	0.500	0.450	0.094	80.000	23.000	0.000
453930.000	0.500	0.450	0.094	80.000	23.000	0.000
453960.000	0.500	0.450	0.094	80.000	23.000	0.000
453960.000	0.500	0.450	0.094	80.000	23.000	0.000
453960.000	0.500	0.450	0.094	80.000	23.000	0.000
453990.000	0.500	0.450	0.078	80.000	23.000	0.000
453990.000	0.500	0.450	0.078	80.000	23.000	0.000
453990.000	0.500	0.450	0.078	80.000	23.000	0.000
454020.000	0.500	0.450	0.078	80.000	23.000	0.000
454020.000	0.500	0.450	0.078	80.000	23.000	0.000
454020.000	0.500	0.450	0.078	80.000	23.000	0.000
454050.000	0.500	0.450	0.078	80.000	23.000	0.000
454050.000	0.500	0.450	0.078	80.000	23.000	0.000
454050.000	0.500	0.450	0.078	80.000	23.000	0.000
454080.000	0.500	0.450	0.094	80.000	23.000	0.000
454080.000	0.500	0.450	0.094	80.000	23.000	0.000
454080.000	0.500	0.450	0.094	80.000	23.000	0.000
454110.000	0.500	0.450	0.078	80.000	23.000	0.000
454110.000	0.500	0.450	0.078	80.000	23.000	0.000
454110.000	0.500	0.450	0.078	80.000	23.000	0.000
454140.000	0.500	0.450	0.094	80.000	23.000	0.000
454140.000	0.500	0.450	0.094	80.000	23.000	0.000
454140.000	0.500	0.450	0.094	80.000	23.000	0.000
454170.000	0.500	0.450	0.078	80.000	23.000	0.000
454170.000	0.500	0.450	0.078	80.000	23.000	0.000
454170.000	0.500	0.450	0.078	80.000	23.000	0.000
454200.000	0.500	0.450	0.094	80.000	23.000	0.000
454200.000	0.500	0.450	0.094	80.000	23.000	0.000
454200.000	0.500	0.450	0.094	80.000	23.000	0.000
454230.000	0.500	0.450	0.078	80.000	23.000	0.000
454230.000	0.500	0.450	0.078	80.000	23.000	0.000
454230.000	0.500	0.450	0.078	80.000	23.000	0.000
454260.000	0.500	0.450	0.094	80.000	23.000	0.000
454260.000	0.500	0.450	0.094	80.000	23.000	0.000
454260.000	0.500	0.450	0.094	80.000	23.000	0.000
454290.000	0.500	0.450	0.078	80.000	23.000	0.000
454290.000	0.500	0.450	0.078	80.000	23.000	0.000
454290.000	0.500	0.450	0.078	80.000	23.000	0.000
454320.000	0.500	0.450	0.094	80.000	23.000	0.000
454320.000	0.500	0.450	0.094	80.000	23.000	0.000
454320.000	0.500	0.450	0.094	80.000	23.000	0.000
454350.000	0.500	0.450	0.078	80.000	23.000	0.000
454350.000	0.500	0.450	0.078	80.000	23.000	0.000
454350.000	0.500	0.450	0.078	80.000	23.000	0.000
454380.000	0.500	0.450	0.094	80.000	23.000	0.000
454380.000	0.500	0.450	0.094	80.000	23.000	0.000
454380.000	0.500	0.450	0.094	80.000	23.000	0.000
454410.000	0.500	0.450	0.078	80.000	23.000	0.000
454410.000	0.500	0.450	0.078	80.000	23.000	0.000
454410.000	0.500	0.450	0.078	80.000	23.000	0.000
454440.000	0.500	0.450	0.094	80.000	23.000	0.000
454440.000	0.500	0.450	0.094	80.000	23.000	0.000
454440.000	0.500	0.450	0.094	80.000	23.000	0.000
454470.000	0.500	0.450	0.078	80.000	23.000	0.000
454470.000	0.500	0.450	0.078	80.000	23.000	0.000
454470.000	0.500	0.450	0.078	80.000	23.000	0.000
454500.000	0.500	0.450	0.094	80.000	23.000	0.000
454500.000	0.500	0.450	0.094	80.000	23.000	0.000
454500.000	0.500	0.450	0.094	80.000	23.000	0.000
454530.000	0.500	0.450	0.078	80.000	23.000	0.000
454530.000	0.500	0.450	0.078	80.000	23.000	0.000
454530.000	0.500	0.450	0.078	80.000	23.000	0.000
454560.000	0.500	0.450	0.094	80.000	23.000	0.000
454560.000	0.500	0.450	0.094	80.000	23.000	0.000
454560.000	0.500	0.450	0.094	80.000	23.000	0.000
454590.000	0.500	0.450	0.078	80.000	23.000	0.000
454590.000	0.500	0.450	0.078	80.000	23.000	0.000
454590.000	0.500	0.450	0.078	80.000	23.000	0.000
454620.000	0.500	0.450	0.078	80.000	23.000	0.000
454620.000	0.500	0.450	0.078	80.000	23.000	0.000
454620.000	0.500	0.450	0.078	80.000	23.000	0.000
454650.000	0.500	0.450	0.078	80.000	23.000	0.000
454650.000	0.500	0.450	0.078	80.000	23.000	0.000
454650.000	0.500	0.450	0.078	80.000	23.000	0.000
454680.000	0.500	0.450	0.078	80.000	23.000	0.000
454680.000	0.500	0.450	0.078	80.000	23.000	0.000
454680.000	0.500	0.450	0.078	80.000	23.000	0.000
454710.000	0.500	0.450	0.078	80.000	23.000	0.000
454710.000	0.500	0.450	0.078	80.000	23.000	0.000
454710.000	0.500	0.450	0.078	80.000	23.000	0.000
454740.000	0.500	0.450	0.094	80.000	23.000	0.000
454740.000	0.500	0.450	0.094	80.000	23.000	0.000
454740.000	0.500	0.450	0.094	80.000	23.000	0.000
454770.000	0.500	0.450	0.078	80.000	23.000	0.000
454770.000	0.500	0.450	0.078	80.000	23.000	0.000
454770.000	0.500	0.450	0.078	80.000	23.000	0.000
454800.000	0.500	0.450	0.094	80.000	23.000	0.000
454800.000	0.500	0.450	0.094	80.000	23.000	0.000
454800.000	0.500	0.450	0.094	80.000	23.000	0.000
454830.000	0.500	0.450	0.062	80.000	23.000	0.000
454830.000	0.500	0.450	0.062	80.000	23.000	0.000
454830.000	0.500	0.450	0.062	80.000	23.000	0.000
454860.000	0.500	0.450	0.078	80.000	23.000	0.000
454860.000	0.500	0.450	0.078	80.000	23.000	0.000
454860.000	0.500	0.450	0.078	80.000	23.000	0.000
454890.000	0.500	0.450	0.078	80.000	23.000	0.000
454890.000	0.500	0.450	0.078	80.000	23.000	0.000
454890.000	0.500	0.450	0.078	80.000	23.000	0.000
454920.000	0.500	0.450	0.078	80.000	23.000	0.000
454920.000	0.500	0.450	0.078	80.000	23.000	0.000
454920.000	0.500	0.450	0.078	80.000	23.000	0.000
454950.000	0.500	0.450	0.078	80.000	23.000	0.000
454950.000	0.500	0.450	0.078	80.000	23.000	0.000
454950.000	0.500	0.450	0.078	80.000	23.000	0.000
454980.000	0.500	0.450	0.094	80.000	23.000	0.000
454980.000	0.500	0.450	0.094	80.000	23.000	0.000
454980.000	0.500	0.450	0.094	80.000	23.000	0.000
455010.000	0.500	0.450	0.094	80.000	23.000	0.000
455010.000	0.500	0.450	0.094	80.000	23.000	0.000
455010.000	0.500	0.450	0.094	80.000	23.000	0.000
455040.000	0.500	0.450	0.094	80.000	23.000	0.000
455040.000	0.500	0.450	0.094	80.000	23.000	0.000
455040.000	0.500	0.450	0.094	80.000	23.000	0.000
455070.000	0.500	0.450	0.094	80.000	23.000	0.000
455070.000	0.500	0.450	0.094	80.000	23.000	0.000
455070.000	0.500	0.450	0.094	80.000	23.000	0.000
455100.000	0.500	0.450	0.094	80.000	23.000	0.000
455100.000	0.500	0.450	0.094	80.000	23.000	0.000
455100.000	0.500	0.450	0.094	80.000	23.000	0.000
455130.000	0.500	0.450	0.094	80.000	23.000	0.000
455130.000	0.500	0.450	0.094	80.000	23.000	0.000
455130.000	0.500	0.450	0.094	80.000	23.000	0.000
455160.000	0.500	0.450	0.094	80.000	23.000	0.000
455160.000	0.500	0.450	0.094	80.000	23.000	0.000
455160.000	0.500	0.450	0.094	80.000	23.000	0.000
455190.000	0.500	0.450	0.094	80.000	23.000	0.000
455190.000	0.500	0.450	0.094	80.000	23.000	0.000
455190.000	0.500	0.450	0.094	80.000	23.000	0.000
455220.000	0.500	0.450	0.094	80.000	23.000	0.000
455220.000	0.500	0.450	0.094	80.000	23.000	0.000
455220.000	0.500	0.450	0.094	80.000	23.000	0.000
455250.000	0.500	0.450	0.094	80.000	23.000	0.000
455250.000	0.500	0.450	0.094	80.000	23.000	0.000
455250.000	0.500	0.450	0.094	80.000	23.000	0.000
455280.000	0.000	0.450	-0.859	80.000	23.000	0.000
455280.000	0.000	0.450	-0.859	80.000	23.000	0.000
455280.000	0.000	0.450	-0.859	80.000	23.000	0.000
455310.000	0.000	0.440	-0.766	80.000	23.000	0.000
455310.000	0.000	0.440	-0.766	80.000	23.000	0.000
455310.000	0.000	0.440	-0.766	80.000	23.000	0.000
455340.000	0.000	0.430	-0.641	80.000	23.000	0.000
455340.000	0.000	0.430	-0.641	80.000	23.000	0.000
455340.000	0.000	0.430	-0.641	80.000	23.000	0.000
455370.000	0.000	0.420	-0.516	80.000	23.000	0.000
455370.000	0.000	0.420	-0.516	80.000	23.000	0.000
455370.000	0.000	0.420	-0.516	80.000	23.000	0.000
455400.000	0.000	0.400	-0.406	80.000	23.000	0.000
455400.000	0.000	0.400	-0.406	80.000	23.000	0.000
455400.000	0.000	0.400	-0.406	80.000	23.000	0.000
455430.000	0.000	0.380	-0.312	80.000	23.000	0.000
455430.000	0.000	0.380	-0.312	80.000	23.000	0.000
455430.000	0.000	0.380	-0.312	80.000	23.000	0.000
455460.000	0.000	0.350	-0.203	80.000	23.000	0.000
455460.000	0.000	0.350	-0.203	80.000	23.000	0.000
455460.000	0.000	0.350	-0.203	80.000	23.000	0.000
455490.000	0.000	0.320	-0.109	80.000	23.000	0.000
455490.000	0.000	0.320	-0.109	80.000	23.000	0.000
455490.000	0.000	0.320	-0.109	80.000	23.000	0.000
455520.000	0.000	0.290	-0.031	80.000	23.000	0.000
455520.000	0.000	0.290	-0.031	80.000	23.000	0.000
455520.000	0.000	0.290	-0.031	80.000	23.000	0.000
455550.000	0.000	0.260	0.047	80.000	23.000	0.000
455550.000	0.000	0.260	0.047	80.000	23.000	0.000
455550.000	0.000	0.260	0.047	80.000	23.000	0.000
455580.000	0.000	0.230	0.109	80.000	23.000	0.000
455580.000	0.000	0.230	0.109	80.000	23.000	0.000
455580.000	0.000	0.230	0.109	80.000	23.000	0.000
455610.000	0.000	0.200	0.156	80.000	23.000	0.000
455610.000	0.000	0.200	0.156	80.000	23.000	0.000
455610.000	0.000	0.200	0.156	80.000	23.000	0.000
455640.000	0.000	0.170	0.203	80.000	23.000	0.000
455640.000	0.000	0.170	0.203	80.000	23.000	0.000
455640.000	0.000	0.170	0.203	80.000	23.000	0.000
455670.000	0.000	0.140	0.234	80.000	23.000	0.000
455670.000	0.000	0.140	0.234	80.000	23.000	0.000
455670.000	0.000	0.140	0.234	80.000	23.000	0.000
455700.000	0.000	0.110	0.281	80.000	23.000	0.000
455700.000	0.000	0.110	0.281	80.000	23.000	0.000
455700.000	0.000	0.110	0.281	80.000	23.000	0.000
455730.000	0.000	0.090	0.297	80.000	23.000	0.000
455730.000	0.000	0.090	0.297	80.000	23.000	0.000
455730.000	0.000	0.090	0.297	80.000	23.000	0.000
455760.000	0.000	0.060	0.312	80.000	23.000	0.000
455760.000	0.000	0.060	0.312	80.000	23.000	0.000
455760.000	0.000	0.060	0.312	80.000	23.000	0.000
455790.000	0.000	0.040	0.328	80.000	23.000	0.000
455790.000	0.000	0.040	0.328	80.000	23.000	0.000
455790.000	0.000	0.040	0.328	80.000	23.000	0.000
455820.000	0.000	0.020	0.344	80.000	23.000	0.000
455820.000	0.000	0.020	0.344	80.000	23.000	0.000
455820.000	0.000	0.020	0.344	80.000	23.000	0.000
455850.000	0.000	-0.010	0.344	80.000	23.000	0.000
455850.000	0.000	-0.010	0.344	80.000	23.000	0.000
455850.000	0.000	-0.010	0.344	80.000	23.000	0.000
455880.000	0.000	-0.020	0.344	80.000	23.000	0.000
455880.000	0.000	-0.020	0.344	80.000	23.000	0.000
455880.000	0.000	-0.020	0.344	80.000	23.000	0.000
455910.000	0.000	-0.040	0.344	80.000	23.000	0.000
455910.000	0.000	-0.040	0.344	80.000	23.000	0.000
455910.000	0.000	-0.040	0.344	80.000	23.000	0.000
455940.000	0.000	-0.050	0.344	80.000	23.000	0.000
455940.000	0.000	-0.050	0.344	80.000	23.000	0.000
455940.000	0.000	-0.050	0.344	80.000	23.000	0.000
455970.000	0.000	-0.070	0.312	80.000	23.000	0.000
455970.000	0.000	-0.070	0.312	80.000	23.000	0.000
455970.000	0.000	-0.070	0.312	80.000	23.000	0.000
456000.000	0.000	-0.080	0.297	80.000	23.000	0.000
456000.000	0.000	-0.080	0.297	80.000	23.000	0.000
456000.000	0.000	-0.080	0.297	80.000	23.000	0.000
456030.000	0.000	-0.090	0.281	80.000	23.000	0.000
456030.000	0.000	-0.090	0.281	80.000	23.000	0.000
456030.000	0.000	-0.090	0.281	80.000	23.000	0.000
456060.000	0.000	-0.090	0.266	80.000	23.000	0.000
456060.000	0.000	-0.090	0.266	80.000	23.000	0.000
456060.000	0.000	-0.090	0.266	80.000	23.000	0.000
456090.000	0.000	-0.100	0.266	80.000	23.000	0.000
456090.000	0.000	-0.100	0.266	80.000	23.000	0.000
456090.000	0.000	-0.100	0.266	80.000	23.000	0.000
456120.000	0.000	-0.100	0.234	80.000	23.000	0.000
456120.000	0.000	-0.100	0.234	80.000	23.000	0.000
456120.000	0.000	-0.100	0.234	80.000	23.000	0.000
456150.000	0.000	-0.100	0.219	80.000	23.000	0.000
456150.000	0.000	-0.100	0.219	80.000	23.000	0.000
456150.000	0.000	-0.100	0.219	80.000	23.000	0.000
456180.000	0.000	-0.110	0.219	80.000	23.000	0.000
456180.000	0.000	-0.110	0.219	80.000	23.000	0.000
456180.000	0.000	-0.110	0.219	80.000	23.000	0.000
456210.000	0.000	-0.110	0.203	80.000	23.000	0.000
456210.000	0.000	-0.110	0.203	80.000	23.000	0.000
456210.000	0.000	-0.110	0.203	80.000	23.000	0.000
456240.000	0.000	-0.110	0.203	80.000	23.000	0.000
456240.000	0.000	-0.110	0.203	80.000	23.000	0.000
456240.000	0.000	-0.110	0.203	80.000	23.000	0.000
456270.000	0.000	-0.110	0.172	80.000	23.000	0.000
456270.000	0.000	-0.110	0.172	80.000	23.000	0.000
456270.000	0.000	-0.110	0.172	80.000	23.000	0.000
456300.000	0.000	-0.110	0.187	80.000	23.000	0.000
456300.000	0.000	-0.110	0.187	80.000	23.000	0.000
456300.000	0.000	-0.110	0.187	80.000	23.000	0.000
456330.000	0.000	-0.110	0.156	80.000	23.000	0.000
456330.000	0.000	-0.110	0.156	80.000	23.000	0.000
456330.000	0.000	-0.110	0.156	80.000	23.000	0.000
456360.000	0.000	-0.100	0.156	80.000	23.000	0.000
456360.000	0.000	-0.100	0.156	80.000	23.000	0.000
456360.000	0.000	-0.100	0.156	80.000	23.000	0.000
456390.000	0.000	-0.100	0.141	80.000	23.000	0.000
456390.000	0.000	-0.100	0.141	80.000	23.000	0.000
456390.000	0.000	-0.100	0.141	80.000	23.000	0.000
456420.000	0.000	-0.100	0.141	80.000	23.000	0.000
456420.000	0.000	-0.100	0.141	80.000	23.000	0.000
456420.000	0.000	-0.100	0.141	80.000	23.000	0.000
456450.000	0.000	-0.100	0.125	80.000	23.000	0.000
456450.000	0.000	-0.100	0.125	80.000	23.000	0.000
456450.000	0.000	-0.100	0.125	80.000	23.000	0.000
456480.000	0.000	-0.100	0.141	80.000	23.000	0.000
456480.000	0.000	-0.100	0.141	80.000	23.000	0.000
456480.000	0.000	-0.100	0.141	80.000	23.000	0.000
456510.000	0.000	-0.090	0.125	80.000	23.000	0.000
456510.000	0.000	-0.090	0.125	80.000	23.000	0.000
456510.000	0.000	-0.090	0.125	80.000	23.000	0.000
456540.000	0.000	-0.090	0.125	80.000	23.000	0.000
456540.000	0.000	-0.090	0.125	80.000	23.000	0.000
456540.000	0.000	-0.090	0.125	80.000	23.000	0.000
456570.000	0.000	-0.090	0.109	80.000	23.000	0.000
456570.000	0.000	-0.090	0.109	80.000	23.000	0.000
456570.000	0.000	-0.090	0.109	80.000	23.000	0.000
456600.000	0.000	-0.090	0.125	80.000	23.000	0.000
456600.000	0.000	-0.090	0.125	80.000	23.000	0.000
456600.000	0.000	-0.090	0.125	80.000	23.000	0.000
456630.000	0.000	-0.090	0.094	80.000	23.000	0.000
456630.000	0.000	-0.090	0.094	80.000	23.000	0.000
456630.000	0.000	-0.090	0.094	80.000	23.000	0.000
456660.000	0.000	-0.080	0.109	80.000	23.000	0.000
456660.000	0.000	-0.080	0.109	80.000	23.000	0.000
456660.000	0.000	-0.080	0.109	80.000	23.000	0.000
456690.000	0.000	-0.080	0.094	80.000	23.000	0.000
456690.000	0.000	-0.080	0.094	80.000	23.000	0.000
456690.000	0.000	-0.080	0.094	80.000	23.000	0.000
456720.000	0.000	-0.080	0.109	80.000	23.000	0.000
456720.000	0.000	-0.080	0.109	80.000	23.000	0.000
456720.000	0.000	-0.080	0.109	80.000	23.000	0.000
456750.000	0.000	-0.080	0.094	80.000	23.000	0.000
456750.000	0.000	-0.080	0.094	80.000	23.000	0.000
456750.000	0.000	-0.080	0.094	80.000	23.000	0.000
456780.000	0.000	-0.080	0.109	80.000	23.000	0.000
456780.000	0.000	-0.080	0.109	80.000	23.000	0.000
456780.000	0.000	-0.080	0.109	80.000	23.000	0.000
456810.000	0.000	-0.070	0.078	80.000	23.000	0.000
456810.000	0.000	-0.070	0.078	80.000	23.000	0.000
456810.000	0.000	-0.070	0.078	80.000	23.000	0.000
456840.000	0.000	-0.070	0.109	80.000	23.000	0.000
456840.000	0.000	-0.070	0.109	80.000	23.000	0.000
456840.000	0.000	-0.070	0.109	80.000	23.000	0.000
456870.000	0.000	-0.070	0.078	80.000	23.000	0.000
456870.000	0.000	-0.070	0.078	80.000	23.000	0.000
456870.000	0.000	-0.070	0.078	80.000	23.000	0.000
456900.000	0.000	-0.070	0.094	80.000	23.000	0.000
456900.000	0.000	-0.070	0.094	80.000	23.000	0.000
456900.000	0.000	-0.070	0.094	80.000	23.000	0.000
456930.000	0.000	-0.070	0.078	80.000	23.000	0.000
456930.000	0.000	-0.070	0.078	80.000	23.000	0.000
456930.000	0.000	-0.070	0.078	80.000	23.000	0.000
456960.000	0.000	-0.070	0.094	80.000	23.000	0.000
456960.000	0.000	-0.070	0.094	80.000	23.000	0.000
456960.000	0.000	-0.070	0.094	80.000	23.000	0.000
456990.000	0.000	-0.070	0.078	80.000	23.000	0.000
456990.000	0.000	-0.070	0.078	80.000	23.000	0.000
456990.000	0.000	-0.070	0.078	80.000	23.000	0.000
457020.000	0.000	-0.070	0.094	80.000	23.000	0.000
457020.000	0.000	-0.070	0.094	80.000	23.000	0.000
457020.000	0.000	-0.070	0.094	80.000	23.000	0.000
457050.000	0.000	-0.060	0.094	80.000	23.000	0.000
457050.000	0.000	-0.060	0.094	80.000	23.000	0.000
457050.000	0.000	-0.060	0.094	80.000	23.000	0.000
457080.000	0.000	-0.060	0.078	80.000	23.000	0.000
457080.000	0.000	-0.060	0.078	80.000	23.000	0.000
457080.000	0.000	-0.060	0.078	80.000	23.000	0.000
457110.000	0.000	-0.060	0.094	80.000	23.000	0.000
457110.000	0.000	-0.060	0.094	80.000	23.000	0.000
457110.000	0.000	-0.060	0.094	80.000	23.000	0.000
457140.000	0.000	-0.060	0.078	80.000	23.000	0.000
457140.000	0.000	-0.060	0.078	80.000	23.000	0.000
457140.000	0.000	-0.060	0.078	80.000	23.000	0.000
457170.000	0.000	-0.060	0.094	80.000	23.000	0.000
457170.000	0.000	-0.060	0.094	80.000	23.000	0.000
457170.000	0.000	-0.060	0.094	80.000	23.000	0.000
457200.000	0.000	-0.060	0.094	80.000	23.000	0.000
457200.000	0.000	-0.060	0.094	80.000	23.000	0.000
457200.000	0.000	-0.060	0.094	80.000	23.000	0.000
457230.000	0.000	-0.060	0.094	80.000	23.000	0.000
457230.000	0.000	-0.060	0.094	80.000	23.000	0.000
457230.000	0.000	-0.060	0.094	80.000	23.000	0.000
457260.000	0.000	-0.060	0.078	80.000	23.000	0.000
457260.000	0.000	-0.060	0.078	80.000	23.000	0.000
457260.000	0.000	-0.060	0.078	80.000	23.000	0.000
457290.000	0.000	-0.060	0.094	80.000	23.000	0.000
457290.000	0.000	-0.060	0.094	80.000	23.000	0.000
457290.000	0.000	-0.060	0.094	80.000	23.000	0.000
457320.000	0.000	-0.060	0.094	80.000	23.000	0.000
457320.000	0.000	-0.060	0.094	80.000	23.000	0.000
457320.000	0.000	-0.060	0.094	80.000	23.000	0.000
457350.000	0.000	-0.060	0.094	80.000	23.000	0.000
457350.000	0.000	-0.060	0.094	80.000	23.000	0.000
457350.000	0.000	-0.060	0.094	80.000	23.000	0.000
457380.000	0.000	-0.060	0.094	80.000	23.000	0.000
457380.000	0.000	-0.060	0.094	80.000	23.000	0.000
457380.000	0.000	-0.060	0.094	80.000	23.000	0.000
457410.000	0.000	-0.060	0.109	80.000	23.000	0.000
457410.000	0.000	-0.060	0.109	80.000	23.000	0.000
457410.000	0.000	-0.060	0.109	80.000	23.000	0.000
457440.000	0.000	-0.060	0.094	80.000	23.000	0.000
457440.000	0.000	-0.060	0.094	80.000	23.000	0.000
457440.000	0.000	-0.060	0.094	80.000	23.000	0.000
457470.000	0.000	-0.060	0.109	80.000	23.000	0.000
457470.000	0.000	-0.060	0.109	80.000	23.000	0.000
457470.000	0.000	-0.060	0.109	80.000	23.000	0.000
457500.000	0.000	-0.060	0.094	80.000	23.000	0.000
457500.000	0.000	-0.060	0.094	80.000	23.000	0.000
457500.000	0.000	-0.060	0.094	80.000	23.000	0.000
457530.000	0.000	-0.060	0.109	80.000	23.000	0.000
457530.000	0.000	-0.060	0.109	80.000	23.000	0.000
457530.000	0.000	-0.060	0.109	80.000	23.000	0.000
457560.000	0.000	-0.060	0.094	80.000	23.000	0.000
457560.000	0.000	-0.060	0.094	80.000	23.000	0.000
457560.000	0.000	-0.060	0.094	80.000	23.000	0.000
457590.000	0.000	-0.060	0.094	80.000	23.000	0.000
457590.000	0.000	-0.060	0.094	80.000	23.000	0.000
457590.000	0.000	-0.060	0.094	80.000	23.000	0.000
457620.000	0.000	-0.060	0.094	80.000	23.000	0.000
457620.000	0.000	-0.060	0.094	80.000	23.000	0.000
457620.000	0.000	-0.060	0.094	80.000	23.000	0.000
457650.000	0.000	-0.060	0.094	80.000	23.000	0.000
457650.000	0.000	-0.060	0.094	80.000	23.000	0.000
457650.000	0.000	-0.060	0.094	80.000	23.000	0.000
457680.000	0.000	-0.060	0.109	80.000	23.000	0.000
457680.000	0.000	-0.060	0.109	80.000	23.000	0.000
457680.000	0.000	-0.060	0.109	80.000	23.000	0.000
457710.000	0.000	-0.060	0.094	80.000	23.000	0.000
457710.000	0.000	-0.060	0.094	80.000	23.000	0.000
457710.000	0.000	-0.060	0.094	80.000	23.000	0.000
457740.000	0.000	-0.060	0.094	80.000	23.000	0.000
457740.000	0.000	-0.060	0.094	80.000	23.000	0.000
457740.000	0.000	-0.060	0.094	80.000	23.000	0.000
457770.000	0.000	-0.060	0.094	80.000	23.000	0.000
457770.000	0.000	-0.060	0.094	80.000	23.000	0.000
457770.000	0.000	-0.060	0.094	80.000	23.000	0.000
457800.000	0.000	-0.060	0.094	80.000	23.000	0.000
457800.000	0.000	-0.060	0.094	80.000	23.000	0.000
457800.000	0.000	-0.060	0.094	80.000	23.000	0.000
457830.000	0.000	-0.060	0.078	80.000	23.000	0.000
457830.000	0.000	-0.060	0.078	80.000	23.000	0.000
457830.000	0.000	-0.060	0.078	80.000	23.000	0.000
457860.000	0.000	-0.060	0.094	80.000	23.000	0.000
457860.000	0.000	-0.060	0.094	80.000	23.000	0.000
457860.000	0.000	-0.060	0.094	80.000	23.000	0.000
457890.000	0.000	-0.060	0.094	80.000	23.000	0.000
457890.000	0.000	-0.060	0.094	80.000	23.000	0.000
457890.000	0.000	-0.060	0.094	80.000	23.000	0.000
457920.000	0.000	-0.060	0.109	80.000	23.000	0.000
457920.000	0.000	-0.060	0.109	80.000	23.000	0.000
457920.000	0.000	-0.060	0.109	80.000	23.000	0.000
457950.000	0.000	-0.060	0.094	80.000	23.000	0.000
457950.000	0.000	-0.060	0.094	80.000	23.000	0.000
457950.000	0.000	-0.060	0.094	80.000	23.000	0.000
457980.000	0.000	-0.060	0.109	80.000	23.000	0.000
457980.000	0.000	-0.060	0.109	80.000	23.000	0.000
457980.000	0.000	-0.060	0.109	80.000	23.000	0.000
458010.000	0.000	-0.060	0.094	80.000	23.000	0.000
458010.000	0.000	-0.060	0.094	80.000	23.000	0.000
458010.000	0.000	-0.060	0.094	80.000	23.000	0.000
458040.000	0.000	-0.060	0.094	80.000	23.000	0.000
458040.000	0.000	-0.060	0.094	80.000	23.000	0.000
458040.000	0.000	-0.060	0.094	80.000	23.000	0.000
458070.000	0.000	-0.060	0.094	80.000	23.000	0.000
458070.000	0.000	-0.060	0.094	80.000	23.000	0.000
458070.000	0.000	-0.060	0.094	80.000	23.000	0.000
458100.000	0.000	-0.060	0.062	80.000	23.000	0.000
458100.000	0.000	-0.060	0.062	80.000	23.000	0.000
458100.000	0.000	-0.060	0.062	80.000	23.000	0.000
458130.000	0.000	-0.060	0.094	80.000	23.000	0.000
458130.000	0.000	-0.060	0.094	80.000	23.000	0.000
458130.000	0.000	-0.060	0.094	80.000	23.000	0.000
458160.000	0.000	-0.060	0.094	80.000	23.000	0.000
458160.000	0.000	-0.060	0.094	80.000	23.000	0.000
458160.000	0.000	-0.060	0.094	80.000	23.000	0.000
458190.000	0.000	-0.060	0.094	80.000	23.000	0.000
458190.000	0.000	-0.060	0.094	80.000	23.000	0.000
458190.000	0.000	-0.060	0.094	80.000	23.000	0.000
458220.000	0.000	-0.060	0.094	80.000	23.000	0.000
458220.000	0.000	-0.060	0.094	80.000	23.000	0.000
458220.000	0.000	-0.060	0.094	80.000	23.000	0.000
458250.000	0.000	-0.060	0.094	80.000	23.000	0.000
458250.000	0.000	-0.060	0.094	80.000	23.000	0.000
458250.000	0.000	-0.060	0.094	80.000	23.000	0.000
458280.000	0.000	-0.060	0.078	80.000	23.000	0.000
458280.000	0.000	-0.060	0.078	80.000	23.000	0.000
458280.000	0.000	-0.060	0.078	80.000	23.000	0.000
458310.000	0.000	-0.060	0.094	80.000	23.000	0.000
458310.000	0.000	-0.060	0.094	80.000	23.000	0.000
458310.000	0.000	-0.060	0.094	80.000	23.000	0.000
458340.000	0.000	-0.060	0.078	80.000	23.000	0.000
458340.000	0.000	-0.060	0.078	80.000	23.000	0.000
458340.000	0.000	-0.060	0.078	80.000	23.000	0.000
458370.000	0.000	-0.060	0.109	80.000	23.000	0.000
458370.000	0.000	-0.060	0.109	80.000	23.000	0.000
458370.000	0.000	-0.060	0.109	80.000	23.000	0.000
458400.000	0.000	-0.060	0.094	80.000	23.000	0.000
458400.000	0.000	-0.060	0.094	80.000	23.000	0.000
458400.000	0.000	-0.060	0.094	80.000	23.000	0.000
458430.000	0.000	-0.060	0.094	80.000	23.000	0.000
458430.000	0.000	-0.060	0.094	80.000	23.000	0.000
458430.000	0.000	-0.060	0.094	80.000	23.000	0.000
458460.000	0.000	-0.060	0.094	80.000	23.000	0.000
458460.000	0.000	-0.060	0.094	80.000	23.000	0.000
458460.000	0.000	-0.060	0.094	80.000	23.000	0.000
458490.000	0.000	-0.060	0.094	80.000	23.000	0.000
458490.000	0.000	-0.060	0.094	80.000	23.000	0.000
458490.000	0.000	-0.060	0.094	80.000	23.000	0.000
458520.000	0.000	-0.060	0.094	80.000	23.000	0.000
458520.000	0.000	-0.060	0.094	80.000	23.000	0.000
458520.000	0.000	-0.060	0.094	80.000	23.000	0.000
458550.000	0.000	-0.060	0.094	80.000	23.000	0.000
458550.000	0.000	-0.060	0.094	80.000	23.000	0.000
458550.000	0.000	-0.060	0.094	80.000	23.000	0.000
458580.000	0.000	-0.060	0.094	80.000	23.000	0.000
458580.000	0.000	-0.060	0.094	80.000	23.000	0.000
458580.000	0.000	-0.060	0.094	80.000	23.000	0.000
458610.000	0.000	-0.060	0.094	80.000	23.000	0.000
458610.000	0.000	-0.060	0.094	80.000	23.000	0.000
458610.000	0.000	-0.060	0.094	80.000	23.000	0.000
458640.000	0.000	-0.060	0.094	80.000	23.000	0.000
458640.000	0.000	-0.060	0.094	80.000	23.000	0.000
458640.000	0.000	-0.060	0.094	80.000	23.000	0.000
458670.000	0.000	-0.060	0.094	80.000	23.000	0.000
458670.000	0.000	-0.060	0.094	80.000	23.000	0.000
458670.000	0.000	-0.060	0.094	80.000	23.000	0.000
458700.000	0.000	-0.060	0.109	80.000	23.000	0.000
458700.000	0.000	-0.060	0.109	80.000	23.000	0.000
458700.000	0.000	-0.060	0.109	80.000	23.000	0.000
458730.000	0.000	-0.060	0.078	80.000	23.000	0.000
458730.000	0.000	-0.060	0.078	80.000	23.000	0.000
458730.000	0.000	-0.060	0.078	80.000	23.000	0.000
458760.000	0.000	-0.060	0.094	80.000	23.000	0.000
458760.000	0.000	-0.060	0.094	80.000	23.000	0.000
458760.000	0.000	-0.060	0.094	80.000	23.000	0.000
458790.000	0.000	-0.060	0.094	80.000	23.000	0.000
458790.000	0.000	-0.060	0.094	80.000	23.000	0.000
458790.000	0.000	-0.060	0.094	80.000	23.000	0.000
458820.000	0.000	-0.060	0.094	80.000	23.000	0.000
458820.000	0.000	-0.060	0.094	80.000	23.000	0.000
458820.000	0.000	-0.060	0.094	80.000	23.000	0.000
458850.000	0.000	-0.060	0.094	80.000	23.000	0.000
458850.000	0.000	-0.060	0.094	80.000	23.000	0.000
458850.000	0.000	-0.060	0.094	80.000	23.000	0.000
458880.000	0.000	-0.060	0.094	80.000	23.000	0.000
458880.000	0.000	-0.060	0.094	80.000	23.000	0.000
458880.000	0.000	-0.060	0.094	80.000	23.000	0.000
458910.000	0.000	-0.060	0.094	80.000	23.000	0.000
458910.000	0.000	-0.060	0.094	80.000	23.000	0.000
458910.000	0.000	-0.060	0.094	80.000	23.000	0.000
458940.000	0.000	-0.060	0.094	80.000	23.000	0.000
458940.000	0.000	-0.060	0.094	80.000	23.000	0.000
458940.000	0.000	-0.060	0.094	80.000	23.000	0.000
458970.000	0.000	-0.060	0.094	80.000	23.000	0.000
458970.000	0.000	-0.060	0.094	80.000	23.000	0.000
458970.000	0.000	-0.060	0.094	80.000	23.000	0.000
459000.000	0.000	-0.060	0.078	80.000	23.000	0.000
459000.000	0.000	-0.060	0.078	80.000	23.000	0.000
459000.000	0.000	-0.060	0.078	80.000	23.000	0.000
459030.000	0.000	-0.060	0.109	80.000	23.000	0.000
459030.000	0.000	-0.060	0.109	80.000	23.000	0.000
459030.000	0.000	-0.060	0.109	80.000	23.000	0.000
459060.000	0.000	-0.060	0.078	80.000	23.000	0.000
459060.000	0.000	-0.060	0.078	80.000	23.000	0.000
459060.000	0.000	-0.060	0.078	80.000	23.000	0.000
459090.000	0.000	-0.060	0.094	80.000	23.000	0.000
459090.000	0.000	-0.060	0.094	80.000	23.000	0.000
459090.000	0.000	-0.060	0.094	80.000	23.000	0.000
459120.000	0.000	-0.060	0.094	80.000	23.000	0.000
459120.000	0.000	-0.060	0.094	80.000	23.000	0.000
459120.000	0.000	-0.060	0.094	80.000	23.000	0.000
459150.000	0.000	-0.060	0.094	80.000	23.000	0.000
459150.000	0.000	-0.060	0.094	80.000	23.000	0.000
459150.000	0.000	-0.060	0.094	80.000	23.000	0.000
459180.000	0.000	-0.060	0.094	80.000	23.000	0.000
459180.000	0.000	-0.060	0.094	80.000	23.000	0.000
459180.000	0.000	-0.060	0.094	80.000	23.000	0.000
459210.000	0.000	-0.060	0.094	80.000	23.000	0.000
459210.000	0.000	-0.060	0.094	80.000	23.000	0.000
459210.000	0.000	-0.060	0.094	80.000	23.000	0.000
459240.000	0.000	-0.060	0.094	80.000	23.000	0.000
459240.000	0.000	-0.060	0.094	80.000	23.000	0.000
459240.000	0.000	-0.060	0.094	80.000	23.000	0.000
459270.000	0.000	-0.060	0.094	80.000	23.000	0.000
459270.000	0.000	-0.060	0.094	80.000	23.000	0.000
459270.000	0.000	-0.060	0.094	80.000	23.000	0.000
459300.000	0.000	-0.060	0.094	80.000	23.000	0.000
459300.000	0.000	-0.060	0.094	80.000	23.000	0.000
459300.000	0.000	-0.060	0.094	80.000	23.000	0.000
459330.000	0.000	-0.060	0.078	80.000	23.000	0.000
459330.000	0.000	-0.060	0.078	80.000	23.000	0.000
459330.000	0.000	-0.060	0.078	80.000	23.000	0.000
459360.000	0.000	-0.060	0.109	80.000	23.000	0.000
459360.000	0.000	-0.060	0.109	80.000	23.000	0.000
459360.000	0.000	-0.060	0.109	80.000	23.000	0.000
459390.000	0.000	-0.060	0.078	80.000	23.000	0.000
459390.000	0.000	-0.060	0.078	80.000	23.000	0.000
459390.000	0.000	-0.060	0.078	80.000	23.000	0.000
459420.000	0.000	-0.060	0.094	80.000	23.000	0.000
459420.000	0.000	-0.060	0.094	80.000	23.000	0.000
459420.000	0.000	-0.060	0.094	80.000	23.000	0.000
459450.000	0.000	-0.060	0.078	80.000	23.000	0.000
459450.000	0.000	-0.060	0.078	80.000	23.000	0.000
459450.000	0.000	-0.060	0.078	80.000	23.000	0.000
459480.000	0.000	-0.060	0.094	80.000	23.000	0.000
459480.000	0.000	-0.060	0.094	80.000	23.000	0.000
459480.000	0.000	-0.060	0.094	80.000	23.000	0.000
459510.000	0.000	-0.060	0.094	80.000	23.000	0.000
459510.000	0.000	-0.060	0.094	80.000	23.000	0.000
459510.000	0.000	-0.060	0.094	80.000	23.000	0.000
459540.000	0.000	-0.060	0.078	80.000	23.000	0.000
459540.000	0.000	-0.060	0.078	80.000	23.000	0.000
459540.000	0.000	-0.060	0.078	80.000	23.000	0.000
459570.000	0.000	-0.060	0.094	80.000	23.000	0.000
459570.000	0.000	-0.060	0.094	80.000	23.000	0.000
459570.000	0.000	-0.060	0.094	80.000	23.000	0.000
459600.000	0.000	-0.060	0.094	80.000	23.000	0.000
459600.000	0.000	-0.060	0.094	80.000	23.000	0.000
459600.000	0.000	-0.060	0.094	80.000	23.000	0.000
459630.000	0.000	-0.060	0.109	80.000	23.000	0.000
459630.000	0.000	-0.060	0.109	80.000	23.000	0.000
459630.000	0.000	-0.060	0.109	80.000	23.000	0.000
459660.000	0.000	-0.060	0.094	80.000	23.000	0.000
459660.000	0.000	-0.060	0.094	80.000	23.000	0.000
459660.000	0.000	-0.060	0.094	80.000	23.000	0.000
459690.000	0.000	-0.060	0.109	80.000	23.000	0.000
459690.000	0.000	-0.060	0.109	80.000	23.000	0.000
459690.000	0.000	-0.060	0.109	80.000	23.000	0.000
459720.000	0.000	-0.060	0.078	80.000	23.000	0.000
459720.000	0.000	-0.060	0.078	80.000	23.000	0.000
459720.000	0.000	-0.060	0.078	80.000	23.000	0.000
459750.000	0.000	-0.060	0.094	80.000	23.000	0.000
459750.000	0.000	-0.060	0.094	80.000	23.000	0.000
459750.000	0.000	-0.060	0.094	80.000	23.000	0.000
459780.000	0.000	-0.060	0.078	80.000	23.000	0.000
459780.000	0.000	-0.060	0.078	80.000	23.000	0.000
459780.000	0.000	-0.060	0.078	80.000	23.000	0.000
459810.000	0.000	-0.060	0.094	80.000	23.000	0.000
459810.000	0.000	-0.060	0.094	80.000	23.000	0.000
459810.000	0.000	-0.060	0.094	80.000	23.000	0.000
459840.000	0.000	-0.060	0.094	80.000	23.000	0.000
459840.000	0.000	-0.060	0.094	80.000	23.000	0.000
459840.000	0.000	-0.060	0.094	80.000	23.000	0.000
459870.000	0.000	-0.060	0.094	80.000	23.000	0.000
459870.000	0.000	-0.060	0.094	80.000	23.000	0.000
459870.000	0.000	-0.060	0.094	80.000	23.000	0.000
459900.000	0.000	-0.060	0.094	80.000	23.000	0.000
459900.000	0.000	-0.060	0.094	80.000	23.000	0.000
459900.000	0.000	-0.060	0.094	80.000	23.000	0.000
459930.000	0.000	-0.060	0.078	80.000	23.000	0.000
459930.000	0.000	-0.060	0.078	80.000	23.000	0.000
459930.000	0.000	-0.060	0.078	80.000	23.000	0.000
459960.000	0.000	-0.060	0.094	80.000	23.000	0.000
459960.000	0.000	-0.060	0.094	80.000	23.000	0.000
459960.000	0.000	-0.060	0.094	80.000	23.000	0.000
459990.000	0.000	-0.060	0.078	80.000	23.000	0.000
459990.000	0.000	-0.060	0.078	80.000	23.000	0.000
459990.000	0.000	-0.060	0.078	80.000	23.000	0.000
460020.000	0.000	-0.060	0.094	80.000	23.000	0.000
460020.000	0.000	-0.060	0.094	80.000	23.000	0.000
460020.000	0.000	-0.060	0.094	80.000	23.000	0.000
460050.000	0.000	-0.060	0.078	80.000	23.000	0.000
460050.000	0.000	-0.060	0.078	80.000	23.000	0.000
460050.000	0.000	-0.060	0.078	80.000	23.000	0.000
460080.000	0.000	-0.060	0.094	80.000	23.000	0.000
460080.000	0.000	-0.060	0.094	80.000	23.000	0.000
460080.000	0.000	-0.060	0.094	80.000	23.000	0.000
460110.000	0.000	-0.060	0.094	80.000	23.000	0.000
460110.000	0.000	-0.060	0.094	80.000	23.000	0.000
460110.000	0.000	-0.060	0.094	80.000	23.000	0.000
460140.000	0.000	-0.060	0.094	80.000	23.000	0.000
460140.000	0.000	-0.060	0.094	80.000	23.000	0.000
460140.000	0.000	-0.060	0.094	80.000	23.000	0.000
460170.000	0.000	-0.060	0.094	80.000	23.000	0.000
460170.000	0.000	-0.060	0.094	80.000	23.000	0.000
460170.000	0.000	-0.060	0.094	80.000	23.000	0.000
460200.000	0.000	-0.060	0.078	80.000	23.000	0.000
460200.000	0.000	-0.060	0.078	80.000	23.000	0.000
460200.000	0.000	-0.060	0.078	80.000	23.000	0.000
460230.000	0.000	-0.060	0.094	80.000	23.000	0.000
460230.000	0.000	-0.060	0.094	80.000	23.000	0.000
460230.000	0.000	-0.060	0.094	80.000	23.000	0.000
460260.000	0.000	-0.060	0.078	80.000	23.000	0.000
460260.000	0.000	-0.060	0.078	80.000	23.000	0.000
460260.000	0.000	-0.060	0.078	80.000	23.000	0.000
460290.000	0.000	-0.060	0.094	80.000	23.000	0.000
460290.000	0.000	-0.060	0.094	80.000	23.000	0.000
460290.000	0.000	-0.060	0.094	80.000	23.000	0.000
460320.000	0.000	-0.060	0.078	80.000	23.000	0.000
460320.000	0.000	-0.060	0.078	80.000	23.000	0.000
460320.000	0.000	-0.060	0.078	80.000	23.000	0.000
460350.000	0.000	-0.060	0.094	80.000	23.000	0.000
460350.000	0.000	-0.060	0.094	80.000	23.000	0.000
460350.000	0.000	-0.060	0.094	80.000	23.000	0.000
460380.000	0.000	-0.060	0.078	80.000	23.000	0.000
460380.000	0.000	-0.060	0.078	80.000	23.000	0.000
460380.000	0.000	-0.060	0.078	80.000	23.000	0.000
460410.000	0.000	-0.060	0.094	80.000	23.000	0.000
460410.000	0.000	-0.060	0.094	80.000	23.000	0.000
460410.000	0.000	-0.060	0.094	80.000	23.000	0.000
460440.000	0.000	-0.060	0.094	80.000	23.000	0.000
460440.000	0.000	-0.060	0.094	80.000	23.000	0.000
460440.000	0.000	-0.060	0.094	80.000	23.000	0.000
460470.000	0.000	-0.060	0.078	80.000	23.000	0.000
460470.000	0.000	-0.060	0.078	80.000	23.000	0.000
460470.000	0.000	-0.060	0.078	80.000	23.000	0.000
460500.000	0.000	-0.060	0.094	80.000	23.000	0.000
460500.000	0.000	-0.060	0.094	80.000	23.000	0.000
460500.000	0.000	-0.060	0.094	80.000	23.000	0.000
460530.000	0.000	-0.060	0.078	80.000	23.000	0.000
460530.000	0.000	-0.060	0.078	80.000	23.000	0.000
460530.000	0.000	-0.060	0.078	80.000	23.000	0.000
460560.000	0.000	-0.060	0.094	80.000	23.000	0.000
460560.000	0.000	-0.060	0.094	80.000	23.000	0.000
460560.000	0.000	-0.060	0.094	80.000	23.000	0.000
460590.000	0.000	-0.060	0.078	80.000	23.000	0.000
460590.000	0.000	-0.060	0.078	80.000	23.000	0.000
460590.000	0.000	-0.060	0.078	80.000	23.000	0.000
460620.000	0.000	-0.060	0.094	80.000	23.000	0.000
460620.000	0.000	-0.060	0.094	80.000	23.000	0.000
460620.000	0.000	-0.060	0.094	80.000	23.000	0.000
460650.000	0.000	-0.060	0.078	80.000	23.000	0.000
460650.000	0.000	-0.060	0.078	80.000	23.000	0.000
460650.000	0.000	-0.060	0.078	80.000	23.000	0.000
460680.000	0.000	-0.060	0.094	80.000	23.000	0.000
460680.000	0.000	-0.060	0.094	80.000	23.000	0.000
460680.000	0.000	-0.060	0.094	80.000	23.000	0.000
460710.000	0.000	-0.060	0.078	80.000	23.000	0.000
460710.000	0.000	-0.060	0.078	80.000	23.000	0.000
460710.000	0.000	-0.060	0.078	80.000	23.000	0.000
460740.000	0.000	-0.060	0.094	80.000	23.000	0.000
460740.000	0.000	-0.060	0.094	80.000	23.000	0.000
460740.000	0.000	-0.060	0.094	80.000	23.000	0.000
460770.000	0.000	-0.060	0.094	80.000	23.000	0.000
460770.000	0.000	-0.060	0.094	80.000	23.000	0.000
460770.000	0.000	-0.060	0.094	80.000	23.000	0.000
460800.000	0.000	-0.060	0.078	80.000	23.000	0.000
460800.000	0.000	-0.060	0.078	80.000	23.000	0.000
460800.000	0.000	-0.060	0.078	80.000	23.000	0.000
460830.000	0.000	-0.060	0.094	80.000	23.000	0.000
460830.000	0.000	-0.060	0.094	80.000	23.000	0.000
460830.000	0.000	-0.060	0.094	80.000	23.000	0.000
460860.000	0.000	-0.060	0.078	80.000	23.000	0.000
460860.000	0.000	-0.060	0.078	80.000	23.000	0.000
460860.000	0.000	-0.060	0.078	80.000	23.000	0.000
460890.000	0.000	-0.060	0.094	80.000	23.000	0.000
460890.000	0.000	-0.060	0.094	80.000	23.000	0.000
460890.000	0.000	-0.060	0.094	80.000	23.000	0.000
460920.000	0.000	-0.060	0.078	80.000	23.000	0.000
460920.000	0.000	-0.060	0.078	80.000	23.000	0.000
460920.000	0.000	-0.060	0.078	80.000	23.000	0.000
460950.000	0.000	-0.060	0.094	80.000	23.000	0.000
460950.000	0.000	-0.060	0.094	80.000	23.000	0.000
460950.000	0.000	-0.060	0.094	80.000	23.000	0.000
460980.000	0.000	-0.060	0.078	80.000	23.000	0.000
460980.000	0.000	-0.060	0.078	80.000	23.000	0.000
460980.000	0.000	-0.060	0.078	80.000	23.000	0.000
461010.000	0.000	-0.060	0.094	80.000	23.000	0.000
461010.000	0.000	-0.060	0.094	80.000	23.000	0.000
461010.000	0.000	-0.060	0.094	80.000	23.000	0.000
461040.000	0.000	-0.060	0.078	80.000	23.000	0.000
461040.000	0.000	-0.060	0.078	80.000	23.000	0.000
461040.000	0.000	-0.060	0.078	80.000	23.000	0.000
461070.000	0.000	-0.060	0.094	80.000	23.000	0.000
461070.000	0.000	-0.060	0.094	80.000	23.000	0.000
461070.000	0.000	-0.060	0.094	80.000	23.000	0.000
461100.000	0.000	-0.060	0.094	80.000	23.000	0.000
461100.000	0.000	-0.060	0.094	80.000	23.000	0.000
461100.000	0.000	-0.060	0.094	80.000	23.000	0.000
461130.000	0.000	-0.060	0.078	80.000	23.000	0.000
461130.000	0.000	-0.060	0.078	80.000	23.000	0.000
461130.000	0.000	-0.060	0.078	80.000	23.000	0.000
461160.000	0.000	-0.060	0.094	80.000	23.000	0.000
461160.000	0.000	-0.060	0.094	80.000	23.000	0.000
461160.000	0.000	-0.060	0.094	80.000	23.000	0.000
461190.000	0.000	-0.060	0.078	80.000	23.000	0.000
461190.000	0.000	-0.060	0.078	80.000	23.000	0.000
461190.000	0.000	-0.060	0.078	80.000	23.000	0.000
461220.000	0.000	-0.060	0.094	80.000	23.000	0.000
461220.000	0.000	-0.060	0.094	80.000	23.000	0.000
461220.000	0.000	-0.060	0.094	80.000	23.000	0.000
461250.000	0.000	-0.060	0.078	80.000	23.000	0.000
461250.000	0.000	-0.060	0.078	80.000	23.000	0.000
461250.000	0.000	-0.060	0.078	80.000	23.000	0.000
461280.000	0.000	-0.060	0.094	80.000	23.000	0.000
461280.000	0.000	-0.060	0.094	80.000	23.000	0.000
461280.000	0.000	-0.060	0.094	80.000	23.000	0.000
461310.000	0.000	-0.060	0.078	80.000	23.000	0.000
461310.000	0.000	-0.060	0.078	80.000	23.000	0.000
461310.000	0.000	-0.060	0.078	80.000	23.000	0.000
461340.000	0.000	-0.060	0.094	80.000	23.000	0.000
461340.000	0.000	-0.060	0.094	80.000	23.000	0.000
461340.000	0.000	-0.060	0.094	80.000	23.000	0.000
461370.000	0.000	-0.050	0.078	80.000	23.000	0.000
461370.000	0.000	-0.050	0.078	80.000	23.000	0.000
461370.000	0.000	-0.050	0.078	80.000	23.000	0.000
461400.000	0.000	-0.060	0.078	80.000	23.000	0.000
461400.000	0.000	-0.060	0.078	80.000	23.000	0.000
461400.000	0.000	-0.060	0.078	80.000	23.000	0.000
461430.000	0.000	-0.060	0.094	80.000	23.000	0.000
461430.000	0.000	-0.060	0.094	80.000	23.000	0.000
461430.000	0.000	-0.060	0.094	80.000	23.000	0.000
461460.000	0.000	-0.060	0.078	80.000	23.000	0.000
461460.000	0.000	-0.060	0.078	80.000	23.000	0.000
461460.000	0.000	-0.060	0.078	80.000	23.000	0.000
461490.000	0.000	-0.060	0.094	80.000	23.000	0.000
461490.000	0.000	-0.060	0.094	80.000	23.000	0.000
461490.000	0.000	-0.060	0.094	80.000	23.000	0.000
461520.000	0.000	-0.060	0.078	80.000	23.000	0.000
461520.000	0.000	-0.060	0.078	80.000	23.000	0.000
461520.000	0.000	-0.060	0.078	80.000	23.000	0.000
461550.000	0.000	-0.050	0.094	80.000	23.000	0.000
461550.000	0.000	-0.050	0.094	80.000	23.000	0.000
461550.000	0.000	-0.050	0.094	80.000	23.000	0.000
461580.000	0.000	-0.050	0.078	80.000	23.000	0.000
461580.000	0.000	-0.050	0.078	80.000	23.000	0.000
461580.000	0.000	-0.050	0.078	80.000	23.000	0.000
461610.000	0.000	-0.050	0.094	80.000	23.000	0.000
461610.000	0.000	-0.050	0.094	80.000	23.000	0.000
461610.000	0.000	-0.050	0.094	80.000	23.000	0.000
461640.000	0.000	-0.050	0.078	80.000	23.000	0.000
461640.000	0.000	-0.050	0.078	80.000	23.000	0.000
461640.000	0.000	-0.050	0.078	80.000	23.000	0.000
461670.000	0.000	-0.050	0.094	80.000	23.000	0.000
461670.000	0.000	-0.050	0.094	80.000	23.000	0.000
461670.000	0.000	-0.050	0.094	80.000	23.000	0.000
461700.000	0.000	-0.050	0.094	80.000	23.000	0.000
461700.000	0.000	-0.050	0.094	80.000	23.000	0.000
461700.000	0.000	-0.050	0.094	80.000	23.000	0.000
461730.000	0.000	-0.050	0.094	80.000	23.000	0.000
461730.000	0.000	-0.050	0.094	80.000	23.000	0.000
461730.000	0.000	-0.050	0.094	80.000	23.000	0.000
461760.000	0.000	-0.050	0.094	80.000	23.000	0.000
461760.000	0.000	-0.050	0.094	80.000	23.000	0.000
461760.000	0.000	-0.050	0.094	80.000	23.000	0.000
461790.000	0.000	-0.050	0.078	80.000	23.000	0.000
461790.000	0.000	-0.050	0.078	80.000	23.000	0.000
461790.000	0.000	-0.050	0.078	80.000	23.000	0.000
461820.000	0.000	-0.050	0.094	80.000	23.000	0.000
461820.000	0.000	-0.050	0.094	80.000	23.000	0.000
461820.000	0.000	-0.050	0.094	80.000	23.000	0.000
461850.000	0.000	-0.050	0.078	80.000	23.000	0.000
461850.000	0.000	-0.050	0.078	80.000	23.000	0.000
461850.000	0.000	-0.050	0.078	80.000	23.000	0.000
461880.000	0.000	-0.050	0.094	80.000	23.000	0.000
461880.000	0.000	-0.050	0.094	80.000	23.000	0.000
461880.000	0.000	-0.050	0.094	80.000	23.000	0.000
461910.000	0.000	-0.050	0.078	80.000	23.000	0.000
461910.000	0.000	-0.050	0.078	80.000	23.000	0.000
461910.000	0.000	-0.050	0.078	80.000	23.000	0.000
461940.000	0.000	-0.050	0.094	80.000	23.000	0.000
461940.000	0.000	-0.050	0.094	80.000	23.000	0.000
461940.000	0.000	-0.050	0.094	80.000	23.000	0.000
461970.000	0.000	-0.050	0.078	80.000	23.000	0.000
461970.000	0.000	-0.050	0.078	80.000	23.000	0.000
461970.000	0.000	-0.050	0.078	80.000	23.000	0.000
462000.000	0.000	-0.050	0.094	80.000	23.000	0.000
462000.000	0.000	-0.050	0.094	80.000	23.000	0.000
462000.000	0.000	-0.050	0.094	80.000	23.000	0.000
462030.000	0.000	-0.050	0.078	80.000	23.000	0.000
462030.000	0.000	-0.050	0.078	80.000	23.000	0.000
462030.000	0.000	-0.050	0.078	80.000	23.000	0.000
462060.000	0.000	-0.050	0.094	80.000	23.000	0.000
462060.000	0.000	-0.050	0.094	80.000	23.000	0.000
462060.000	0.000	-0.050	0.094	80.000	23.000	0.000
462090.000	0.000	-0.050	0.094	80.000	23.000	0.000
462090.000	0.000	-0.050	0.094	80.000	23.000	0.000
462090.000	0.000	-0.050	0.094	80.000	23.000	0.000
462120.000	0.000	-0.050	0.094	80.000	23.000	0.000
462120.000	0.000	-0.050	0.094	80.000	23.000	0.000
462120.000	0.000	-0.050	0.094	80.000	23.000	0.000
462150.000	0.000	-0.050	0.094	80.000	23.000	0.000
462150.000	0.000	-0.050	0.094	80.000	23.000	0.000
462150.000	0.000	-0.050	0.094	80.000	23.000	0.000
462180.000	0.000	-0.050	0.078	80.000	23.000	0.000
462180.000	0.000	-0.050	0.078	80.000	23.000	0.000
462180.000	0.000	-0.050	0.078	80.000	23.000	0.000
462210.000	0.000	-0.050	0.094	80.000	23.000	0.000
462210.000	0.000	-0.050	0.094	80.000	23.000	0.000
462210.000	0.000	-0.050	0.094	80.000	23.000	0.000
462240.000	0.000	-0.050	0.078	80.000	23.000	0.000
462240.000	0.000	-0.050	0.078	80.000	23.000	0.000
462240.000	0.000	-0.050	0.078	80.000	23.000	0.000
462270.000	0.000	-0.050	0.094	80.000	23.000	0.000
462270.000	0.000	-0.050	0.094	80.000	23.000	0.000
462270.000	0.000	-0.050	0.094	80.000	23.000	0.000
462300.000	0.000	-0.050	0.078	80.000	23.000	0.000
462300.000	0.000	-0.050	0.078	80.000	23.000	0.000
462300.000	0.000	-0.050	0.078	80.000	23.000	0.000
462330.000	0.000	-0.050	0.094	80.000	23.000	0.000
462330.000	0.000	-0.050	0.094	80.000	23.000	0.000
462330.000	0.000	-0.050	0.094	80.000	23.000	0.000
462360.000	0.000	-0.050	0.078	80.000	23.000	0.000
462360.000	0.000	-0.050	0.078	80.000	23.000	0.000
462360.000	0.000	-0.050	0.078	80.000	23.000	0.000
462390.000	0.000	-0.050	0.094	80.000	23.000	0.000
462390.000	0.000	-0.050	0.094	80.000	23.000	0.000
462390.000	0.000	-0.050	0.094	80.000	23.000	0.000
462420.000	0.000	-0.050	0.078	80.000	23.000	0.000
462420.000	0.000	-0.050	0.078	80.000	23.000	0.000
462420.000	0.000	-0.050	0.078	80.000	23.000	0.000
462450.000	0.000	-0.050	0.094	80.000	23.000	0.000
462450.000	0.000	-0.050	0.094	80.000	23.000	0.000
462450.000	0.000	-0.050	0.094	80.000	23.000	0.000
462480.000	0.000	-0.050	0.078	80.000	23.000	0.000
462480.000	0.000	-0.050	0.078	80.000	23.000	0.000
462480.000	0.000	-0.050	0.078	80.000	23.000	0.000
462510.000	0.000	-0.050	0.078	80.000	23.000	0.000
462510.000	0.000	-0.050	0.078	80.000	23.000	0.000
462510.000	0.000	-0.050	0.078	80.000	23.000	0.000
462540.000	0.000	-0.050	0.094	80.000	23.000	0.000
462540.000	0.000	-0.050	0.094	80.000	23.000	0.000
462540.000	0.000	-0.050	0.094	80.000	23.000	0.000
462570.000	0.000	-0.050	0.078	80.000	23.000	0.000
462570.000	0.000	-0.050	0.078	80.000	23.000	0.000
462570.000	0.000	-0.050	0.078	80.000	23.000	0.000
462600.000	0.000	-0.050	0.094	80.000	23.000	0.000
462600.000	0.000	-0.050	0.094	80.000	23.000	0.000
462600.000	0.000	-0.050	0.094	80.000	23.000	0.000
462630.000	0.000	-0.050	0.078	80.000	23.000	0.000
462630.000	0.000	-0.050	0.078	80.000	23.000	0.000
462630.000	0.000	-0.050	0.078	80.000	23.000	0.000
462660.000	0.000	-0.050	0.094	80.000	23.000	0.000
462660.000	0.000	-0.050	0.094	80.000	23.000	0.000
462660.000	0.000	-0.050	0.094	80.000	23.000	0.000
462690.000	0.000	-0.050	0.078	80.000	23.000	0.000
462690.000	0.000	-0.050	0.078	80.000	23.000	0.000
462690.000	0.000	-0.050	0.078	80.000	23.000	0.000
462720.000	0.000	-0.050	0.094	80.000	23.000	0.000
462720.000	0.000	-0.050	0.094	80.000	23.000	0.000
462720.000	0.000	-0.050	0.094	80.000	23.000	0.000
462750.000	0.000	-0.050	0.078	80.000	23.000	0.000
462750.000	0.000	-0.050	0.078	80.000	23.000	0.000
462750.000	0.000	-0.050	0.078	80.000	23.000	0.000
462780.000	0.000	-0.050	0.094	80.000	23.000	0.000
462780.000	0.000	-0.050	0.094	80.000	23.000	0.000
462780.000	0.000	-0.050	0.094	80.000	23.000	0.000
462810.000	0.000	-0.050	0.078	80.000	23.000	0.000
462810.000	0.000	-0.050	0.078	80.000	23.000	0.000
462810.000	0.000	-0.050	0.078	80.000	23.000	0.000
462840.000	0.000	-0.050	0.094	80.000	23.000	0.000
462840.000	0.000	-0.050	0.094	80.000	23.000	0.000
462840.000	0.000	-0.050	0.094	80.000	23.000	0.000
462870.000	0.000	-0.050	0.078	80.000	23.000	0.000
462870.000	0.000	-0.050	0.078	80.000	23.000	0.000
462870.000	0.000	-0.050	0.078	80.000	23.000	0.000
462900.000	0.000	-0.050	0.078	80.000	23.000	0.000
462900.000	0.000	-0.050	0.078	80.000	23.000	0.000
462900.000	0.000	-0.050	0.078	80.000	23.000	0.000
462930.000	0.000	-0.050	0.094	80.000	23.000	0.000
462930.000	0.000	-0.050	0.094	80.000	23.000	0.000
462930.000	0.000	-0.050	0.094	80.000	23.000	0.000
462960.000	0.000	-0.050	0.078	80.000	23.000	0.000
462960.000	0.000	-0.050	0.078	80.000	23.000	0.000
462960.000	0.000	-0.050	0.078	80.000	23.000	0.000
462990.000	0.000	-0.050	0.094	80.000	23.000	0.000
462990.000	0.000	-0.050	0.094	80.000	23.000	0.000
462990.000	0.000	-0.050	0.094	80.000	23.000	0.000
463020.000	0.000	-0.050	0.078	80.000	23.000	0.000
463020.000	0.000	-0.050	0.078	80.000	23.000	0.000
463020.000	0.000	-0.050	0.078	80.000	23.000	0.000
463050.000	0.000	-0.050	0.094	80.000	23.000	0.000
463050.000	0.000	-0.050	0.094	80.000	23.000	0.000
463050.000	0.000	-0.050	0.094	80.000	23.000	0.000
463080.000	0.000	-0.050	0.078	80.000	23.000	0.000
463080.000	0.000	-0.050	0.078	80.000	23.000	0.000
463080.000	0.000	-0.050	0.078	80.000	23.000	0.000
463110.000	0.000	-0.050	0.094	80.000	23.000	0.000
463110.000	0.000	-0.050	0.094	80.000	23.000	0.000
463110.000	0.000	-0.050	0.094	80.000	23.000	0.000
463140.000	0.000	-0.050	0.078	80.000	23.000	0.000
463140.000	0.000	-0.050	0.078	80.000	23.000	0.000
463140.000	0.000	-0.050	0.078	80.000	23.000	0.000
463170.000	0.000	-0.050	0.094	80.000	23.000	0.000
463170.000	0.000	-0.050	0.094	80.000	23.000	0.000
463170.000	0.000	-0.050	0.094	80.000	23.000	0.000
463200.000	0.000	-0.050	0.078	80.000	23.000	0.000
463200.000	0.000	-0.050	0.078	80.000	23.000	0.000
463200.000	0.000	-0.050	0.078	80.000	23.000	0.000
463230.000	0.000	-0.050	0.094	80.000	23.000	0.000
463230.000	0.000	-0.050	0.094	80.000	23.000	0.000
463230.000	0.000	-0.050	0.094	80.000	23.000	0.000
463260.000	0.000	-0.050	0.078	80.000	23.000	0.000
463260.000	0.000	-0.050	0.078	80.000	23.000	0.000
463260.000	0.000	-0.050	0.078	80.000	23.000	0.000
463290.000	0.000	-0.050	0.094	80.000	23.000	0.000
463290.000	0.000	-0.050	0.094	80.000	23.000	0.000
463290.000	0.000	-0.050	0.094	80.000	23.000	0.000
463320.000	0.000	-0.050	0.078	80.000	23.000	0.000
463320.000	0.000	-0.050	0.078	80.000	23.000	0.000
463320.000	0.000	-0.050	0.078	80.000	23.000	0.000
463350.000	0.000	-0.050	0.078	80.000	23.000	0.000
463350.000	0.000	-0.050	0.078	80.000	23.000	0.000
463350.000	0.000	-0.050	0.078	80.000	23.000	0.000
463380.000	0.000	-0.050	0.078	80.000	23.000	0.000
463380.000	0.000	-0.050	0.078	80.000	23.000	0.000
463380.000	0.000	-0.050	0.078	80.000	23.000	0.000
463410.000	0.000	-0.050	0.078	80.000	23.000	0.000
463410.000	0.000	-0.050	0.078	80.000	23.000	0.000
463410.000	0.000	-0.050	0.078	80.000	23.000	0.000
463440.000	0.000	-0.050	0.078	80.000	23.000	0.000
463440.000	0.000	-0.050	0.078	80.000	23.000	0.000
463440.000	0.000	-0.050	0.078	80.000	23.000	0.000
463470.000	0.000	-0.050	0.078	80.000	23.000	0.000
463470.000	0.000	-0.050	0.078	80.000	23.000	0.000
463470.000	0.000	-0.050	0.078	80.000	23.000	0.000
463500.000	0.000	-0.050	0.094	80.000	23.000	0.000
463500.000	0.000	-0.050	0.094	80.000	23.000	0.000
463500.000	0.000	-0.050	0.094	80.000	23.000	0.000
463530.000	0.000	-0.050	0.078	80.000	23.000	0.000
463530.000	0.000	-0.050	0.078	80.000	23.000	0.000
463530.000	0.000	-0.050	0.078	80.000	23.000	0.000
463560.000	0.000	-0.050	0.094	80.000	23.000	0.000
463560.000	0.000	-0.050	0.094	80.000	23.000	0.000
463560.000	0.000	-0.050	0.094	80.000	23.000	0.000
463590.000	0.000	-0.050	0.078	80.000	23.000	0.000
463590.000	0.000	-0.050	0.078	80.000	23.000	0.000
463590.000	0.000	-0.050	0.078	80.000	23.000	0.000
463620.000	0.000	-0.050	0.094	80.000	23.000	0.000
463620.000	0.000	-0.050	0.094	80.000	23.000	0.000
463620.000	0.000	-0.050	0.094	80.000	23.000	0.000
463650.000	0.000	-0.050	0.078	80.000	23.000	0.000
463650.000	0.000	-0.050	0.078	80.000	23.000	0.000
463650.000	0.000	-0.050	0.078	80.000	23.000	0.000
463680.000	0.000	-0.050	0.094	80.000	23.000	0.000
463680.000	0.000	-0.050	0.094	80.000	23.000	0.000
463680.000	0.000	-0.050	0.094	80.000	23.000	0.000
463710.000	0.000	-0.050	0.078	80.000	23.000	0.000
463710.000	0.000	-0.050	0.078	80.000	23.000	0.000
463710.000	0.000	-0.050	0.078	80.000	23.000	0.000
463740.000	0.000	-0.050	0.094	80.000	23.000	0.000
463740.000	0.000	-0.050	0.094	80.000	23.000	0.000
463740.000	0.000	-0.050	0.094	80.000	23.000	0.000
463770.000	0.000	-0.050	0.078	80.000	23.000	0.000
463770.000	0.000	-0.050	0.078	80.000	23.000	0.000
463770.000	0.000	-0.050	0.078	80.000	23.000	0.000
463800.000	0.000	-0.050	0.094	80.000	23.000	0.000
463800.000	0.000	-0.050	0.094	80.000	23.000	0.000
463800.000	0.000	-0.050	0.094	80.000	23.000	0.000
463830.000	0.000	-0.050	0.078	80.000	23.000	0.000
463830.000	0.000	-0.050	0.078	80.000	23.000	0.000
463830.000	0.000	-0.050	0.078	80.000	23.000	0.000
463860.000	0.000	-0.050	0.078	80.000	23.000	0.000
463860.000	0.000	-0.050	0.078	80.000	23.000	0.000
463860.000	0.000	-0.050	0.078	80.000	23.000	0.000
463890.000	0.000	-0.050	0.078	80.000	23.000	0.000
463890.000	0.000	-0.050	0.078	80.000	23.000	0.000
463890.000	0.000	-0.050	0.078	80.000	23.000	0.000
463920.000	0.000	-0.050	0.094	80.000	23.000	0.000
463920.000	0.000	-0.050	0.094	80.000	23.000	0.000
463920.000	0.000	-0.050	0.094	80.000	23.000	0.000
463950.000	0.000	-0.050	0.078	80.000	23.000	0.000
463950.000	0.000	-0.050	0.078	80.000	23.000	0.000
463950.000	0.000	-0.050	0.078	80.000	23.000	0.000
463980.000	0.000	-0.050	0.078	80.000	23.000	0.000
463980.000	0.000	-0.050	0.078	80.000	23.000	0.000
463980.000	0.000	-0.050	0.078	80.000	23.000	0.000
464010.000	0.000	-0.050	0.078	80.000	23.000	0.000
464010.000	0.000	-0.050	0.078	80.000	23.000	0.000
464010.000	0.000	-0.050	0.078	80.000	23.000	0.000
464040.000	0.000	-0.050	0.078	80.000	23.000	0.000
464040.000	0.000	-0.050	0.078	80.000	23.000	0.000
464040.000	0.000	-0.050	0.078	80.000	23.000	0.000
464070.000	0.000	-0.050	0.078	80.000	23.000	0.000
464070.000	0.000	-0.050	0.078	80.000	23.000	0.000
464070.000	0.000	-0.050	0.078	80.000	23.000	0.000
464100.000	0.000	-0.050	0.078	80.000	23.000	0.000
464100.000	0.000	-0.050	0.078	80.000	23.000	0.000
464100.000	0.000	-0.050	0.078	80.000	23.000	0.000
464130.000	0.000	-0.050	0.078	80.000	23.000	0.000
464130.000	0.000	-0.050	0.078	80.000	23.000	0.000
464130.000	0.000	-0.050	0.078	80.000	23.000	0.000
464160.000	0.000	-0.050	0.078	80.000	23.000	0.000
464160.000	0.000	-0.050	0.078	80.000	23.000	0.000
464160.000	0.000	-0.050	0.078	80.000	23.000	0.000
464190.000	0.000	-0.050	0.078	80.000	23.000	0.000
464190.000	0.000	-0.050	0.078	80.000	23.000	0.000
464190.000	0.000	-0.050	0.078	80.000	23.000	0.000
464220.000	0.000	-0.050	0.078	80.000	23.000	0.000
464220.000	0.000	-0.050	0.078	80.000	23.000	0.000
464220.000	0.000	-0.050	0.078	80.000	23.000	0.000
464250.000	0.000	-0.050	0.078	80.000	23.000	0.000
464250.000	0.000	-0.050	0.078	80.000	23.000	0.000
464250.000	0.000	-0.050	0.078	80.000	23.000	0.000
464280.000	0.000	-0.050	0.078	80.000	23.000	0.000
464280.000	0.000	-0.050	0.078	80.000	23.000	0.000
464280.000	0.000	-0.050	0.078	80.000	23.000	0.000
464310.000	0.000	-0.050	0.094	80.000	23.000	0.000
464310.000	0.000	-0.050	0.094	80.000	23.000	0.000
464310.000	0.000	-0.050	0.094	80.000	23.000	0.000
464340.000	0.000	-0.050	0.078	80.000	23.000	0.000
464340.000	0.000	-0.050	0.078	80.000	23.000	0.000
464340.000	0.000	-0.050	0.078	80.000	23.000	0.000
464370.000	0.000	-0.050	0.094	80.000	23.000	0.000
464370.000	0.000	-0.050	0.094	80.000	23.000	0.000
464370.000	0.000	-0.050	0.094	80.000	23.000	0.000
464400.000	0.000	-0.050	0.078	80.000	23.000	0.000
464400.000	0.000	-0.050	0.078	80.000	23.000	0.000
464400.000	0.000	-0.050	0.078	80.000	23.000	0.000
464430.000	0.000	-0.050	0.094	80.000	23.000	0.000
464430.000	0.000	-0.050	0.094	80.000	23.000	0.000
464430.000	0.000	-0.050	0.094	80.000	23.000	0.000
464460.000	0.000	-0.050	0.078	80.000	23.000	0.000
464460.000	0.000	-0.050	0.078	80.000	23.000	0.000
464460.000	0.000	-0.050	0.078	80.000	23.000	0.000
464490.000	0.000	-0.050	0.094	80.000	23.000	0.000
464490.000	0.000	-0.050	0.094	80.000	23.000	0.000
464490.000	0.000	-0.050	0.094	80.000	23.000	0.000
464520.000	0.000	-0.050	0.078	80.000	23.000	0.000
464520.000	0.000	-0.050	0.078	80.000	23.000	0.000
464520.000	0.000	-0.050	0.078	80.000	23.000	0.000
464550.000	0.000	-0.050	0.078	80.000	23.000	0.000
464550.000	0.000	-0.050	0.078	80.000	23.000	0.000
464550.000	0.000	-0.050	0.078	80.000	23.000	0.000
464580.000	0.000	-0.050	0.078	80.000	23.000	0.000
464580.000	0.000	-0.050	0.078	80.000	23.000	0.000
464580.000	0.000	-0.050	0.078	80.000	23.000	0.000
464610.000	0.000	-0.050	0.094	80.000	23.000	0.000
464610.000	0.000	-0.050	0.094	80.000	23.000	0.000
464610.000	0.000	-0.050	0.094	80.000	23.000	0.000
464640.000	0.000	-0.050	0.078	80.000	23.000	0.000
464640.000	0.000	-0.050	0.078	80.000	23.000	0.000
464640.000	0.000	-0.050	0.078	80.000	23.000	0.000
464670.000	0.000	-0.050	0.094	80.000	23.000	0.000
464670.000	0.000	-0.050	0.094	80.000	23.000	0.000
464670.000	0.000	-0.050	0.094	80.000	23.000	0.000
464700.000	0.000	-0.050	0.062	80.000	23.000	0.000
464700.000	0.000	-0.050	0.062	80.000	23.000	0.000
464700.000	0.000	-0.050	0.062	80.000	23.000	0.000
464730.000	0.000	-0.050	0.094	80.000	23.000	0.000
464730.000	0.000	-0.050	0.094	80.000	23.000	0.000
464730.000	0.000	-0.050	0.094	80.000	23.000	0.000
464760.000	0.000	-0.050	0.078	80.000	23.000	0.000
464760.000	0.000	-0.050	0.078	80.000	23.000	0.000
464760.000	0.000	-0.050	0.078	80.000	23.000	0.000
464790.000	0.000	-0.050	0.094	80.000	23.000	0.000
464790.000	0.000	-0.050	0.094	80.000	23.000	0.000
464790.000	0.000	-0.050	0.094	80.000	23.000	0.000
464820.000	0.000	-0.050	0.078	80.000	23.000	0.000
464820.000	0.000	-0.050	0.078	80.000	23.000	0.000
464820.000	0.000	-0.050	0.078	80.000	23.000	0.000
464850.000	0.000	-0.050	0.078	80.000	23.000	0.000
464850.000	0.000	-0.050	0.078	80.000	23.000	0.000
464850.000	0.000	-0.050	0.078	80.000	23.000	0.000
464880.000	0.000	-0.050	0.078	80.000	23.000	0.000
464880.000	0.000	-0.050	0.078	80.000	23.000	0.000
464880.000	0.000	-0.050	0.078	80.000	23.000	0.000
464910.000	0.000	-0.050	0.078	80.000	23.000	0.000
464910.000	0.000	-0.050	0.078	80.000	23.000	0.000
464910.000	0.000	-0.050	0.078	80.000	23.000	0.000
464940.000	0.000	-0.050	0.078	80.000	23.000	0.000
464940.000	0.000	-0.050	0.078	80.000	23.000	0.000
464940.000	0.000	-0.050	0.078	80.000	23.000	0.000
464970.000	0.000	-0.050	0.094	80.000	23.000	0.000
464970.000	0.000	-0.050	0.094	80.000	23.000	0.000
464970.000	0.000	-0.050	0.094	80.000	23.000	0.000
465000.000	0.000	-0.050	0.078	80.000	23.000	0.000
465000.000	0.000	-0.050	0.078	80.000	23.000	0.000
465000.000	0.000	-0.050	0.078	80.000	23.000	0.000
465030.000	0.000	-0.050	0.078	80.000	23.000	0.000
465030.000	0.000	-0.050	0.078	80.000	23.000	0.000
465030.000	0.000	-0.050	0.078	80.000	23.000	0.000
465060.000	0.000	-0.050	0.078	80.000	23.000	0.000
465060.000	0.000	-0.050	0.078	80.000	23.000	0.000
465060.000	0.000	-0.050	0.078	80.000	23.000	0.000
465090.000	0.000	-0.050	0.094	80.000	23.000	0.000
465090.000	0.000	-0.050	0.094	80.000	23.000	0.000
465090.000	0.000	-0.050	0.094	80.000	23.000	0.000
465120.000	0.000	-0.050	0.078	80.000	23.000	0.000
465120.000	0.000	-0.050	0.078	80.000	23.000	0.000
465120.000	0.000	-0.050	0.078	80.000	23.000	0.000
465150.000	0.000	-0.050	0.078	80.000	23.000	0.000
465150.000	0.000	-0.050	0.078	80.000	23.000	0.000
465150.000	0.000	-0.050	0.078	80.000	23.000	0.000
465180.000	0.000	-0.050	0.078	80.000	23.000	0.000
465180.000	0.000	-0.050	0.078	80.000	23.000	0.000
465180.000	0.000	-0.050	0.078	80.000	23.000	0.000
465210.000	0.000	-0.050	0.078	80.000	23.000	0.000
465210.000	0.000	-0.050	0.078	80.000	23.000	0.000
465210.000	0.000	-0.050	0.078	80.000	23.000	0.000
465240.000	0.000	-0.050	0.078	80.000	23.000	0.000
465240.000	0.000	-0.050	0.078	80.000	23.000	0.000
465240.000	0.000	-0.050	0.078	80.000	23.000	0.000
465270.000	0.000	-0.050	0.078	80.000	23.000	0.000
465270.000	0.000	-0.050	0.078	80.000	23.000	0.000
465270.000	0.000	-0.050	0.078	80.000	23.000	0.000
465300.000	0.500	-0.050	0.969	80.000	23.000	0.000
465300.000	0.500	-0.050	0.969	80.000	23.000	0.000
465300.000	0.500	-0.050	0.969	80.000	23.000	0.000
465330.000	0.500	-0.040	0.859	80.000	23.000	0.000
465330.000	0.500	-0.040	0.859	80.000	23.000	0.000
465330.000	0.500	-0.040	0.859	80.000	23.000	0.000
465360.000	0.500	-0.030	0.734	80.000	23.000	0.000
465360.000	0.500	-0.030	0.734	80.000	23.000	0.000
465360.000	0.500	-0.030	0.734	80.000	23.000	0.000
465390.000	0.500	-0.010	0.625	80.000	23.000	0.000
465390.000	0.500	-0.010	0.625	80.000	23.000	0.000
465390.000	0.500	-0.010	0.625	80.000	23.000	0.000
465420.000	0.500	0.010	0.547	80.000	23.000	0.000
465420.000	0.500	0.010	0.547	80.000	23.000	0.000
465420.000	0.500	0.010	0.547	80.000	23.000	0.000
465450.000	0.500	0.030	0.437	80.000	23.000	0.000
465450.000	0.500	0.030	0.437	80.000	23.000	0.000
465450.000	0.500	0.030	0.437	80.000	23.000	0.000
465480.000	0.500	0.060	0.312	80.000	23.000	0.000
465480.000	0.500	0.060	0.312	80.000	23.000	0.000
465480.000	0.500	0.060	0.312	80.000	23.000	0.000
465510.000	0.500	0.080	0.266	80.000	23.000	0.000
465510.000	0.500	0.080	0.266	80.000	23.000	0.000
465510.000	0.500	0.080	0.266	80.000	23.000	0.000
465540.000	0.500	0.110	0.219	80.000	23.000	0.000
465540.000	0.500	0.110	0.219	80.000	23.000	0.000
465540.000	0.500	0.110	0.219	80.000	23.000	0.000
465570.000	0.500	0.140	0.141	80.000	23.000	0.000
465570.000	0.500	0.140	0.141	80.000	23.000	0.000
465570.000	0.500	0.140	0.141	80.000	23.000	0.000
465600.000	0.500	0.170	0.078	80.000	23.000	0.000
465600.000	0.500	0.170	0.078	80.000	23.000	0.000
465600.000	0.500	0.170	0.078	80.000	23.000	0.000
465630.000	0.500	0.200	0.031	80.000	23.000	0.000
465630.000	0.500	0.200	0.031	80.000	23.000	0.000
465630.000	0.500	0.200	0.031	80.000	23.000	0.000
465660.000	0.500	0.230	0.000	80.000	23.000	0.000
465660.000	0.500	0.230	0.000	80.000	23.000	0.000
465660.000	0.500	0.230	0.000	80.000	23.000	0.000
465690.000	0.500	0.250	-0.031	80.000	23.000	0.000
465690.000	0.500	0.250	-0.031	80.000	23.000	0.000
465690.000	0.500	0.250	-0.031	80.000	23.000	0.000
465720.000	0.500	0.280	-0.047	80.000	23.000	0.000
465720.000	0.500	0.280	-0.047	80.000	23.000	0.000
465720.000	0.500	0.280	-0.047	80.000	23.000	0.000
465750.000	0.500	0.300	-0.078	80.000	23.000	0.000
465750.000	0.500	0.300	-0.078	80.000	23.000	0.000
465750.000	0.500	0.300	-0.078	80.000	23.000	0.000
465780.000	0.500	0.330	-0.094	80.000	23.000	0.000
465780.000	0.500	0.330	-0.094	80.000	23.000	0.000
465780.000	0.500	0.330	-0.094	80.000	23.000	0.000
465810.000	0.500	0.350	-0.109	80.000	23.000	0.000
465810.000	0.500	0.350	-0.109	80.000	23.000	0.000
465810.000	0.500	0.350	-0.109	80.000	23.000	0.000
465840.000	0.500	0.370	-0.094	80.000	23.000	0.000
465840.000	0.500	0.370	-0.094	80.000	23.000	0.000
465840.000	0.500	0.370	-0.094	80.000	23.000	0.000
465870.000	0.500	0.390	-0.109	80.000	23.000	0.000
465870.000	0.500	0.390	-0.109	80.000	23.000	0.000
465870.000	0.500	0.390	-0.109	80.000	23.000	0.000
465900.000	0.500	0.400	-0.125	80.000	23.000	0.000
465900.000	0.500	0.400	-0.125	80.000	23.000	0.000
465900.000	0.500	0.400	-0.125	80.000	23.000	0.000
465930.000	0.500	0.420	-0.109	80.000	23.000	0.000
465930.000	0.500	0.420	-0.109	80.000	23.000	0.000
465930.000	0.500	0.420	-0.109	80.000	23.000	0.000
465960.000	0.500	0.430	-0.078	80.000	23.000	0.000
465960.000	0.500	0.430	-0.078	80.000	23.000	0.000
465960.000	0.500	0.430	-0.078	80.000	23.000	0.000
465990.000	0.500	0.440	-0.109	80.000	23.000	0.000
465990.000	0.500	0.440	-0.109	80.000	23.000	0.000
465990.000	0.500	0.440	-0.109	80.000	23.000	0.000
466020.000	0.500	0.450	-0.125	80.000	23.000	0.000
466020.000	0.500	0.450	-0.125	80.000	23.000	0.000
466020.000	0.500	0.450	-0.125	80.000	23.000	0.000
466050.000	0.500	0.460	-0.062	80.000	23.000	0.000
466050.000	0.500	0.460	-0.062	80.000	23.000	0.000
466050.000	0.500	0.460	-0.062	80.000	23.000	0.000
466080.000	0.500	0.470	-0.031	80.000	23.000	0.000
466080.000	0.500	0.470	-0.031	80.000	23.000	0.000
466080.000	0.500	0.470	-0.031	80.000	23.000	0.000
466110.000	0.500	0.470	-0.062	80.000	23.000	0.000
466110.000	0.500	0.470	-0.062	80.000	23.000	0.000
466110.000	0.500	0.470	-0.062	80.000	23.000	0.000
466140.000	0.500	0.480	-0.016	80.000	23.000	0.000
466140.000	0.500	0.480	-0.016	80.000	23.000	0.000
466140.000	0.500	0.480	-0.016	80.000	23.000	0.000
466170.000	0.500	0.480	0.000	80.000	23.000	0.000
466170.000	0.500	0.480	0.000	80.000	23.000	0.000
466170.000	0.500	0.480	0.000	80.000	23.000	0.000
466200.000	0.500	0.480	0.000	80.000	23.000	0.000
466200.000	0.500	0.480	0.000	80.000	23.000	0.000
466200.000	0.500	0.480	0.000	80.000	23.000	0.000
466230.000	0.500	0.480	0.031	80.000	23.000	0.000
466230.000	0.500	0.480	0.031	80.000	23.000	0.000
466230.000	0.500	0.480	0.031	80.000	23.000	0.000
466260.000	0.500	0.480	0.031	80.000	23.000	0.000
466260.000	0.500	0.480	0.031	80.000	23.000	0.000
466260.000	0.500	0.480	0.031	80.000	23.000	0.000
466290.000	0.500	0.480	0.062	80.000	23.000	0.000
466290.000	0.500	0.480	0.062	80.000	23.000	0.000
466290.000	0.500	0.480	0.062	80.000	23.000	0.000
466320.000	0.500	0.480	0.062	80.000	23.000	0.000
466320.000	0.500	0.480	0.062	80.000	23.000	0.000
466320.000	0.500	0.480	0.062	80.000	23.000	0.000
466350.000	0.500	0.470	0.078	80.000	23.000	0.000
466350.000	0.500	0.470	0.078	80.000	23.000	0.000
466350.000	0.500	0.470	0.078	80.000	23.000	0.000
466380.000	0.500	0.470	0.094	80.000	23.000	0.000
466380.000	0.500	0.470	0.094	80.000	23.000	0.000
466380.000	0.500	0.470	0.094	80.000	23.000	0.000
466410.000	0.500	0.470	0.078	80.000	23.000	0.000
466410.000	0.500	0.470	0.078	80.000	23.000	0.000
466410.000	0.500	0.470	0.078	80.000	23.000	0.000
466440.000	0.500	0.470	0.109	80.000	23.000	0.000
466440.000	0.500	0.470	0.109	80.000	23.000	0.000
466440.000	0.500	0.470	0.109	80.000	23.000	0.000
466470.000	0.500	0.460	0.109	80.000	23.000	0.000
466470.000	0.500	0.460	0.109	80.000	23.000	0.000
466470.000	0.500	0.460	0.109	80.000	23.000	0.000
466500.000	0.500	0.460	0.109	80.000	23.000	0.000
466500.000	0.500	0.460	0.109	80.000	23.000	0.000
466500.000	0.500	0.460	0.109	80.000	23.000	0.000
466530.000	0.500	0.460	0.109	80.000	23.000	0.000
466530.000	0.500	0.460	0.109	80.000	23.000	0.000
466530.000	0.500	0.460	0.109	80.000	23.000	0.000
466560.000	0.500	0.450	0.109	80.000	23.000	0.000
466560.000	0.500	0.450	0.109	80.000	23.000	0.000
466560.000	0.500	0.450	0.109	80.000	23.000	0.000
466590.000	0.500	0.450	0.125	80.000	23.000	0.000
466590.000	0.500	0.450	0.125	80.000	23.000	0.000
466590.000	0.500	0.450	0.125	80.000	23.000	0.000
466620.000	0.500	0.450	0.094	80.000	23.000	0.000
466620.000	0.500	0.450	0.094	80.000	23.000	0.000
466620.000	0.500	0.450	0.094	80.000	23.000	0.000
466650.000	0.500	0.450	0.109	80.000	23.000	0.000
466650.000	0.500	0.450	0.109	80.000	23.000	0.000
466650.000	0.500	0.450	0.109	80.000	23.000	0.000
466680.000	0.500	0.450	0.094	80.000	23.000	0.000
466680.000	0.500	0.450	0.094	80.000	23.000	0.000
466680.000	0.500	0.450	0.094	80.000	23.000	0.000
466710.000	0.500	0.450	0.109	80.000	23.000	0.000
466710.000	0.500	0.450	0.109	80.000	23.000	0.000
466710.000	0.500	0.450	0.109	80.000	23.000	0.000
466740.000	0.500	0.450	0.109	80.000	23.000	0.000
466740.000	0.500	0.450	0.109	80.000	23.000	0.000
466740.000	0.500	0.450	0.109	80.000	23.000	0.000
466770.000	0.500	0.440	0.078	80.000	23.000	0.000
466770.000	0.500	0.440	0.078	80.000	23.000	0.000
466770.000	0.500	0.440	0.078	80.000	23.000	0.000
466800.000	0.500	0.440	0.109	80.000	23.000	0.000
466800.000	0.500	0.440	0.109	80.000	23.000	0.000
466800.000	0.500	0.440	0.109	80.000	23.000	0.000
466830.000	0.500	0.440	0.078	80.000	23.000	0.000
466830.000	0.500	0.440	0.078	80.000	23.000	0.000
466830.000	0.500	0.440	0.078	80.000	23.000	0.000
466860.000	0.500	0.440	0.094	80.000	23.000	0.000
466860.000	0.500	0.440	0.094	80.000	23.000	0.000
466860.000	0.500	0.440	0.094	80.000	23.000	0.000
466890.000	0.500	0.440	0.094	80.000	23.000	0.000
466890.000	0.500	0.440	0.094	80.000	23.000	0.000
466890.000	0.500	0.440	0.094	80.000	23.000	0.000
466920.000	0.500	0.450	0.078	80.000	23.000	0.000
466920.000	0.500	0.450	0.078	80.000	23.000	0.000
466920.000	0.500	0.450	0.078	80.000	23.000	0.000
466950.000	0.500	0.450	0.094	80.000	23.000	0.000
466950.000	0.500	0.450	0.094	80.000	23.000	0.000
466950.000	0.500	0.450	0.094	80.000	23.000	0.000
466980.000	0.500	0.450	0.062	80.000	23.000	0.000
466980.000	0.500	0.450	0.062	80.000	23.000	0.000
466980.000	0.500	0.450	0.062	80.000	23.000	0.000
467010.000	0.500	0.450	0.078	80.000	23.000	0.000
467010.000	0.500	0.450	0.078	80.000	23.000	0.000
467010.000	0.500	0.450	0.078	80.000	23.000	0.000
467040.000	0.500	0.450	0.078	80.000	23.000	0.000
467040.000	0.500	0.450	0.078	80.000	23.000	0.000
467040.000	0.500	0.450	0.078	80.000	23.000	0.000
467070.000	0.500	0.450	0.062	80.000	23.000	0.000
467070.000	0.500	0.450	0.062	80.000	23.000	0.000
467070.000	0.500	0.450	0.062	80.000	23.000	0.000
467100.000	0.500	0.450	0.078	80.000	23.000	0.000
467100.000	0.500	0.450	0.078	80.000	23.000	0.000
467100.000	0.500	0.450	0.078	80.000	23.000	0.000
467130.000	0.500	0.450	0.062	80.000	23.000	0.000
467130.000	0.500	0.450	0.062	80.000	23.000	0.000
467130.000	0.500	0.450	0.062	80.000	23.000	0.000
467160.000	0.500	0.450	0.078	80.000	23.000	0.000
467160.000	0.500	0.450	0.078	80.000	23.000	0.000
467160.000	0.500	0.450	0.078	80.000	23.000	0.000
467190.000	0.500	0.450	0.078	80.000	23.000	0.000
467190.000	0.500	0.450	0.078	80.000	23.000	0.000
467190.000	0.500	0.450	0.078	80.000	23.000	0.000
467220.000	0.500	0.450	0.078	80.000	23.000	0.000
467220.000	0.500	0.450	0.078	80.000	23.000	0.000
467220.000	0.500	0.450	0.078	80.000	23.000	0.000
467250.000	0.500	0.450	0.078	80.000	23.000	0.000
467250.000	0.500	0.450	0.078	80.000	23.000	0.000
467250.000	0.500	0.450	0.078	80.000	23.000	0.000
467280.000	0.500	0.450	0.062	80.000	23.000	0.000
467280.000	0.500	0.450	0.062	80.000	23.000	0.000
467280.000	0.500	0.450	0.062	80.000	23.000	0.000
467310.000	0.500	0.450	0.094	80.000	23.000	0.000
467310.000	0.500	0.450	0.094	80.000	23.000	0.000
467310.000	0.500	0.450	0.094	80.000	23.000	0.000
467340.000	0.500	0.450	0.078	80.000	23.000	0.000
467340.000	0.500	0.450	0.078	80.000	23.000	0.000
467340.000	0.500	0.450	0.078	80.000	23.000	0.000
467370.000	0.500	0.450	0.078	80.000	23.000	0.000
467370.000	0.500	0.450	0.078	80.000	23.000	0.000
467370.000	0.500	0.450	0.078	80.000	23.000	0.000
467400.000	0.500	0.450	0.078	80.000	23.000	0.000
467400.000	0.500	0.450	0.078	80.000	23.000	0.000
467400.000	0.500	0.450	0.078	80.000	23.000	0.000
467430.000	0.500	0.450	0.078	80.000	23.000	0.000
467430.000	0.500	0.450	0.078	80.000	23.000	0.000
467430.000	0.500	0.450	0.078	80.000	23.000	0.000
467460.000	0.500	0.450	0.094	80.000	23.000	0.000
467460.000	0.500	0.450	0.094	80.000	23.000	0.000
467460.000	0.500	0.450	0.094	80.000	23.000	0.000
467490.000	0.500	0.450	0.062	80.000	23.000	0.000
467490.000	0.500	0.450	0.062	80.000	23.000	0.000
467490.000	0.500	0.450	0.062	80.000	23.000	0.000
467520.000	0.500	0.450	0.094	80.000	23.000	0.000
467520.000	0.500	0.450	0.094	80.000	23.000	0.000
467520.000	0.500	0.450	0.094	80.000	23.000	0.000
467550.000	0.500	0.450	0.078	80.000	23.000	0.000
467550.000	0.500	0.450	0.078	80.000	23.000	0.000
467550.000	0.500	0.450	0.078	80.000	23.000	0.000
467580.000	0.500	0.450	0.078	80.000	23.000	0.000
467580.000	0.500	0.450	0.078	80.000	23.000	0.000
467580.000	0.500	0.450	0.078	80.000	23.000	0.000
467610.000	0.500	0.450	0.078	80.000	23.000	0.000
467610.000	0.500	0.450	0.078	80.000	23.000	0.000
467610.000	0.500	0.450	0.078	80.000	23.000	0.000
467640.000	0.500	0.450	0.078	80.000	23.000	0.000
467640.000	0.500	0.450	0.078	80.000	23.000	0.000
467640.000	0.500	0.450	0.078	80.000	23.000	0.000
467670.000	0.500	0.450	0.078	80.000	23.000	0.000
467670.000	0.500	0.450	0.078	80.000	23.000	0.000
467670.000	0.500	0.450	0.078	80.000	23.000	0.000
467700.000	0.500	0.450	0.062	80.000	23.000	0.000
467700.000	0.500	0.450	0.062	80.000	23.000	0.000
467700.000	0.500	0.450	0.062	80.000	23.000	0.000
467730.000	0.500	0.450	0.094	80.000	23.000	0.000
467730.000	0.500	0.450	0.094	80.000	23.000	0.000
467730.000	0.500	0.450	0.094	80.000	23.000	0.000
467760.000	0.500	0.450	0.078	80.000	23.000	0.000
467760.000	0.500	0.450	0.078	80.000	23.000	0.000
467760.000	0.500	0.450	0.078	80.000	23.000	0.000
467790.000	0.500	0.450	0.078	80.000	23.000	0.000
467790.000	0.500	0.450	0.078	80.000	23.000	0.000
467790.000	0.500	0.450	0.078	80.000	23.000	0.000
467820.000	0.500	0.450	0.078	80.000	23.000	0.000
467820.000	0.500	0.450	0.078	80.000	23.000	0.000
467820.000	0.500	0.450	0.078	80.000	23.000	0.000
467850.000	0.500	0.450	0.078	80.000	23.000	0.000
467850.000	0.500	0.450	0.078	80.000	23.000	0.000
467850.000	0.500	0.450	0.078	80.000	23.000	0.000
467880.000	0.500	0.450	0.078	80.000	23.000	0.000
467880.000	0.500	0.450	0.078	80.000	23.000	0.000
467880.000	0.500	0.450	0.078	80.000	23.000	0.000
467910.000	0.500	0.450	0.062	80.000	23.000	0.000
467910.000	0.500	0.450	0.062	80.000	23.000	0.000
467910.000	0.500	0.450	0.062	80.000	23.000	0.000
467940.000	0.500	0.450	0.078	80.000	23.000	0.000
467940.000	0.500	0.450	0.078	80.000	23.000	0.000
467940.000	0.500	0.450	0.078	80.000	23.000	0.000
467970.000	0.500	0.450	0.062	80.000	23.000	0.000
467970.000	0.500	0.450	0.062	80.000	23.000	0.000
467970.000	0.500	0.450	0.062	80.000	23.000	0.000
468000.000	0.500	0.450	0.078	80.000	23.000	0.000
468000.000	0.500	0.450	0.078	80.000	23.000	0.000
468000.000	0.500	0.450	0.078	80.000	23.000	0.000
468030.000	0.500	0.450	0.078	80.000	23.000	0.000
468030.000	0.500	0.450	0.078	80.000	23.000	0.000
468030.000	0.500	0.450	0.078	80.000	23.000	0.000
468060.000	0.500	0.450	0.078	80.000	23.000	0.000
468060.000	0.500	0.450	0.078	80.000	23.000	0.000
468060.000	0.500	0.450	0.078	80.000	23.000	0.000
468090.000	0.500	0.450	0.078	80.000	23.000	0.000
468090.000	0.500	0.450	0.078	80.000	23.000	0.000
468090.000	0.500	0.450	0.078	80.000	23.000	0.000
