%Time [ms]	Commanded Torque [mNm]	Angular Velocity [RPM]	Actual Current [Amp]	%10/21/20211:48 PM
0.000	0.000	0.000	0.000
20.000	7.500	0.000	0.003
30.000	7.500	0.000	0.002
40.000	7.500	0.000	0.002
50.000	7.500	0.000	0.006
60.000	7.500	0.000	0.003
70.000	7.500	0.000	0.003
80.000	7.500	0.000	0.004
90.000	7.500	0.000	-0.002
100.000	7.500	0.000	-0.007
110.000	7.500	0.000	0.004
120.000	7.500	0.000	0.003
130.000	7.500	0.000	0.004
140.000	7.500	0.000	0.001
150.000	7.500	0.000	0.002
160.000	7.500	0.000	0.006
170.000	7.500	0.000	0.003
180.000	7.500	0.000	0.006
190.000	7.500	0.000	-0.000
200.000	7.500	0.000	-0.000
210.000	7.500	0.000	0.004
220.000	7.500	0.000	0.007
230.000	7.500	0.000	0.001
240.000	7.500	0.000	-0.000
250.000	7.500	0.000	-0.002
260.000	7.500	0.000	0.003
270.000	7.500	0.000	0.008
280.000	7.500	0.000	-0.000
290.000	7.500	0.000	-0.000
300.000	7.500	0.000	0.006
310.000	7.500	0.000	0.003
320.000	7.500	0.000	0.001
330.000	7.500	0.000	-0.000
340.000	7.500	0.000	0.001
350.000	7.500	0.000	0.004
360.000	7.500	0.000	0.007
370.000	7.500	0.000	-0.000
380.000	7.500	0.000	0.002
390.000	7.500	0.000	0.006
400.000	7.500	0.000	0.004
410.000	7.500	0.000	0.004
420.000	7.500	0.000	0.004
430.000	7.500	0.000	-0.002
440.000	7.500	0.000	0.001
450.000	7.500	0.000	0.001
460.000	7.500	0.000	-0.002
470.000	7.500	0.000	-0.002
480.000	7.500	0.000	0.002
490.000	7.500	0.000	0.006
500.000	7.500	0.000	0.006
510.000	7.500	0.000	0.006
520.000	7.500	0.000	-0.000
530.000	7.500	0.000	-0.000
540.000	7.500	0.000	0.002
550.000	7.500	0.000	0.004
560.000	7.500	0.000	0.004
570.000	7.500	0.000	0.001
580.000	7.500	0.000	0.003
590.000	7.500	0.000	0.003
600.000	7.500	0.000	0.006
610.000	7.500	0.000	0.003
620.000	7.500	0.000	0.003
630.000	7.500	0.000	-0.000
640.000	7.500	0.000	0.002
650.000	7.500	0.000	0.003
660.000	7.500	0.000	0.004
670.000	7.500	0.000	-0.000
680.000	7.500	0.000	-0.000
690.000	7.500	0.000	0.001
700.000	7.500	0.000	0.002
710.000	7.500	0.000	0.004
720.000	7.500	0.000	-0.000
730.000	7.500	0.000	-0.002
740.000	7.500	0.000	0.004
750.000	7.500	0.000	0.003
760.000	7.500	0.000	0.001
770.000	7.500	0.000	0.001
780.000	7.500	0.000	0.006
790.000	7.500	0.000	0.004
800.000	7.500	0.000	0.004
810.000	7.500	0.000	0.004
820.000	7.500	0.000	0.001
830.000	7.500	0.000	0.001
840.000	7.500	0.000	0.006
850.000	7.500	0.000	0.004
860.000	7.500	0.000	0.004
870.000	7.500	0.000	-0.002
880.000	7.500	0.000	0.007
890.000	7.500	0.000	0.007
900.000	7.500	0.000	0.006
910.000	7.500	0.000	0.001
920.000	7.500	0.000	0.001
930.000	7.500	0.000	0.002
940.000	7.500	0.000	0.004
950.000	7.500	0.000	0.004
960.000	7.500	0.000	0.001
970.000	7.500	0.000	0.002
980.000	7.500	0.000	0.002
990.000	7.500	0.000	0.007
1000.000	7.500	0.000	0.001
1010.000	7.500	0.000	0.001
1020.000	7.500	0.000	0.002
1030.000	7.500	0.000	0.001
1040.000	7.500	-0.067	0.300
1050.000	7.500	-0.067	0.302
1060.000	7.500	-0.067	0.297
1070.000	7.500	-0.067	0.292
1080.000	7.500	-0.140	0.294
1090.000	7.500	-0.213	0.306
1100.000	7.500	-0.213	0.297
1110.000	7.500	-0.294	0.296
1120.000	7.500	-0.368	0.294
1130.000	7.500	-0.441	0.297
1140.000	7.500	-0.448	0.297
1150.000	7.500	-0.594	0.295
1160.000	7.500	-0.727	0.296
1170.000	7.500	-0.890	0.295
1180.000	7.500	-0.963	0.302
1190.000	7.500	-1.090	0.305
1200.000	7.500	-1.415	0.299
1210.000	7.500	-1.554	0.299
1220.000	7.500	-1.680	0.295
1230.000	7.500	-1.851	0.300
1240.000	7.500	-1.998	0.300
1250.000	7.500	-2.071	0.297
1260.000	7.500	-2.157	0.294
1270.000	7.500	-2.214	0.290
1280.000	7.500	-2.467	0.302
1290.000	7.500	-2.674	0.294
1300.000	7.500	-2.715	0.305
1310.000	7.500	-2.788	0.302
1320.000	7.500	-2.882	0.296
1330.000	7.500	-2.857	0.303
1340.000	7.500	-2.930	0.294
1350.000	7.500	-3.004	0.295
1360.000	7.500	-3.297	0.299
1370.000	7.500	-3.476	0.300
1380.000	7.500	-3.484	0.299
1390.000	7.500	-3.443	0.300
1400.000	7.500	-3.476	0.294
1410.000	7.500	-3.834	0.297
1420.000	7.500	-4.127	0.300
1430.000	7.500	-4.347	0.300
1440.000	7.500	-4.420	0.300
1450.000	7.500	-4.494	0.296
1460.000	7.500	-4.580	0.299
1470.000	7.500	-4.832	0.299
1480.000	7.500	-4.938	0.302
1490.000	7.500	-5.084	0.308
1500.000	7.500	-5.490	0.297
1510.000	7.500	-5.498	0.295
1520.000	7.500	-5.378	0.303
1530.000	7.500	-5.427	0.300
1540.000	7.500	-6.013	0.296
1550.000	7.500	-6.013	0.296
1560.000	7.500	-6.000	0.296
1570.000	7.500	-6.374	0.305
1580.000	7.500	-6.374	0.305
1590.000	7.500	-6.448	0.333
1600.000	7.500	-6.155	0.300
1610.000	7.500	-6.155	0.300
1620.000	7.500	-6.567	0.300
1630.000	7.500	-6.885	0.306
1640.000	7.500	-6.885	0.306
1650.000	7.500	-7.104	0.299
1660.000	7.500	-7.104	0.296
1670.000	7.500	-7.104	0.296
1680.000	7.500	-7.104	0.305
1690.000	7.500	-7.471	0.300
1700.000	7.500	-7.471	0.300
1710.000	7.500	-7.837	0.295
1720.000	7.500	-7.690	0.297
1730.000	7.500	-7.690	0.297
1740.000	7.500	-7.764	0.296
1750.000	7.500	-8.057	0.302
1760.000	7.500	-8.057	0.302
1770.000	7.500	-8.276	0.301
1780.000	7.500	-8.350	0.297
1790.000	7.500	-8.350	0.297
1800.000	7.500	-8.496	0.295
1810.000	7.500	-8.789	0.300
1820.000	7.500	-8.789	0.300
1830.000	7.500	-8.789	0.301
1840.000	7.500	-8.716	0.306
1850.000	7.500	-8.982	0.295
1860.000	7.500	-9.015	0.306
1870.000	7.500	-9.234	0.310
1880.000	7.500	-9.308	0.302
1890.000	7.500	-9.422	0.300
1900.000	7.500	-9.495	0.295
1910.000	7.500	-9.688	0.300
1920.000	7.500	-9.729	0.300
1930.000	7.500	-9.802	0.303
1940.000	7.500	-10.055	0.291
1950.000	7.500	-10.114	0.297
1960.000	7.500	-10.374	0.300
1970.000	7.500	-10.008	0.302
1980.000	7.500	-10.578	0.301
1990.000	7.500	-10.464	0.294
2000.000	7.500	-10.644	0.297
2010.000	7.500	-10.703	0.301
2020.000	7.500	-10.516	0.299
2030.000	7.500	-10.842	0.294
2040.000	7.500	-10.931	0.296
2050.000	7.500	-11.118	0.292
2060.000	7.500	-10.665	0.297
2070.000	7.500	-11.316	0.302
2080.000	7.500	-11.113	0.297
2090.000	7.500	-11.353	0.292
2100.000	7.500	-11.197	0.295
2110.000	7.500	-11.458	0.308
2120.000	7.500	-11.571	0.302
2130.000	7.500	-11.904	0.299
2140.000	7.500	-11.708	0.305
2150.000	7.500	-11.662	0.299
2160.000	7.500	-12.180	0.303
2170.000	7.500	-12.041	0.296
2180.000	7.500	-11.941	0.295
2190.000	7.500	-12.060	0.299
2200.000	7.500	-12.548	0.295
2210.000	7.500	-12.295	0.299
2220.000	7.500	-12.613	0.307
2230.000	7.500	-12.320	0.297
2240.000	7.500	-12.693	0.296
2250.000	7.500	-12.553	0.295
2260.000	7.500	-12.561	0.302
2270.000	7.500	-12.514	0.300
2280.000	7.500	-13.062	0.295
2290.000	7.500	-12.850	0.291
2300.000	7.500	-12.717	0.302
2310.000	7.500	-13.360	0.297
2320.000	7.500	-13.002	0.302
2330.000	7.500	-13.229	0.297
2340.000	7.500	-13.295	0.313
2350.000	7.500	-13.629	0.306
2360.000	7.500	-13.502	0.300
2370.000	7.500	-13.687	0.301
2380.000	7.500	-13.753	0.300
2390.000	7.500	-13.646	0.295
2400.000	7.500	-13.942	0.301
2410.000	7.500	-13.771	0.296
2420.000	7.500	-13.944	0.300
2430.000	7.500	-14.173	0.295
2440.000	7.500	-13.954	0.299
2450.000	7.500	-14.027	0.301
2460.000	7.500	-14.227	0.303
2470.000	7.500	-14.235	0.301
2480.000	7.500	-14.308	0.297
2490.000	7.500	-14.561	0.291
2500.000	7.500	-14.398	0.296
2510.000	7.500	-14.458	0.301
2520.000	7.500	-14.562	0.302
2530.000	7.500	-14.546	0.297
2540.000	7.500	-14.985	0.302
2550.000	7.500	-14.692	0.302
2560.000	7.500	-14.839	0.301
2570.000	7.500	-14.912	0.301
2580.000	7.500	-14.692	0.299
2590.000	7.500	-14.985	0.291
2600.000	7.500	-14.912	0.300
2610.000	7.500	-14.852	0.300
2620.000	7.500	-15.234	0.302
2630.000	7.500	-15.021	0.296
2640.000	7.500	-14.964	0.319
2650.000	7.500	-15.477	0.302
2660.000	7.500	-15.477	0.305
2670.000	7.500	-15.477	0.302
2680.000	7.500	-15.697	0.294
2690.000	7.500	-15.617	0.289
2700.000	7.500	-15.771	0.322
2710.000	7.500	-15.918	0.303
2720.000	7.500	-16.064	0.300
2730.000	7.500	-15.985	0.299
2740.000	7.500	-16.042	0.295
2750.000	7.500	-16.022	0.302
2760.000	7.500	-15.875	0.300
2770.000	7.500	-16.095	0.307
2780.000	7.500	-16.315	0.305
2790.000	7.500	-16.101	0.290
2800.000	7.500	-16.240	0.297
2810.000	7.500	-16.386	0.301
2820.000	7.500	-16.020	0.300
2830.000	7.500	-16.386	0.300
2840.000	7.500	-16.433	0.302
2850.000	7.500	-16.640	0.301
2860.000	7.500	-16.713	0.297
2870.000	7.500	-16.713	0.303
2880.000	7.500	-16.567	0.295
2890.000	7.500	-17.226	0.288
2900.000	7.500	-16.873	0.306
2910.000	7.500	-16.995	0.301
2920.000	7.500	-17.361	0.302
2930.000	7.500	-17.361	0.299
2940.000	7.500	-17.315	0.296
2950.000	7.500	-17.274	0.299
2960.000	7.500	-17.567	0.299
2970.000	7.500	-17.714	0.296
2980.000	7.500	-17.494	0.296
2990.000	7.500	-17.247	0.297
3000.000	7.500	-18.032	0.299
3010.000	7.500	-17.836	0.299
3020.000	7.500	-17.763	0.300
3030.000	7.500	-17.763	0.299
3040.000	7.500	-17.983	0.295
3050.000	7.500	-18.016	0.300
3060.000	7.500	-17.813	0.297
3070.000	7.500	-17.813	0.301
3080.000	7.500	-18.179	0.297
3090.000	7.500	-18.279	0.299
3100.000	7.500	-18.214	0.300
3110.000	7.500	-18.054	0.303
3120.000	7.500	-18.249	0.301
3130.000	7.500	-18.542	0.305
3140.000	7.500	-18.542	0.296
3150.000	7.500	-18.729	0.301
3160.000	7.500	-18.712	0.297
3170.000	7.500	-18.746	0.305
3180.000	7.500	-18.957	0.297
3190.000	7.500	-19.030	0.296
3200.000	7.500	-19.177	0.300
3210.000	7.500	-19.337	0.302
3220.000	7.500	-19.361	0.301
3230.000	7.500	-19.115	0.299
3240.000	7.500	-19.489	0.303
3250.000	7.500	-19.489	0.296
3260.000	7.500	-19.855	0.305
3270.000	7.500	-20.115	0.296
3280.000	7.500	-19.830	0.297
3290.000	7.500	-19.923	0.296
3300.000	7.500	-19.679	0.303
3310.000	7.500	-20.045	0.301
3320.000	7.500	-19.999	0.314
3330.000	7.500	-20.628	0.292
3340.000	7.500	-20.473	0.300
3350.000	7.500	-20.287	0.300
3360.000	7.500	-20.750	0.301
3370.000	7.500	-20.458	0.299
3380.000	7.500	-20.691	0.316
3390.000	7.500	-20.809	0.303
3400.000	7.500	-21.053	0.297
3410.000	7.500	-20.927	0.302
3420.000	7.500	-21.274	0.301
3430.000	7.500	-21.258	0.297
3440.000	7.500	-21.065	0.306
3450.000	7.500	-21.723	0.300
3460.000	7.500	-21.333	0.303
3470.000	7.500	-21.699	0.300
3480.000	7.500	-21.832	0.295
3490.000	7.500	-22.060	0.296
3500.000	7.500	-21.794	0.300
3510.000	7.500	-22.400	0.301
3520.000	7.500	-22.246	0.300
3530.000	7.500	-22.099	0.306
3540.000	7.500	-22.447	0.296
3550.000	7.500	-22.268	0.295
3560.000	7.500	-22.348	0.302
3570.000	7.500	-22.673	0.291
3580.000	7.500	-22.820	0.296
3590.000	7.500	-22.673	0.295
3600.000	7.500	-23.265	0.294
3610.000	7.500	-23.005	0.299
3620.000	7.500	-23.078	0.299
3630.000	7.500	-23.648	0.294
3640.000	7.500	-23.639	0.296
3650.000	7.500	-23.626	0.294
3660.000	7.500	-24.018	0.301
3670.000	7.500	-24.132	0.297
3680.000	7.500	-24.205	0.299
3690.000	7.500	-24.572	0.294
3700.000	7.500	-24.393	0.294
3710.000	7.500	-24.512	0.300
3720.000	7.500	-24.919	0.300
3730.000	7.500	-24.789	0.300
3740.000	7.500	-24.936	0.300
3750.000	7.500	-25.169	0.297
3760.000	7.500	-24.990	0.305
3770.000	7.500	-24.990	0.305
3780.000	7.500	-25.283	0.306
3790.000	7.500	-25.795	0.295
3800.000	7.500	-25.795	0.295
3810.000	7.500	-25.895	0.301
3820.000	7.500	-26.074	0.312
3830.000	7.500	-25.835	0.289
3840.000	7.500	-26.266	0.294
3850.000	7.500	-26.412	0.297
3860.000	7.500	-26.559	0.299
3870.000	7.500	-26.998	0.302
3880.000	7.500	-26.852	0.299
3890.000	7.500	-26.878	0.297
3900.000	7.500	-27.025	0.301
3910.000	7.500	-27.171	0.301
3920.000	7.500	-27.611	0.296
3930.000	7.500	-27.851	0.302
3940.000	7.500	-27.785	0.299
3950.000	7.500	-27.739	0.300
3960.000	7.500	-28.195	0.300
3970.000	7.500	-28.414	0.300
3980.000	7.500	-28.561	0.306
3990.000	7.500	-28.827	0.296
4000.000	7.500	-29.047	0.297
4010.000	7.500	-29.067	0.307
4020.000	7.500	-29.099	0.299
4030.000	7.500	-29.319	0.301
4040.000	7.500	-29.612	0.300
4050.000	7.500	-30.025	0.295
4060.000	7.500	-29.789	0.299
4070.000	7.500	-29.569	0.297
4080.000	7.500	-30.521	0.302
4090.000	7.500	-30.448	0.292
4100.000	7.500	-30.521	0.294
4110.000	7.500	-31.087	0.296
4120.000	7.500	-30.762	0.300
4130.000	7.500	-30.902	0.295
4140.000	7.500	-31.406	0.302
4150.000	7.500	-31.333	0.296
4160.000	7.500	-31.772	0.296
4170.000	7.500	-32.139	0.301
4180.000	7.500	-31.626	0.305
4190.000	7.500	-31.899	0.297
4200.000	7.500	-32.257	0.300
4210.000	7.500	-32.477	0.294
4220.000	7.500	-32.477	0.302
4230.000	7.500	-33.224	0.305
4240.000	7.500	-33.012	0.297
4250.000	7.500	-33.272	0.295
4260.000	7.500	-33.475	0.301
4270.000	7.500	-33.475	0.302
4280.000	7.500	-33.788	0.301
4290.000	7.500	-34.158	0.303
4300.000	7.500	-34.093	0.296
4310.000	7.500	-33.707	0.295
4320.000	7.500	-34.928	0.302
4330.000	7.500	-34.480	0.302
4340.000	7.500	-34.440	0.299
4350.000	7.500	-34.921	0.296
4360.000	7.500	-35.230	0.299
4370.000	7.500	-35.064	0.310
4380.000	7.500	-35.589	0.305
4390.000	7.500	-35.605	0.302
4400.000	7.500	-35.552	0.295
4410.000	7.500	-36.410	0.292
4420.000	7.500	-35.849	0.310
4430.000	7.500	-35.949	0.301
4440.000	7.500	-36.526	0.300
4450.000	7.500	-36.664	0.295
4460.000	7.500	-36.118	0.302
4470.000	7.500	-37.058	0.299
4480.000	7.500	-36.586	0.306
4490.000	7.500	-36.732	0.297
4500.000	7.500	-37.501	0.295
4510.000	7.500	-37.029	0.291
4520.000	7.500	-37.103	0.302
4530.000	7.500	-37.532	0.301
4540.000	7.500	-37.507	0.305
4550.000	7.500	-37.581	0.299
4560.000	7.500	-37.980	0.295
4570.000	7.500	-37.793	0.296
4580.000	7.500	-38.086	0.308
4590.000	7.500	-38.159	0.302
4600.000	7.500	-37.956	0.299
4610.000	7.500	-38.169	0.294
4620.000	7.500	-38.413	0.294
4630.000	7.500	-38.543	0.295
4640.000	7.500	-38.470	0.299
4650.000	7.500	-38.397	0.296
4660.000	7.500	-38.836	0.300
4670.000	7.500	-38.616	0.292
4680.000	7.500	-38.795	0.297
4690.000	7.500	-39.088	0.300
4700.000	7.500	-38.869	0.314
4710.000	7.500	-39.095	0.297
4720.000	7.500	-39.217	0.300
4730.000	7.500	-38.991	0.301
4740.000	7.500	-39.251	0.297
4750.000	7.500	-39.398	0.297
4760.000	7.500	-39.251	0.299
4770.000	7.500	-39.398	0.295
4780.000	7.500	-39.585	0.301
4790.000	7.500	-39.352	0.297
4800.000	7.500	-39.612	0.297
4810.000	7.500	-39.685	0.295
4820.000	7.500	-39.759	0.296
4830.000	7.500	-39.839	0.296
4840.000	7.500	-39.725	0.301
4850.000	7.500	-39.625	0.305
4860.000	7.500	-40.064	0.294
4870.000	7.500	-40.137	0.296
4880.000	7.500	-40.064	0.300
4890.000	7.500	-40.371	0.302
4900.000	7.500	-40.183	0.301
4910.000	7.500	-39.884	0.295
4920.000	7.500	-40.339	0.300
4930.000	7.500	-40.632	0.299
4940.000	7.500	-40.559	0.302
4950.000	7.500	-40.586	0.317
4960.000	7.500	-40.366	0.301
4970.000	7.500	-40.413	0.295
4980.000	7.500	-40.543	0.319
4990.000	7.500	-40.616	0.301
5000.000	7.500	-40.982	0.301
5010.000	7.500	-41.355	0.314
5020.000	7.500	-40.607	0.296
5030.000	7.500	-40.433	0.297
5040.000	7.500	-41.027	0.299
5050.000	7.500	-41.174	0.299
5060.000	7.500	-41.027	0.295
5070.000	7.500	-41.274	0.313
5080.000	7.500	-41.363	0.295
5090.000	7.500	-41.184	0.302
5100.000	7.500	-41.167	0.300
5110.000	7.500	-41.167	0.295
5120.000	7.500	-41.607	0.302
5130.000	7.500	-41.926	0.273
5140.000	7.500	-41.552	0.301
5150.000	7.500	-41.445	0.300
5160.000	7.500	-41.974	0.318
5170.000	7.500	-42.121	0.290
5180.000	7.500	-42.121	0.296
5190.000	7.500	-42.301	0.312
5200.000	7.500	-42.097	0.299
5210.000	7.500	-42.057	0.306
5220.000	7.500	-42.448	0.306
5230.000	7.500	-42.521	0.300
5240.000	7.500	-42.741	0.302
5250.000	7.500	-43.067	0.306
5260.000	7.500	-42.685	0.296
5270.000	7.500	-42.758	0.297
5280.000	7.500	-42.831	0.299
5290.000	7.500	-43.051	0.301
5300.000	7.500	-43.217	0.305
5310.000	7.500	-43.957	0.295
5320.000	7.500	-43.713	0.295
5330.000	7.500	-43.520	0.312
5340.000	7.500	-43.837	0.297
5350.000	7.500	-43.837	0.297
5360.000	7.500	-44.130	0.306
5370.000	7.500	-44.204	0.296
5380.000	7.500	-44.277	0.301
5390.000	7.500	-44.144	0.301
5400.000	7.500	-44.913	0.300
5410.000	7.500	-44.653	0.297
5420.000	7.500	-44.726	0.297
5430.000	7.500	-45.212	0.297
5440.000	7.500	-45.114	0.301
5450.000	7.500	-45.054	0.300
5460.000	7.500	-45.551	0.302
5470.000	7.500	-45.697	0.306
5480.000	7.500	-45.844	0.308
5490.000	7.500	-46.197	0.295
5500.000	7.500	-45.847	0.314
5510.000	7.500	-45.767	0.300
5520.000	7.500	-46.345	0.297
5530.000	7.500	-46.564	0.297
5540.000	7.500	-46.857	0.292
5550.000	7.500	-47.210	0.301
5560.000	7.500	-47.007	0.300
5570.000	7.500	-46.987	0.301
5580.000	7.500	-47.581	0.300
5590.000	7.500	-47.874	0.296
5600.000	7.500	-48.093	0.300
5610.000	7.500	-48.466	0.302
5620.000	7.500	-48.182	0.297
5630.000	7.500	-47.875	0.310
5640.000	7.500	-48.412	0.297
5650.000	7.500	-48.705	0.301
5660.000	7.500	-48.925	0.300
5670.000	7.500	-49.458	0.301
5680.000	7.500	-49.376	0.317
5690.000	7.500	-49.450	0.294
5700.000	7.500	-49.523	0.301
5710.000	7.500	-49.596	0.300
5720.000	7.500	-49.496	0.301
5730.000	7.500	-50.502	0.312
5740.000	7.500	-50.331	0.295
5750.000	7.500	-50.551	0.302
5760.000	7.500	-50.551	0.299
5770.000	7.500	-50.551	0.306
5780.000	7.500	-50.285	0.306
5790.000	7.500	-51.164	0.294
5800.000	7.500	-51.383	0.297
5810.000	7.500	-51.603	0.299
5820.000	7.500	-51.923	0.303
5830.000	7.500	-51.516	0.319
5840.000	7.500	-51.376	0.297
5850.000	7.500	-52.011	0.299
5860.000	7.500	-52.084	0.302
5870.000	7.500	-52.084	0.302
5880.000	7.500	-52.717	0.305
5890.000	7.500	-52.204	0.306
5900.000	7.500	-52.204	0.306
5910.000	7.500	-52.204	0.303
5920.000	7.500	-52.863	0.292
5930.000	7.500	-52.863	0.292
5940.000	7.500	-53.076	0.292
5950.000	7.500	-53.174	0.299
5960.000	7.500	-53.174	0.299
5970.000	7.500	-53.247	0.310
5980.000	7.500	-53.027	0.296
5990.000	7.500	-53.027	0.296
6000.000	7.500	-53.247	0.295
6010.000	7.500	-53.467	0.297
6020.000	7.500	-53.167	0.307
6030.000	7.500	-53.753	0.284
6040.000	7.500	-53.753	0.308
6050.000	7.500	-53.607	-0.003
6060.000	7.500	-53.533	0.001
6070.000	7.500	-53.607	0.010
6080.000	7.500	-53.400	0.012
6090.000	7.500	-53.758	0.001
6100.000	7.500	-53.978	-0.002
6110.000	7.500	-53.905	-0.002
6120.000	7.500	-53.765	0.003
6130.000	7.500	-53.033	-0.000
6140.000	7.500	-53.325	0.003
6150.000	7.500	-53.399	-0.000
6160.000	7.500	-53.033	-0.002
6170.000	7.500	-53.033	-0.002
6180.000	7.500	-53.532	-0.002
6190.000	7.500	-52.368	-0.000
6200.000	7.500	-52.368	-0.000
6210.000	7.500	-52.295	-0.000
6220.000	7.500	-52.661	-0.004
6230.000	7.500	-52.661	-0.004
6240.000	7.500	-52.222	0.008
6250.000	7.500	-52.222	0.001
6260.000	7.500	-51.955	0.002
6270.000	7.500	-52.460	-0.000
6280.000	7.500	-51.947	0.003
6290.000	7.500	-52.020	0.007
6300.000	7.500	-51.801	-0.000
6310.000	7.500	-51.727	-0.003
6320.000	7.500	-51.241	-0.009
6330.000	7.500	-51.656	0.002
6340.000	7.500	-51.583	0.006
6350.000	7.500	-51.363	0.004
6360.000	7.500	-51.557	-0.002
6370.000	7.500	-50.979	-0.000
6380.000	7.500	-50.992	0.003
6390.000	7.500	-51.236	0.003
6400.000	7.500	-51.309	0.003
6410.000	7.500	-51.163	0.001
6420.000	7.500	-51.356	0.001
6430.000	7.500	-50.795	0.001
6440.000	7.500	-51.014	0.004
6450.000	7.500	-50.868	0.006
6460.000	7.500	-50.941	0.002
6470.000	7.500	-50.402	-0.003
6480.000	7.500	-50.860	0.003
6490.000	7.500	-50.543	0.001
6500.000	7.500	-50.909	0.004
6510.000	7.500	-50.909	0.004
6520.000	7.500	-50.690	0.009
6530.000	7.500	-50.690	0.009
6540.000	7.500	-50.323	-0.002
6550.000	7.500	-50.397	0.003
6560.000	7.500	-50.397	0.003
6570.000	7.500	-50.863	-0.000
6580.000	7.500	-50.464	-0.000
6590.000	7.500	-50.464	-0.000
6600.000	7.500	-50.171	0.010
6610.000	7.500	-50.464	0.001
6620.000	7.500	-50.464	0.001
6630.000	7.500	-50.610	-0.004
6640.000	7.500	-50.830	0.002
6650.000	7.500	-50.830	0.002
6660.000	7.500	-50.757	0.002
6670.000	7.500	-50.464	-0.002
6680.000	7.500	-50.464	-0.002
6690.000	7.500	-50.464	-0.000
6700.000	7.500	-50.684	0.007
6710.000	7.500	-50.684	0.007
6720.000	7.500	-50.537	0.002
6730.000	7.500	-50.391	0.002
6740.000	7.500	-50.391	0.002
6750.000	7.500	-50.684	-0.005
6760.000	7.500	-51.050	0.003
6770.000	7.500	-51.050	0.003
6780.000	7.500	-50.977	0.002
6790.000	7.500	-50.610	-0.002
6800.000	7.500	-50.610	-0.002
6810.000	7.500	-50.830	0.003
6820.000	7.500	-51.050	0.007
6830.000	7.500	-51.050	0.007
6840.000	7.500	-51.050	0.003
6850.000	7.500	-51.050	-0.002
6860.000	7.500	-51.050	-0.002
6870.000	7.500	-51.050	0.003
6880.000	7.500	-51.270	0.002
6890.000	7.500	-51.270	0.002
6900.000	7.500	-51.270	0.001
6910.000	7.500	-51.123	0.006
6920.000	7.500	-51.123	0.006
6930.000	7.500	-51.196	0.002
6940.000	7.500	-51.196	0.004
6950.000	7.500	-51.196	0.004
6960.000	7.500	-50.977	-0.000
6970.000	7.500	-51.123	0.008
6980.000	7.500	-51.123	0.008
6990.000	7.500	-51.196	0.004
7000.000	7.500	-51.196	0.004
7010.000	7.500	-51.196	0.004
7020.000	7.500	-50.977	0.001
