%Time [ms]	Commanded Torque [mNm]	Angular Velocity [RPM]	Actual Current [Amp]	%10/21/20211:45 PM
0.000	0.000	0.000	0.000
20.000	5.000	0.000	0.003
30.000	5.000	0.000	0.006
40.000	5.000	0.000	0.003
50.000	5.000	0.000	0.003
60.000	5.000	0.000	-0.008
70.000	5.000	0.000	-0.002
80.000	5.000	0.000	-0.002
90.000	5.000	0.000	0.004
100.000	5.000	0.000	0.004
110.000	5.000	0.000	0.004
120.000	5.000	0.000	0.006
130.000	5.000	0.000	0.002
140.000	5.000	0.000	0.002
150.000	5.000	0.000	0.009
160.000	5.000	0.000	0.008
170.000	5.000	0.000	0.008
180.000	5.000	0.000	-0.000
190.000	5.000	0.000	0.002
200.000	5.000	0.000	0.003
210.000	5.000	0.000	-0.004
220.000	5.000	0.000	0.007
230.000	5.000	0.000	0.002
240.000	5.000	0.000	0.002
250.000	5.000	0.000	0.001
260.000	5.000	0.000	0.001
270.000	5.000	0.000	0.001
280.000	5.000	0.000	0.007
290.000	5.000	0.000	0.007
300.000	5.000	0.000	0.007
310.000	5.000	0.000	-0.002
320.000	5.000	0.000	-0.002
330.000	5.000	0.000	0.008
340.000	5.000	0.000	0.001
350.000	5.000	0.000	0.001
360.000	5.000	0.000	0.001
370.000	5.000	0.000	0.004
380.000	5.000	0.000	0.004
390.000	5.000	0.000	0.008
400.000	5.000	0.000	-0.002
410.000	5.000	0.000	-0.002
420.000	5.000	0.000	-0.000
430.000	5.000	0.000	0.006
440.000	5.000	0.000	0.006
450.000	5.000	0.000	-0.000
460.000	5.000	0.000	-0.000
470.000	5.000	0.000	-0.000
480.000	5.000	0.000	0.004
490.000	5.000	0.000	-0.002
500.000	5.000	0.000	-0.002
510.000	5.000	0.000	-0.002
520.000	5.000	0.000	0.003
530.000	5.000	0.000	0.003
540.000	5.000	0.000	0.006
550.000	5.000	0.000	-0.000
560.000	5.000	0.000	-0.000
570.000	5.000	0.000	0.007
580.000	5.000	0.000	-0.003
590.000	5.000	0.000	-0.003
600.000	5.000	0.000	-0.002
610.000	5.000	0.000	-0.003
620.000	5.000	0.000	-0.003
630.000	5.000	0.000	0.008
640.000	5.000	0.000	0.001
650.000	5.000	0.000	0.001
660.000	5.000	0.000	-0.003
670.000	5.000	0.000	0.009
680.000	5.000	0.000	0.009
690.000	5.000	0.000	0.002
700.000	5.000	0.000	0.001
710.000	5.000	0.000	0.001
720.000	5.000	0.000	-0.002
730.000	5.000	0.000	0.002
740.000	5.000	0.000	0.002
750.000	5.000	0.000	0.001
760.000	5.000	0.000	0.003
770.000	5.000	0.000	0.004
780.000	5.000	0.000	0.007
790.000	5.000	0.000	0.001
800.000	5.000	0.000	-0.000
810.000	5.000	0.000	0.006
820.000	5.000	0.000	0.003
830.000	5.000	0.000	0.001
840.000	5.000	0.000	-0.002
850.000	5.000	0.000	-0.002
860.000	5.000	0.000	0.003
870.000	5.000	0.000	0.010
880.000	5.000	0.000	0.002
890.000	5.000	0.000	-0.000
900.000	5.000	0.000	0.001
910.000	5.000	0.000	0.004
920.000	5.000	0.000	0.010
930.000	5.000	0.000	-0.000
940.000	5.000	0.000	-0.003
950.000	5.000	0.000	0.004
960.000	5.000	0.000	0.003
970.000	5.000	0.000	0.009
980.000	5.000	0.000	0.002
990.000	5.000	0.000	-0.000
1000.000	5.000	0.000	-0.000
1010.000	5.000	0.000	0.006
1020.000	5.000	0.000	0.004
1030.000	5.000	0.000	0.003
1040.000	5.000	0.000	0.195
1050.000	5.000	0.000	0.195
1060.000	5.000	0.000	0.207
1070.000	5.000	0.000	0.195
1080.000	5.000	0.000	0.195
1090.000	5.000	-0.073	0.197
1100.000	5.000	-0.073	0.200
1110.000	5.000	-0.155	0.198
1120.000	5.000	-0.228	0.200
1130.000	5.000	-0.228	0.195
1140.000	5.000	-0.301	0.192
1150.000	5.000	-0.374	0.201
1160.000	5.000	-0.448	0.201
1170.000	5.000	-0.521	0.195
1180.000	5.000	-0.594	0.197
1190.000	5.000	-0.594	0.197
1200.000	5.000	-0.741	0.198
1210.000	5.000	-0.879	0.191
1220.000	5.000	-0.879	0.191
1230.000	5.000	-1.025	0.200
1240.000	5.000	-1.245	0.198
1250.000	5.000	-1.245	0.198
1260.000	5.000	-1.318	0.202
1270.000	5.000	-1.465	0.195
1280.000	5.000	-1.538	0.197
1290.000	5.000	-1.538	0.197
1300.000	5.000	-1.538	0.201
1310.000	5.000	-1.525	0.200
1320.000	5.000	-1.622	0.190
1330.000	5.000	-1.622	0.196
1340.000	5.000	-1.622	0.196
1350.000	5.000	-1.769	0.201
1360.000	5.000	-1.989	0.194
1370.000	5.000	-1.989	0.194
1380.000	5.000	-2.062	0.196
1390.000	5.000	-2.135	0.201
1400.000	5.000	-2.188	0.201
1410.000	5.000	-2.218	0.200
1420.000	5.000	-2.120	0.195
1430.000	5.000	-2.174	0.194
1440.000	5.000	-2.198	0.202
1450.000	5.000	-2.125	0.203
1460.000	5.000	-2.098	0.202
1470.000	5.000	-2.285	0.191
1480.000	5.000	-2.359	0.195
1490.000	5.000	-2.339	0.201
1500.000	5.000	-2.464	0.202
1510.000	5.000	-2.521	0.209
1520.000	5.000	-2.641	0.189
1530.000	5.000	-2.767	0.196
1540.000	5.000	-3.109	0.201
1550.000	5.000	-3.109	0.201
1560.000	5.000	-3.209	0.201
1570.000	5.000	-3.021	0.197
1580.000	5.000	-3.021	0.197
1590.000	5.000	-3.041	0.198
1600.000	5.000	-3.082	0.201
1610.000	5.000	-3.082	0.201
1620.000	5.000	-3.328	0.212
1630.000	5.000	-3.369	0.206
1640.000	5.000	-3.369	0.206
1650.000	5.000	-3.296	0.202
1660.000	5.000	-3.442	0.178
1670.000	5.000	-3.442	0.178
1680.000	5.000	-3.662	0.194
1690.000	5.000	-3.882	0.203
1700.000	5.000	-3.955	0.203
1710.000	5.000	-3.735	0.197
1720.000	5.000	-3.735	0.197
1730.000	5.000	-3.702	0.198
1740.000	5.000	-3.824	0.200
1750.000	5.000	-3.971	0.200
1760.000	5.000	-4.011	0.202
1770.000	5.000	-3.897	0.194
1780.000	5.000	-3.750	0.195
1790.000	5.000	-3.710	0.200
1800.000	5.000	-3.995	0.200
1810.000	5.000	-4.142	0.194
1820.000	5.000	-4.181	0.191
1830.000	5.000	-4.174	0.200
1840.000	5.000	-4.052	0.200
1850.000	5.000	-3.939	0.201
1860.000	5.000	-4.176	0.197
1870.000	5.000	-4.289	0.191
1880.000	5.000	-4.323	0.200
1890.000	5.000	-4.412	0.202
1900.000	5.000	-4.273	0.200
1910.000	5.000	-4.433	0.197
1920.000	5.000	-4.588	0.190
1930.000	5.000	-4.629	0.200
1940.000	5.000	-4.596	0.201
1950.000	5.000	-4.766	0.200
1960.000	5.000	-4.782	0.194
1970.000	5.000	-4.809	0.190
1980.000	5.000	-4.898	0.202
1990.000	5.000	-4.849	0.200
2000.000	5.000	-5.002	0.201
2010.000	5.000	-4.972	0.192
2020.000	5.000	-4.850	0.191
2030.000	5.000	-4.884	0.201
2040.000	5.000	-5.039	0.203
2050.000	5.000	-5.055	0.203
2060.000	5.000	-5.002	0.195
2070.000	5.000	-5.024	0.202
2080.000	5.000	-5.342	0.198
2090.000	5.000	-5.342	0.198
2100.000	5.000	-5.262	0.197
2110.000	5.000	-5.205	0.191
2120.000	5.000	-5.205	0.191
2130.000	5.000	-5.318	0.201
2140.000	5.000	-5.415	0.202
2150.000	5.000	-5.415	0.202
2160.000	5.000	-5.396	0.194
2170.000	5.000	-5.420	0.196
2180.000	5.000	-5.640	0.201
2190.000	5.000	-5.477	0.203
2200.000	5.000	-5.330	0.200
2210.000	5.000	-5.290	0.194
2220.000	5.000	-5.583	0.194
2230.000	5.000	-5.730	0.198
2240.000	5.000	-5.537	0.202
2250.000	5.000	-5.594	0.201
2260.000	5.000	-5.887	0.197
2270.000	5.000	-5.907	0.194
2280.000	5.000	-5.663	0.202
2290.000	5.000	-5.532	0.205
2300.000	5.000	-5.759	0.195
2310.000	5.000	-6.092	0.197
2320.000	5.000	-5.872	0.198
2330.000	5.000	-5.745	0.203
2340.000	5.000	-6.093	0.200
2350.000	5.000	-6.109	0.197
2360.000	5.000	-5.770	0.194
2370.000	5.000	-5.807	0.194
2380.000	5.000	-6.051	0.201
2390.000	5.000	-6.211	0.201
2400.000	5.000	-6.115	0.201
2410.000	5.000	-6.188	0.196
2420.000	5.000	-6.408	0.192
2430.000	5.000	-6.445	0.200
2440.000	5.000	-6.070	0.202
2450.000	5.000	-6.290	0.198
2460.000	5.000	-6.483	0.196
2470.000	5.000	-6.499	0.201
2480.000	5.000	-6.433	0.202
2490.000	5.000	-6.729	0.200
2500.000	5.000	-6.672	0.202
2510.000	5.000	-6.379	0.194
2520.000	5.000	-6.305	0.190
2530.000	5.000	-6.541	0.202
2540.000	5.000	-6.701	0.200
2550.000	5.000	-6.628	0.200
2560.000	5.000	-6.921	0.195
2570.000	5.000	-6.848	0.197
2580.000	5.000	-6.768	0.203
2590.000	5.000	-6.605	0.201
2600.000	5.000	-6.758	0.194
2610.000	5.000	-6.897	0.197
2620.000	5.000	-6.970	0.196
2630.000	5.000	-7.043	0.201
2640.000	5.000	-6.957	0.201
2650.000	5.000	-6.737	0.197
2660.000	5.000	-6.584	0.205
2670.000	5.000	-6.803	0.198
2680.000	5.000	-6.803	0.203
2690.000	5.000	-6.950	0.201
2700.000	5.000	-7.016	0.198
2710.000	5.000	-6.951	0.200
2720.000	5.000	-6.752	0.200
2730.000	5.000	-6.849	0.202
2740.000	5.000	-6.922	0.198
2750.000	5.000	-7.069	0.194
2760.000	5.000	-7.222	0.196
2770.000	5.000	-7.149	0.201
2780.000	5.000	-7.096	0.201
2790.000	5.000	-6.949	0.198
2800.000	5.000	-7.096	0.196
2810.000	5.000	-7.096	0.197
2820.000	5.000	-7.442	0.201
2830.000	5.000	-7.344	0.201
2840.000	5.000	-7.291	0.200
2850.000	5.000	-7.364	0.194
2860.000	5.000	-7.291	0.200
2870.000	5.000	-7.291	0.203
2880.000	5.000	-7.417	0.200
2890.000	5.000	-7.637	0.201
2900.000	5.000	-7.358	0.195
2910.000	5.000	-7.423	0.196
2920.000	5.000	-7.349	0.201
2930.000	5.000	-7.203	0.198
2940.000	5.000	-7.403	0.201
2950.000	5.000	-7.622	0.207
2960.000	5.000	-7.476	0.196
2970.000	5.000	-7.403	0.198
2980.000	5.000	-7.476	0.200
2990.000	5.000	-7.256	0.203
3000.000	5.000	-7.389	0.197
3010.000	5.000	-7.544	0.205
3020.000	5.000	-7.617	0.200
3030.000	5.000	-7.471	0.200
3040.000	5.000	-7.397	0.197
3050.000	5.000	-7.244	0.197
3060.000	5.000	-7.244	0.198
3070.000	5.000	-7.391	0.198
3080.000	5.000	-7.611	0.197
3090.000	5.000	-7.537	0.200
3100.000	5.000	-7.464	0.194
3110.000	5.000	-7.524	0.198
3120.000	5.000	-7.377	0.195
3130.000	5.000	-7.597	0.201
3140.000	5.000	-7.890	0.195
3150.000	5.000	-7.677	0.194
3160.000	5.000	-7.604	0.195
3170.000	5.000	-7.804	0.200
3180.000	5.000	-7.584	0.201
3190.000	5.000	-7.730	0.195
3200.000	5.000	-8.170	0.201
3210.000	5.000	-7.890	0.196
3220.000	5.000	-7.817	0.202
3230.000	5.000	-7.877	0.203
3240.000	5.000	-7.739	0.197
3250.000	5.000	-7.958	0.196
3260.000	5.000	-8.251	0.196
3270.000	5.000	-7.905	0.200
3280.000	5.000	-7.905	0.201
3290.000	5.000	-8.031	0.192
3300.000	5.000	-7.665	0.196
3310.000	5.000	-7.958	0.194
3320.000	5.000	-8.251	0.201
3330.000	5.000	-7.972	0.198
3340.000	5.000	-7.890	0.200
3350.000	5.000	-7.950	0.191
3360.000	5.000	-7.730	0.195
3370.000	5.000	-8.097	0.197
3380.000	5.000	-8.170	0.200
3390.000	5.000	-7.897	0.195
3400.000	5.000	-7.970	0.195
3410.000	5.000	-7.890	0.178
3420.000	5.000	-7.752	0.201
3430.000	5.000	-8.265	0.201
3440.000	5.000	-8.265	0.194
3450.000	5.000	-7.985	0.194
3460.000	5.000	-8.205	0.196
3470.000	5.000	-7.985	0.200
3480.000	5.000	-7.993	0.201
3490.000	5.000	-8.359	0.198
3500.000	5.000	-8.286	0.190
3510.000	5.000	-8.146	0.214
3520.000	5.000	-8.285	0.205
3530.000	5.000	-7.918	0.200
3540.000	5.000	-8.162	0.196
3550.000	5.000	-8.529	0.195
3560.000	5.000	-8.176	0.195
3570.000	5.000	-8.339	0.200
3580.000	5.000	-8.477	0.201
3590.000	5.000	-8.117	0.201
3600.000	5.000	-8.443	0.195
3610.000	5.000	-8.589	0.195
3620.000	5.000	-8.236	0.201
3630.000	5.000	-8.562	0.202
3640.000	5.000	-8.391	0.196
3650.000	5.000	-8.171	0.191
3660.000	5.000	-8.793	0.203
3670.000	5.000	-8.557	0.202
3680.000	5.000	-8.337	0.202
3690.000	5.000	-8.729	0.195
3700.000	5.000	-8.404	0.198
3710.000	5.000	-8.530	0.194
3720.000	5.000	-8.826	0.202
3730.000	5.000	-8.427	0.206
3740.000	5.000	-8.554	0.195
3750.000	5.000	-8.717	0.200
3760.000	5.000	-8.375	0.186
3770.000	5.000	-8.714	0.203
3780.000	5.000	-8.714	0.202
3790.000	5.000	-8.462	0.202
3800.000	5.000	-8.662	0.194
3810.000	5.000	-8.543	0.196
3820.000	5.000	-8.747	0.201
3830.000	5.000	-8.820	0.201
3840.000	5.000	-8.702	0.194
3850.000	5.000	-8.832	0.195
3860.000	5.000	-8.685	0.195
3870.000	5.000	-8.745	0.203
3880.000	5.000	-8.964	0.200
3890.000	5.000	-8.825	0.197
3900.000	5.000	-8.950	0.198
3910.000	5.000	-8.942	0.189
3920.000	5.000	-8.709	0.198
3930.000	5.000	-9.116	0.201
3940.000	5.000	-8.961	0.200
3950.000	5.000	-8.802	0.197
3960.000	5.000	-9.127	0.207
3970.000	5.000	-8.875	0.203
3980.000	5.000	-9.055	0.200
3990.000	5.000	-9.121	0.198
4000.000	5.000	-8.869	0.191
4010.000	5.000	-8.995	0.192
4020.000	5.000	-9.025	0.200
4030.000	5.000	-9.058	0.201
4040.000	5.000	-9.131	0.201
4050.000	5.000	-9.079	0.196
4060.000	5.000	-9.120	0.195
4070.000	5.000	-9.113	0.202
4080.000	5.000	-9.283	0.201
4090.000	5.000	-9.357	0.202
4100.000	5.000	-9.283	0.196
4110.000	5.000	-9.572	0.219
4120.000	5.000	-9.482	0.200
4130.000	5.000	-9.376	0.203
4140.000	5.000	-9.538	0.208
4150.000	5.000	-9.530	0.198
4160.000	5.000	-9.430	0.195
4170.000	5.000	-9.608	0.198
4180.000	5.000	-9.551	0.200
4190.000	5.000	-9.478	0.202
4200.000	5.000	-9.722	0.196
4210.000	5.000	-9.527	0.190
4220.000	5.000	-9.587	0.201
4230.000	5.000	-9.823	0.200
4240.000	5.000	-9.661	0.201
4250.000	5.000	-9.854	0.196
4260.000	5.000	-9.913	0.189
4270.000	5.000	-9.962	0.200
4280.000	5.000	-9.782	0.203
4290.000	5.000	-9.945	0.200
4300.000	5.000	-10.067	0.197
4310.000	5.000	-9.907	0.192
4320.000	5.000	-10.425	0.198
4330.000	5.000	-10.002	0.202
4340.000	5.000	-10.135	0.201
4350.000	5.000	-10.357	0.196
4360.000	5.000	-10.324	0.198
4370.000	5.000	-10.431	0.201
4380.000	5.000	-10.261	0.197
4390.000	5.000	-10.464	0.190
4400.000	5.000	-10.298	0.195
4410.000	5.000	-10.897	0.194
4420.000	5.000	-10.319	0.202
4430.000	5.000	-10.439	0.201
4440.000	5.000	-10.794	0.205
4450.000	5.000	-10.672	0.197
4460.000	5.000	-10.712	0.195
4470.000	5.000	-10.556	0.200
4480.000	5.000	-10.906	0.203
4490.000	5.000	-10.740	0.200
4500.000	5.000	-11.191	0.201
4510.000	5.000	-10.605	0.201
4520.000	5.000	-10.932	0.200
4530.000	5.000	-11.072	0.201
4540.000	5.000	-11.170	0.205
4550.000	5.000	-10.937	0.195
4560.000	5.000	-11.174	0.198
4570.000	5.000	-11.222	0.197
4580.000	5.000	-11.242	0.202
4590.000	5.000	-11.368	0.200
4600.000	5.000	-11.083	0.196
4610.000	5.000	-11.270	0.195
4620.000	5.000	-11.603	0.200
4630.000	5.000	-11.489	0.200
4640.000	5.000	-11.236	0.201
4650.000	5.000	-11.591	0.198
4660.000	5.000	-11.607	0.194
4670.000	5.000	-11.580	0.197
4680.000	5.000	-11.617	0.201
4690.000	5.000	-11.658	0.201
4700.000	5.000	-11.891	0.198
4710.000	5.000	-11.965	0.195
4720.000	5.000	-11.672	0.194
4730.000	5.000	-11.712	0.200
4740.000	5.000	-12.193	0.203
4750.000	5.000	-11.998	0.202
4760.000	5.000	-11.878	0.195
4770.000	5.000	-12.100	0.196
4780.000	5.000	-12.336	0.200
4790.000	5.000	-12.169	0.203
4800.000	5.000	-12.302	0.198
4810.000	5.000	-12.555	0.190
4820.000	5.000	-12.555	0.190
4830.000	5.000	-12.515	0.201
4840.000	5.000	-12.726	0.198
4850.000	5.000	-12.726	0.198
4860.000	5.000	-12.773	0.196
4870.000	5.000	-12.504	0.197
4880.000	5.000	-12.504	0.197
4890.000	5.000	-13.110	0.203
4900.000	5.000	-13.037	0.198
4910.000	5.000	-13.037	0.198
4920.000	5.000	-12.817	0.196
4930.000	5.000	-13.110	0.201
4940.000	5.000	-13.110	0.201
4950.000	5.000	-13.037	0.202
4960.000	5.000	-13.184	0.196
4970.000	5.000	-13.184	0.196
4980.000	5.000	-13.403	0.195
4990.000	5.000	-13.257	0.203
5000.000	5.000	-13.696	0.200
5010.000	5.000	-13.550	0.202
5020.000	5.000	-13.623	0.194
5030.000	5.000	-13.623	0.197
5040.000	5.000	-13.599	0.207
5050.000	5.000	-13.818	0.203
5060.000	5.000	-13.965	0.205
5070.000	5.000	-13.965	0.197
5080.000	5.000	-14.038	0.194
5090.000	5.000	-13.978	0.201
5100.000	5.000	-14.060	0.172
5110.000	5.000	-14.279	0.201
5120.000	5.000	-14.353	0.196
5130.000	5.000	-14.426	0.197
5140.000	5.000	-14.597	0.196
5150.000	5.000	-14.457	0.202
5160.000	5.000	-14.563	0.201
5170.000	5.000	-14.782	0.197
5180.000	5.000	-14.643	0.198
5190.000	5.000	-15.264	0.196
5200.000	5.000	-14.963	0.202
5210.000	5.000	-14.890	0.203
5220.000	5.000	-15.451	0.197
5230.000	5.000	-15.231	0.195
5240.000	5.000	-15.305	0.200
5250.000	5.000	-15.941	0.197
5260.000	5.000	-15.469	0.200
5270.000	5.000	-15.762	0.196
5280.000	5.000	-16.121	0.192
5290.000	5.000	-15.560	0.198
5300.000	5.000	-15.846	0.201
5310.000	5.000	-16.416	0.201
5320.000	5.000	-16.001	0.196
5330.000	5.000	-16.221	0.195
5340.000	5.000	-16.514	0.209
5350.000	5.000	-16.090	0.198
5360.000	5.000	-16.503	0.185
5370.000	5.000	-16.601	0.198
5380.000	5.000	-16.601	0.196
5390.000	5.000	-17.040	0.196
5400.000	5.000	-16.974	0.205
5410.000	5.000	-16.697	0.200
5420.000	5.000	-16.957	0.200
5430.000	5.000	-17.209	0.195
5440.000	5.000	-17.136	0.195
5450.000	5.000	-17.282	0.202
5460.000	5.000	-17.382	0.206
5470.000	5.000	-17.724	0.198
5480.000	5.000	-17.431	0.197
5490.000	5.000	-17.553	0.198
5500.000	5.000	-18.066	0.203
5510.000	5.000	-18.139	0.198
5520.000	5.000	-18.392	0.200
5530.000	5.000	-18.140	0.196
5540.000	5.000	-18.359	0.196
5550.000	5.000	-18.579	0.198
5560.000	5.000	-18.652	0.198
5570.000	5.000	-18.532	0.198
5580.000	5.000	-18.777	0.196
5590.000	5.000	-18.801	0.195
5600.000	5.000	-18.874	0.195
5610.000	5.000	-19.021	0.203
5620.000	5.000	-19.167	0.201
5630.000	5.000	-19.360	0.194
5640.000	5.000	-19.816	0.197
5650.000	5.000	-19.596	0.192
5660.000	5.000	-19.743	0.202
5670.000	5.000	-19.863	0.200
5680.000	5.000	-20.131	0.156
5690.000	5.000	-20.284	0.196
5700.000	5.000	-20.349	0.197
5710.000	5.000	-20.569	0.202
5720.000	5.000	-20.276	0.202
5730.000	5.000	-20.669	0.203
5740.000	5.000	-20.287	0.198
5750.000	5.000	-20.726	0.195
5760.000	5.000	-20.946	0.202
5770.000	5.000	-21.019	0.200
5780.000	5.000	-21.172	0.202
5790.000	5.000	-21.402	0.196
5800.000	5.000	-21.629	0.198
5810.000	5.000	-21.483	0.195
5820.000	5.000	-21.922	0.198
5830.000	5.000	-21.849	0.202
5840.000	5.000	-22.202	0.196
5850.000	5.000	-22.121	0.194
5860.000	5.000	-22.340	0.194
5870.000	5.000	-22.267	0.200
5880.000	5.000	-22.553	0.200
5890.000	5.000	-22.244	0.200
5900.000	5.000	-22.297	0.197
5910.000	5.000	-22.525	0.192
5920.000	5.000	-22.745	0.198
5930.000	5.000	-22.965	0.205
5940.000	5.000	-23.125	0.200
5950.000	5.000	-23.206	0.196
5960.000	5.000	-23.179	0.195
5970.000	5.000	-23.570	0.198
5980.000	5.000	-23.716	0.202
5990.000	5.000	-24.009	0.201
6000.000	5.000	-24.176	0.194
6010.000	5.000	-24.168	0.192
6020.000	5.000	-24.001	0.203
6030.000	5.000	-24.254	0.203
6040.000	5.000	-24.327	0.200
6050.000	5.000	-24.473	0.004
6060.000	5.000	-24.500	0.017
6070.000	5.000	-24.475	0.001
6080.000	5.000	-24.242	0.006
6090.000	5.000	-24.584	0.002
6100.000	5.000	-24.438	0.001
6110.000	5.000	-24.731	0.006
6120.000	5.000	-24.677	-0.000
6130.000	5.000	-24.645	0.004
6140.000	5.000	-24.645	0.004
6150.000	5.000	-25.084	0.002
6160.000	5.000	-25.084	-0.003
6170.000	5.000	-25.084	-0.003
6180.000	5.000	-25.098	0.004
6190.000	5.000	-24.976	0.006
6200.000	5.000	-24.976	0.006
6210.000	5.000	-24.976	0.002
6220.000	5.000	-24.902	-0.000
6230.000	5.000	-24.902	-0.000
6240.000	5.000	-24.902	0.006
6250.000	5.000	-24.756	0.018
6260.000	5.000	-24.756	0.018
6270.000	5.000	-24.536	0.003
6280.000	5.000	-24.463	0.004
6290.000	5.000	-24.463	0.004
6300.000	5.000	-24.756	-0.000
6310.000	5.000	-24.756	0.001
6320.000	5.000	-24.756	0.001
6330.000	5.000	-24.609	0.001
6340.000	5.000	-24.756	0.002
6350.000	5.000	-24.756	0.002
6360.000	5.000	-24.829	0.003
6370.000	5.000	-24.829	0.002
6380.000	5.000	-24.829	0.002
6390.000	5.000	-24.756	0.002
6400.000	5.000	-24.609	0.004
6410.000	5.000	-24.463	0.002
6420.000	5.000	-24.512	0.003
6430.000	5.000	-24.512	0.002
6440.000	5.000	-24.139	0.001
6450.000	5.000	-24.399	0.001
6460.000	5.000	-24.326	0.002
6470.000	5.000	-24.186	0.001
6480.000	5.000	-24.154	-0.002
6490.000	5.000	-24.300	-0.002
6500.000	5.000	-24.007	-0.003
6510.000	5.000	-24.414	-0.004
6520.000	5.000	-24.072	0.004
6530.000	5.000	-23.992	0.001
6540.000	5.000	-24.251	0.001
6550.000	5.000	-23.991	0.002
6560.000	5.000	-23.698	0.003
6570.000	5.000	-24.253	0.004
6580.000	5.000	-23.919	0.006
6590.000	5.000	-23.846	0.006
6600.000	5.000	-23.919	0.002
6610.000	5.000	-23.659	0.007
6620.000	5.000	-23.512	0.004
6630.000	5.000	-23.853	-0.002
6640.000	5.000	-23.527	0.010
6650.000	5.000	-23.527	-0.002
6660.000	5.000	-23.600	0.004
6670.000	5.000	-23.258	0.003
6680.000	5.000	-23.258	0.006
6690.000	5.000	-23.185	0.001
6700.000	5.000	-23.039	-0.002
6710.000	5.000	-23.039	-0.002
6720.000	5.000	-23.185	0.001
6730.000	5.000	-22.925	0.004
6740.000	5.000	-22.925	0.004
6750.000	5.000	-22.778	-0.000
6760.000	5.000	-22.852	0.004
6770.000	5.000	-22.572	0.003
6780.000	5.000	-22.824	0.002
6790.000	5.000	-22.604	0.003
6800.000	5.000	-22.678	0.003
6810.000	5.000	-22.458	0.003
6820.000	5.000	-22.385	0.004
6830.000	5.000	-22.118	0.003
6840.000	5.000	-22.135	0.001
6850.000	5.000	-21.915	0.003
6860.000	5.000	-21.768	0.001
6870.000	5.000	-21.975	0.002
6880.000	5.000	-21.576	0.003
6890.000	5.000	-21.516	0.003
6900.000	5.000	-21.451	0.003
6910.000	5.000	-21.671	0.003
6920.000	5.000	-21.378	0.001
6930.000	5.000	-21.571	0.003
6940.000	5.000	-21.042	0.004
6950.000	5.000	-20.995	0.003
6960.000	5.000	-21.077	0.004
6970.000	5.000	-20.930	-0.000
6980.000	5.000	-20.857	0.002
6990.000	5.000	-20.844	0.007
7000.000	5.000	-20.836	0.001
7010.000	5.000	-20.369	0.002
7020.000	5.000	-20.671	0.003
