%Time [ms]	Commanded Torque [mNm]	Angular Velocity [RPM]	Actual Current [Amp]	%10/21/20211:46 PM
0.000	0.000	0.000	0.000
20.000	10.000	-0.073	0.003
30.000	10.000	0.000	-0.000
40.000	10.000	0.000	0.001
50.000	10.000	0.000	0.003
60.000	10.000	0.000	0.004
70.000	10.000	0.000	0.003
80.000	10.000	0.000	-0.005
90.000	10.000	0.000	0.003
100.000	10.000	0.000	0.006
110.000	10.000	0.000	0.007
120.000	10.000	0.000	0.001
130.000	10.000	0.000	-0.003
140.000	10.000	0.000	0.003
150.000	10.000	0.000	0.003
160.000	10.000	0.000	0.002
170.000	10.000	0.000	-0.000
180.000	10.000	0.000	0.002
190.000	10.000	0.000	0.002
200.000	10.000	0.000	0.001
210.000	10.000	0.000	0.001
220.000	10.000	0.000	0.003
230.000	10.000	0.000	0.002
240.000	10.000	0.000	0.002
250.000	10.000	0.000	0.003
260.000	10.000	0.000	0.004
270.000	10.000	0.000	0.007
280.000	10.000	0.000	0.006
290.000	10.000	0.000	0.001
300.000	10.000	0.000	-0.002
310.000	10.000	0.000	0.004
320.000	10.000	0.000	0.003
330.000	10.000	0.000	-0.002
340.000	10.000	0.000	0.002
350.000	10.000	0.000	0.004
360.000	10.000	0.000	0.006
370.000	10.000	0.000	0.003
380.000	10.000	0.000	-0.000
390.000	10.000	0.000	-0.002
400.000	10.000	0.000	0.006
410.000	10.000	0.000	0.004
420.000	10.000	0.000	0.006
430.000	10.000	0.000	0.001
440.000	10.000	0.000	0.003
450.000	10.000	0.000	0.009
460.000	10.000	0.000	0.002
470.000	10.000	0.000	0.001
480.000	10.000	0.000	0.002
490.000	10.000	0.000	0.006
500.000	10.000	0.000	0.008
510.000	10.000	0.000	0.001
520.000	10.000	0.000	0.001
530.000	10.000	0.000	0.001
540.000	10.000	0.000	0.002
550.000	10.000	0.000	0.003
560.000	10.000	0.000	-0.002
570.000	10.000	0.000	0.007
580.000	10.000	0.000	-0.003
590.000	10.000	0.000	0.001
600.000	10.000	0.000	0.003
610.000	10.000	0.000	0.004
620.000	10.000	0.000	0.004
630.000	10.000	0.000	0.004
640.000	10.000	0.000	-0.000
650.000	10.000	0.000	-0.004
660.000	10.000	0.000	0.007
670.000	10.000	0.000	0.009
680.000	10.000	0.000	0.006
690.000	10.000	0.000	-0.002
700.000	10.000	0.000	-0.002
710.000	10.000	0.000	0.003
720.000	10.000	0.000	0.002
730.000	10.000	0.000	-0.002
740.000	10.000	0.000	-0.000
750.000	10.000	0.000	0.004
760.000	10.000	0.000	0.006
770.000	10.000	0.000	0.003
780.000	10.000	0.000	0.001
790.000	10.000	0.000	0.008
800.000	10.000	0.000	0.003
810.000	10.000	0.000	-0.000
820.000	10.000	0.000	0.002
830.000	10.000	0.000	-0.005
840.000	10.000	0.000	0.004
850.000	10.000	0.000	0.002
860.000	10.000	0.000	-0.003
870.000	10.000	0.000	0.001
880.000	10.000	0.000	0.006
890.000	10.000	0.000	0.006
900.000	10.000	0.000	-0.002
910.000	10.000	0.000	-0.000
920.000	10.000	0.000	-0.002
930.000	10.000	0.000	0.002
940.000	10.000	0.000	0.006
950.000	10.000	0.000	0.001
960.000	10.000	0.000	0.001
970.000	10.000	0.000	0.013
980.000	10.000	0.000	0.008
990.000	10.000	0.000	-0.000
1000.000	10.000	0.000	-0.002
1010.000	10.000	0.000	0.004
1020.000	10.000	0.000	-0.007
1030.000	10.000	0.000	0.002
1040.000	10.000	0.000	0.386
1050.000	10.000	-0.067	0.391
1060.000	10.000	-0.067	0.397
1070.000	10.000	-0.140	0.397
1080.000	10.000	-0.206	0.399
1090.000	10.000	-0.288	0.391
1100.000	10.000	-0.361	0.394
1110.000	10.000	-0.428	0.397
1120.000	10.000	-0.590	0.396
1130.000	10.000	-0.664	0.389
1140.000	10.000	-0.797	0.390
1150.000	10.000	-0.893	0.396
1160.000	10.000	-1.039	0.396
1170.000	10.000	-1.166	0.391
1180.000	10.000	-1.344	0.394
1190.000	10.000	-1.628	0.396
1200.000	10.000	-1.888	0.396
1210.000	10.000	-2.147	0.396
1220.000	10.000	-2.277	0.389
1230.000	10.000	-2.404	0.397
1240.000	10.000	-2.677	0.395
1250.000	10.000	-2.881	0.396
1260.000	10.000	-3.267	0.390
1270.000	10.000	-3.556	0.393
1280.000	10.000	-3.678	0.402
1290.000	10.000	-3.644	0.397
1300.000	10.000	-3.718	0.397
1310.000	10.000	-3.906	0.393
1320.000	10.000	-4.212	0.397
1330.000	10.000	-4.582	0.400
1340.000	10.000	-4.687	0.396
1350.000	10.000	-4.921	0.390
1360.000	10.000	-5.202	0.393
1370.000	10.000	-5.226	0.396
1380.000	10.000	-5.326	0.395
1390.000	10.000	-5.725	0.393
1400.000	10.000	-6.124	0.400
1410.000	10.000	-6.144	0.395
1420.000	10.000	-6.359	0.404
1430.000	10.000	-6.741	0.397
1440.000	10.000	-6.761	0.393
1450.000	10.000	-6.813	0.399
1460.000	10.000	-6.951	0.394
1470.000	10.000	-7.171	0.402
1480.000	10.000	-7.600	0.389
1490.000	10.000	-7.893	0.391
1500.000	10.000	-7.687	0.397
1510.000	10.000	-8.049	0.400
1520.000	10.000	-8.188	0.399
1530.000	10.000	-8.034	0.393
1540.000	10.000	-8.804	0.400
1550.000	10.000	-8.885	0.393
1560.000	10.000	-8.799	0.396
1570.000	10.000	-9.287	0.382
1580.000	10.000	-9.344	0.400
1590.000	10.000	-9.450	0.395
1600.000	10.000	-9.746	0.397
1610.000	10.000	-10.023	0.396
1620.000	10.000	-9.937	0.395
1630.000	10.000	-10.602	0.401
1640.000	10.000	-10.179	0.396
1650.000	10.000	-10.545	0.400
1660.000	10.000	-10.852	0.393
1670.000	10.000	-10.949	0.394
1680.000	10.000	-10.996	0.396
1690.000	10.000	-11.085	0.394
1700.000	10.000	-11.435	0.399
1710.000	10.000	-11.654	0.389
1720.000	10.000	-11.814	0.394
1730.000	10.000	-11.668	0.401
1740.000	10.000	-11.921	0.396
1750.000	10.000	-12.531	0.394
1760.000	10.000	-12.385	0.394
1770.000	10.000	-12.531	0.400
1780.000	10.000	-12.777	0.391
1790.000	10.000	-12.948	0.397
1800.000	10.000	-12.968	0.399
1810.000	10.000	-13.546	0.395
1820.000	10.000	-13.400	0.397
1830.000	10.000	-13.806	0.391
1840.000	10.000	-13.806	0.391
1850.000	10.000	-13.708	0.391
1860.000	10.000	-13.815	0.395
1870.000	10.000	-14.059	0.393
1880.000	10.000	-14.425	0.399
1890.000	10.000	-14.352	0.391
1900.000	10.000	-14.698	0.396
1910.000	10.000	-14.853	0.399
1920.000	10.000	-14.640	0.388
1930.000	10.000	-15.258	0.391
1940.000	10.000	-15.258	0.397
1950.000	10.000	-15.112	0.397
1960.000	10.000	-15.770	0.394
1970.000	10.000	-15.746	0.405
1980.000	10.000	-15.599	0.395
1990.000	10.000	-15.965	0.395
2000.000	10.000	-16.185	0.395
2010.000	10.000	-15.979	0.400
2020.000	10.000	-16.533	0.401
2030.000	10.000	-16.574	0.402
2040.000	10.000	-16.434	0.396
2050.000	10.000	-16.841	0.402
2060.000	10.000	-16.955	0.393
2070.000	10.000	-17.028	0.388
2080.000	10.000	-17.321	0.395
2090.000	10.000	-17.248	0.394
2100.000	10.000	-17.148	0.394
2110.000	10.000	-18.014	0.393
2120.000	10.000	-17.745	0.395
2130.000	10.000	-17.579	0.399
2140.000	10.000	-18.052	0.394
2150.000	10.000	-18.085	0.391
2160.000	10.000	-18.112	0.407
2170.000	10.000	-18.144	0.397
2180.000	10.000	-18.364	0.394
2190.000	10.000	-18.417	0.396
2200.000	10.000	-18.883	0.389
2210.000	10.000	-18.810	0.395
2220.000	10.000	-18.956	0.389
2230.000	10.000	-19.123	0.399
2240.000	10.000	-19.155	0.390
2250.000	10.000	-19.115	0.389
2260.000	10.000	-19.463	0.396
2270.000	10.000	-19.650	0.397
2280.000	10.000	-19.797	0.394
2290.000	10.000	-19.817	0.395
2300.000	10.000	-19.744	0.397
2310.000	10.000	-19.550	0.394
2320.000	10.000	-19.998	0.400
2330.000	10.000	-20.291	0.390
2340.000	10.000	-20.438	0.394
2350.000	10.000	-20.770	0.394
2360.000	10.000	-20.469	0.390
2370.000	10.000	-20.556	0.396
2380.000	10.000	-20.466	0.396
2390.000	10.000	-20.833	0.393
2400.000	10.000	-20.833	0.397
2410.000	10.000	-21.099	0.400
2420.000	10.000	-20.944	0.386
2430.000	10.000	-20.884	0.390
2440.000	10.000	-21.356	0.399
2450.000	10.000	-21.356	0.395
2460.000	10.000	-21.649	0.394
2470.000	10.000	-21.709	0.390
2480.000	10.000	-22.019	0.396
2490.000	10.000	-22.032	0.395
2500.000	10.000	-22.431	0.396
2510.000	10.000	-22.284	0.389
2520.000	10.000	-22.577	0.366
2530.000	10.000	-22.564	0.400
2540.000	10.000	-22.458	0.393
2550.000	10.000	-22.192	0.401
2560.000	10.000	-22.688	0.391
2570.000	10.000	-22.761	0.391
2580.000	10.000	-22.761	0.395
2590.000	10.000	-22.968	0.396
2600.000	10.000	-22.935	0.397
2610.000	10.000	-23.228	0.393
2620.000	10.000	-23.228	0.386
2630.000	10.000	-23.448	0.396
2640.000	10.000	-23.494	0.394
2650.000	10.000	-24.005	0.391
2660.000	10.000	-23.801	0.394
2670.000	10.000	-23.948	0.394
2680.000	10.000	-24.168	0.395
2690.000	10.000	-24.241	0.395
2700.000	10.000	-24.241	0.391
2710.000	10.000	-24.241	0.399
2720.000	10.000	-24.387	0.401
2730.000	10.000	-24.314	0.413
2740.000	10.000	-24.618	0.390
2750.000	10.000	-24.666	0.397
2760.000	10.000	-24.593	0.396
2770.000	10.000	-24.740	0.399
2780.000	10.000	-24.740	0.396
2790.000	10.000	-25.059	0.394
2800.000	10.000	-25.173	0.394
2810.000	10.000	-25.686	0.397
2820.000	10.000	-25.539	0.401
2830.000	10.000	-25.979	0.391
2840.000	10.000	-25.775	0.391
2850.000	10.000	-25.749	0.401
2860.000	10.000	-26.270	0.395
2870.000	10.000	-26.343	0.404
2880.000	10.000	-26.782	0.391
2890.000	10.000	-26.609	0.393
2900.000	10.000	-26.788	0.401
2910.000	10.000	-26.462	0.397
2920.000	10.000	-26.975	0.389
2930.000	10.000	-27.341	0.391
2940.000	10.000	-27.487	0.395
2950.000	10.000	-27.807	0.394
2960.000	10.000	-27.433	0.399
2970.000	10.000	-27.532	0.395
2980.000	10.000	-27.785	0.395
2990.000	10.000	-28.078	0.396
3000.000	10.000	-28.224	0.394
3010.000	10.000	-28.404	0.390
3020.000	10.000	-28.257	0.395
3030.000	10.000	-28.317	0.397
3040.000	10.000	-28.618	0.397
3050.000	10.000	-28.692	0.395
3060.000	10.000	-29.131	0.393
3070.000	10.000	-29.471	0.397
3080.000	10.000	-29.218	0.396
3090.000	10.000	-29.292	0.395
3100.000	10.000	-29.511	0.393
3110.000	10.000	-29.951	0.389
3120.000	10.000	-30.097	0.399
3130.000	10.000	-30.111	0.399
3140.000	10.000	-30.396	0.390
3150.000	10.000	-30.396	0.390
3160.000	10.000	-30.542	0.405
3170.000	10.000	-30.762	0.395
3180.000	10.000	-30.762	0.395
3190.000	10.000	-31.201	0.391
3200.000	10.000	-31.274	0.429
3210.000	10.000	-31.274	0.429
3220.000	10.000	-31.714	0.401
3230.000	10.000	-31.860	0.401
3240.000	10.000	-32.007	0.394
3250.000	10.000	-32.300	0.333
3260.000	10.000	-32.300	0.399
3270.000	10.000	-32.400	0.397
3280.000	10.000	-32.807	0.394
3290.000	10.000	-33.026	0.394
3300.000	10.000	-33.173	0.393
3310.000	10.000	-33.612	0.396
3320.000	10.000	-33.466	0.401
3330.000	10.000	-33.572	0.391
3340.000	10.000	-33.947	0.393
3350.000	10.000	-34.386	0.400
3360.000	10.000	-34.359	0.404
3370.000	10.000	-34.707	0.386
3380.000	10.000	-35.106	0.395
3390.000	10.000	-35.053	0.399
3400.000	10.000	-35.191	0.391
3410.000	10.000	-35.411	0.408
3420.000	10.000	-35.517	0.393
3430.000	10.000	-36.501	0.395
3440.000	10.000	-36.347	0.396
3450.000	10.000	-36.147	0.404
3460.000	10.000	-37.020	0.397
3470.000	10.000	-36.938	0.393
3480.000	10.000	-36.932	0.396
3490.000	10.000	-37.538	0.397
3500.000	10.000	-37.693	0.394
3510.000	10.000	-37.686	0.393
3520.000	10.000	-38.508	0.384
3530.000	10.000	-38.150	0.393
3540.000	10.000	-38.356	0.397
3550.000	10.000	-39.125	0.397
3560.000	10.000	-38.792	0.400
3570.000	10.000	-38.858	0.395
3580.000	10.000	-39.524	0.396
3590.000	10.000	-39.410	0.310
3600.000	10.000	-39.603	0.393
3610.000	10.000	-40.513	0.389
3620.000	10.000	-40.464	0.445
3630.000	10.000	-40.171	0.394
3640.000	10.000	-40.934	0.401
3650.000	10.000	-40.877	0.395
3660.000	10.000	-41.070	0.394
3670.000	10.000	-41.817	0.406
3680.000	10.000	-41.597	0.396
3690.000	10.000	-41.704	0.394
3700.000	10.000	-42.577	0.395
3710.000	10.000	-42.259	0.413
3720.000	10.000	-42.219	0.397
3730.000	10.000	-43.196	0.397
3740.000	10.000	-42.740	0.404
3750.000	10.000	-42.694	0.393
3760.000	10.000	-43.648	0.396
3770.000	10.000	-43.567	0.393
3780.000	10.000	-43.520	0.395
3790.000	10.000	-44.341	0.393
3800.000	10.000	-43.934	0.390
3810.000	10.000	-43.675	0.395
3820.000	10.000	-44.496	0.400
3830.000	10.000	-44.325	0.386
3840.000	10.000	-44.485	0.391
3850.000	10.000	-45.321	0.399
3860.000	10.000	-45.052	0.396
3870.000	10.000	-44.919	0.399
3880.000	10.000	-45.836	0.400
3890.000	10.000	-45.494	0.399
3900.000	10.000	-45.428	0.395
3910.000	10.000	-46.493	0.405
3920.000	10.000	-46.298	0.394
3930.000	10.000	-46.092	0.393
3940.000	10.000	-47.039	0.397
3950.000	10.000	-46.689	0.395
3960.000	10.000	-46.469	0.395
3970.000	10.000	-47.334	0.383
3980.000	10.000	-47.050	0.395
3990.000	10.000	-46.837	0.399
4000.000	10.000	-47.717	0.399
4010.000	10.000	-47.277	0.394
4020.000	10.000	-47.051	0.384
4030.000	10.000	-47.917	0.399
4040.000	10.000	-47.469	0.396
4050.000	10.000	-47.316	0.391
4060.000	10.000	-48.211	0.389
4070.000	10.000	-47.845	0.396
4080.000	10.000	-47.745	0.395
4090.000	10.000	-48.544	0.422
4100.000	10.000	-48.316	0.399
4110.000	10.000	-48.156	0.394
4120.000	10.000	-48.985	0.404
4130.000	10.000	-48.619	0.397
4140.000	10.000	-48.452	0.380
4150.000	10.000	-49.200	0.391
4160.000	10.000	-48.890	0.393
4170.000	10.000	-49.110	0.395
4180.000	10.000	-49.283	0.399
4190.000	10.000	-48.990	0.397
4200.000	10.000	-48.870	0.391
4210.000	10.000	-49.795	0.400
4220.000	10.000	-49.413	0.400
4230.000	10.000	-49.632	0.395
4240.000	10.000	-49.872	0.390
4250.000	10.000	-49.644	0.391
4260.000	10.000	-49.325	0.394
4270.000	10.000	-49.797	0.393
4280.000	10.000	-50.090	0.399
4290.000	10.000	-50.236	0.393
4300.000	10.000	-50.283	0.396
4310.000	10.000	-49.884	0.395
4320.000	10.000	-49.704	0.395
4330.000	10.000	-50.339	0.393
4340.000	10.000	-50.778	0.351
4350.000	10.000	-50.925	0.391
4360.000	10.000	-51.318	0.397
4370.000	10.000	-50.846	0.400
4380.000	10.000	-50.513	0.391
4390.000	10.000	-51.229	0.399
4400.000	10.000	-51.595	0.394
4410.000	10.000	-51.668	0.397
4420.000	10.000	-52.068	0.399
4430.000	10.000	-51.580	0.390
4440.000	10.000	-51.500	0.399
4450.000	10.000	-52.069	0.396
4460.000	10.000	-52.069	0.413
4470.000	10.000	-52.362	0.396
4480.000	10.000	-52.988	0.406
4490.000	10.000	-52.492	0.391
4500.000	10.000	-52.212	0.386
4510.000	10.000	-53.270	0.395
4520.000	10.000	-53.490	0.391
4530.000	10.000	-53.563	0.384
4540.000	10.000	-53.716	0.399
4550.000	10.000	-53.513	0.396
4560.000	10.000	-53.519	0.390
4570.000	10.000	-54.431	0.401
4580.000	10.000	-54.577	0.396
4590.000	10.000	-54.651	0.394
4600.000	10.000	-55.077	0.395
4610.000	10.000	-54.605	0.388
4620.000	10.000	-54.518	0.395
4630.000	10.000	-55.584	0.399
4640.000	10.000	-55.731	0.397
4650.000	10.000	-55.731	0.388
4660.000	10.000	-56.383	0.391
4670.000	10.000	-55.765	0.399
4680.000	10.000	-55.791	0.404
4690.000	10.000	-56.540	0.391
4700.000	10.000	-57.053	0.397
4710.000	10.000	-56.979	0.419
4720.000	10.000	-57.798	0.397
4730.000	10.000	-57.099	0.382
4740.000	10.000	-57.538	0.394
4750.000	10.000	-57.831	0.396
4760.000	10.000	-58.197	0.400
4770.000	10.000	-57.958	0.399
4780.000	10.000	-58.794	0.393
4790.000	10.000	-58.704	0.391
4800.000	10.000	-58.997	0.388
4810.000	10.000	-59.070	0.402
4820.000	10.000	-59.143	0.389
4830.000	10.000	-59.503	0.396
4840.000	10.000	-59.837	0.394
4850.000	10.000	-60.203	0.397
4860.000	10.000	-60.203	0.394
4870.000	10.000	-61.102	0.396
4880.000	10.000	-60.532	0.391
4890.000	10.000	-60.525	0.394
4900.000	10.000	-61.217	0.397
4910.000	10.000	-61.510	0.396
4920.000	10.000	-61.583	0.407
4930.000	10.000	-62.029	0.393
4940.000	10.000	-61.696	0.396
4950.000	10.000	-61.536	0.391
4960.000	10.000	-62.456	0.395
4970.000	10.000	-62.309	0.396
4980.000	10.000	-62.442	0.394
4990.000	10.000	-63.515	0.395
5000.000	10.000	-62.823	0.395
5010.000	10.000	-63.116	0.396
5020.000	10.000	-63.263	0.390
5030.000	10.000	-63.336	0.390
5040.000	10.000	-63.529	0.397
5050.000	10.000	-64.210	0.393
5060.000	10.000	-63.656	0.399
5070.000	10.000	-64.242	0.394
5080.000	10.000	-64.402	0.399
5090.000	10.000	-63.849	0.396
5100.000	10.000	-64.215	0.395
5110.000	10.000	-64.215	0.394
5120.000	10.000	-64.361	0.388
5130.000	10.000	-63.975	0.397
5140.000	10.000	-64.848	0.395
5150.000	10.000	-64.840	0.400
5160.000	10.000	-64.840	0.393
5170.000	10.000	-64.620	0.390
5180.000	10.000	-64.913	0.395
5190.000	10.000	-64.987	0.396
5200.000	10.000	-65.133	0.394
5210.000	10.000	-65.060	0.418
5220.000	10.000	-64.800	0.396
5230.000	10.000	-65.902	0.406
5240.000	10.000	-65.349	0.406
5250.000	10.000	-65.496	0.396
5260.000	10.000	-65.422	0.395
5270.000	10.000	-65.496	0.390
5280.000	10.000	-65.309	0.400
5290.000	10.000	-66.033	0.395
5300.000	10.000	-66.033	0.389
5310.000	10.000	-66.180	0.389
5320.000	10.000	-66.440	0.407
5330.000	10.000	-65.943	0.394
5340.000	10.000	-65.757	0.397
5350.000	10.000	-66.432	0.386
5360.000	10.000	-66.652	0.363
5370.000	10.000	-67.091	0.399
5380.000	10.000	-67.205	0.404
5390.000	10.000	-66.700	0.395
5400.000	10.000	-66.287	0.394
5410.000	10.000	-67.239	0.395
5420.000	10.000	-67.605	0.400
5430.000	10.000	-67.679	0.400
5440.000	10.000	-68.451	0.386
5450.000	10.000	-67.629	0.391
5460.000	10.000	-68.069	0.396
5470.000	10.000	-67.776	0.395
5480.000	10.000	-68.508	0.396
5490.000	10.000	-68.095	0.395
5500.000	10.000	-69.338	0.395
5510.000	10.000	-68.825	0.399
5520.000	10.000	-68.732	0.401
5530.000	10.000	-69.074	0.401
5540.000	10.000	-69.221	0.391
5550.000	10.000	-69.214	0.393
5560.000	10.000	-69.832	0.313
5570.000	10.000	-70.052	0.405
5580.000	10.000	-69.872	0.389
5590.000	10.000	-70.952	0.393
5600.000	10.000	-70.708	0.399
5610.000	10.000	-70.489	0.412
5620.000	10.000	-71.672	0.389
5630.000	10.000	-71.477	0.395
5640.000	10.000	-71.843	0.393
5650.000	10.000	-72.143	0.393
5660.000	10.000	-71.817	0.407
5670.000	10.000	-71.857	0.405
5680.000	10.000	-72.664	0.393
5690.000	10.000	-72.656	0.394
5700.000	10.000	-72.729	0.412
5710.000	10.000	-73.754	0.395
5720.000	10.000	-72.957	0.386
5730.000	10.000	-73.063	0.393
5740.000	10.000	-73.657	0.395
5750.000	10.000	-74.023	0.423
5760.000	10.000	-74.536	0.401
5770.000	10.000	-74.862	0.391
5780.000	10.000	-74.602	0.388
5790.000	10.000	-74.396	0.396
5800.000	10.000	-75.218	0.371
5810.000	10.000	-75.291	0.396
5820.000	10.000	-75.437	0.390
5830.000	10.000	-75.917	0.396
5840.000	10.000	-75.542	0.393
5850.000	10.000	-75.409	0.408
5860.000	10.000	-75.873	0.401
5870.000	10.000	-76.166	0.407
5880.000	10.000	-76.459	0.397
5890.000	10.000	-76.958	0.399
5900.000	10.000	-76.210	0.399
5910.000	10.000	-75.777	0.391
5920.000	10.000	-77.160	0.396
5930.000	10.000	-77.160	0.399
5940.000	10.000	-77.014	0.401
5950.000	10.000	-77.733	0.394
5960.000	10.000	-76.976	0.391
5970.000	10.000	-76.623	0.390
5980.000	10.000	-77.486	0.410
5990.000	10.000	-77.486	0.397
6000.000	10.000	-77.779	0.400
6010.000	10.000	-78.358	0.393
6020.000	10.000	-77.341	0.400
6030.000	10.000	-77.561	0.399
6040.000	10.000	-77.634	0.008
6050.000	10.000	-77.561	0.003
6060.000	10.000	-77.208	-0.000
6070.000	10.000	-78.317	0.007
6080.000	10.000	-77.528	0.003
6090.000	10.000	-77.674	0.002
6100.000	10.000	-77.381	0.002
6110.000	10.000	-77.162	-0.003
6120.000	10.000	-76.995	0.006
6130.000	10.000	-77.362	0.004
6140.000	10.000	-77.215	-0.000
6150.000	10.000	-77.215	-0.000
6160.000	10.000	-77.568	0.001
6170.000	10.000	-76.958	0.004
6180.000	10.000	-76.245	0.007
6190.000	10.000	-76.912	0.001
6200.000	10.000	-76.693	0.006
6210.000	10.000	-76.713	0.006
6220.000	10.000	-76.420	-0.003
6230.000	10.000	-76.420	-0.000
6240.000	10.000	-76.200	0.006
6250.000	10.000	-76.200	0.006
6260.000	10.000	-76.200	0.002
6270.000	10.000	-76.200	0.002
6280.000	10.000	-76.912	0.001
6290.000	10.000	-75.879	-0.000
6300.000	10.000	-75.879	-0.000
6310.000	10.000	-76.245	0.006
6320.000	10.000	-76.099	-0.000
6330.000	10.000	-76.099	-0.000
6340.000	10.000	-76.099	0.003
6350.000	10.000	-76.392	0.004
6360.000	10.000	-76.392	0.004
6370.000	10.000	-76.172	0.003
6380.000	10.000	-76.245	0.003
6390.000	10.000	-76.245	0.003
6400.000	10.000	-76.245	0.001
6410.000	10.000	-76.172	0.002
6420.000	10.000	-76.172	0.002
6430.000	10.000	-76.172	-0.002
6440.000	10.000	-76.392	0.006
6450.000	10.000	-76.392	0.006
6460.000	10.000	-76.099	0.003
6470.000	10.000	-76.465	0.002
6480.000	10.000	-76.465	0.002
6490.000	10.000	-76.392	-0.002
6500.000	10.000	-76.465	0.004
6510.000	10.000	-76.165	-0.003
6520.000	10.000	-76.841	0.006
6530.000	10.000	-76.694	0.001
6540.000	10.000	-76.042	-0.000
6550.000	10.000	-77.116	0.004
6560.000	10.000	-76.969	0.002
6570.000	10.000	-76.676	0.004
6580.000	10.000	-76.969	0.001
6590.000	10.000	-76.896	0.001
6600.000	10.000	-76.330	0.006
6610.000	10.000	-77.240	0.004
6620.000	10.000	-76.565	-0.004
6630.000	10.000	-76.858	-0.002
6640.000	10.000	-76.998	0.004
6650.000	10.000	-75.997	0.003
6660.000	10.000	-76.056	-0.002
6670.000	10.000	-76.569	-0.009
6680.000	10.000	-76.203	-0.000
6690.000	10.000	-76.203	0.001
6700.000	10.000	-76.549	0.001
6710.000	10.000	-76.012	0.001
6720.000	10.000	-75.393	0.004
6730.000	10.000	-75.686	-0.002
6740.000	10.000	-75.832	0.004
6750.000	10.000	-75.759	0.006
6760.000	10.000	-75.992	0.001
6770.000	10.000	-75.186	-0.002
6780.000	10.000	-74.640	-0.002
6790.000	10.000	-75.153	0.007
6800.000	10.000	-75.080	0.008
6810.000	10.000	-74.860	0.004
6820.000	10.000	-75.186	0.003
6830.000	10.000	-74.674	-0.000
6840.000	10.000	-73.988	0.004
6850.000	10.000	-74.411	0.006
6860.000	10.000	-73.972	-0.022
6870.000	10.000	-74.664	0.002
6880.000	10.000	-74.664	0.002
6890.000	10.000	-73.858	0.002
6900.000	10.000	-73.452	-0.002
6910.000	10.000	-73.721	-0.002
6920.000	10.000	-73.648	-0.003
6930.000	10.000	-73.281	0.006
6940.000	10.000	-73.674	0.003
6950.000	10.000	-72.958	-0.004
6960.000	10.000	-72.565	-0.000
6970.000	10.000	-73.452	0.008
6980.000	10.000	-73.013	0.009
6990.000	10.000	-73.159	0.004
7000.000	10.000	-73.126	0.004
7010.000	10.000	-72.565	0.001
7020.000	10.000	-72.112	0.002
