%Time (s)	Theta (rad)	Omega (rad/s)
	%2/24/201410:34 AM
0.1000	0.0000	-0.0105
0.2000	0.0000	0.0733
0.3000	0.0126	0.0733
0.4000	0.0126	-0.0105
0.5000	0.0126	0.0000
0.6000	0.0126	0.0000
0.7000	0.0126	0.0000
0.8000	0.0126	0.0000
0.9000	0.0126	0.0000
1.0000	0.0126	0.0000
1.1000	0.0126	0.0000
1.2000	0.0126	0.0000
1.3000	0.0126	0.0000
1.4000	0.0126	0.0000
1.5000	0.0126	0.0000
1.6000	0.0126	0.0000
1.7000	0.0126	-0.0105
1.8000	0.0126	0.0628
1.9000	0.0251	0.1466
2.0000	0.0377	0.0628
2.1000	0.0377	-0.0105
2.2000	0.0377	0.0000
2.3000	0.0377	0.0000
2.4000	0.0377	0.0000
2.5000	0.0377	0.0000
2.6000	0.0377	0.0000
2.7000	0.0377	0.0000
2.8000	0.0377	0.0000
2.9000	0.0377	0.0000
3.0000	0.0377	0.0000
3.1000	0.0377	0.0000
3.2000	0.0377	-0.0105
3.3000	0.0377	0.0733
3.4000	0.0503	0.0733
3.5000	0.0503	-0.0105
3.6000	0.0503	0.0000
3.7000	0.0503	-0.0105
3.8000	0.0503	0.0733
3.9000	0.0628	0.0628
4.0000	0.0628	0.0628
4.1000	0.0754	0.0733
4.2000	0.0754	-0.0209
4.3000	0.0754	0.0733
4.4000	0.0880	0.0733
4.5000	0.0880	-0.0209
4.6000	0.0880	0.0733
4.7000	0.1005	0.0733
4.8000	0.1005	-0.0105
4.9000	0.1005	0.0000
5.0000	0.1005	0.0000
5.1000	0.1005	-0.0105
5.2000	0.1005	0.0733
5.3000	0.1131	0.0628
5.4000	0.1131	0.0628
5.5000	0.1257	0.0733
5.6000	0.1257	-0.0209
5.7000	0.1257	0.0733
5.8000	0.1382	0.0733
5.9000	0.1382	-0.0209
6.0000	0.1382	0.0628
6.1000	0.1508	0.1361
6.2000	0.1634	0.1257
6.3000	0.1759	0.1152
6.4000	0.1885	0.1885
6.5000	0.2136	0.2409
6.6000	0.2388	0.3665
6.7000	0.2890	0.5760
6.8000	0.3519	0.6912
6.9000	0.4273	0.8063
7.0000	0.5152	1.0053
7.1000	0.6283	1.2043
7.2000	0.7540	1.3195
7.3000	0.8922	1.4347
7.4000	1.0430	1.6336
7.5000	1.2189	1.8221
7.6000	1.4074	2.0106
7.7000	1.6211	2.1991
7.8000	1.8473	2.3876
7.9000	2.0986	2.5866
8.0000	2.3625	2.6913
8.1000	2.6389	2.8798
8.2000	2.9405	3.1521
8.3000	3.2673	3.3301
8.4000	3.6065	3.5291
8.5000	3.9710	3.6442
8.6000	4.3354	3.7490
8.7000	4.7250	4.0317
8.8000	5.1396	4.2202
8.9000	5.5669	4.3354
9.0000	6.0067	4.4506
9.1000	6.4591	4.6496
9.2000	6.9366	4.8590
9.3000	7.4267	4.8904
9.4000	7.9168	5.0056
9.5000	8.4320	5.2883
9.6000	8.9724	5.4664
9.7000	9.5253	5.6549
9.8000	10.1034	5.8538
9.9000	10.6940	5.9586
10.0000	11.2972	6.1470
10.1000	11.9255	6.4193
10.2000	12.5789	6.6183
10.3000	13.2450	6.6392
10.4000	13.9110	6.8487
10.5000	14.6147	7.0476
10.6000	15.3184	7.1733
10.7000	16.0473	7.4875
10.8000	16.7635	5.8748
10.9000	17.1908	3.1730
11.0000	17.4170	1.2357
11.1000	17.4673	0.2513
11.2000	17.4924	0.1047
11.3000	17.4924	-0.0209
11.4000	17.4924	0.0000
11.5000	17.4924	0.0000
11.6000	17.4924	0.0000
11.7000	17.4924	0.0000
11.8000	17.4924	-0.0105
11.9000	17.4924	0.0733
12.0000	17.5050	0.0524
12.1000	17.5050	0.1361
12.2000	17.5301	0.1361
12.3000	17.5301	0.0524
12.4000	17.5427	0.0628
12.5000	17.5427	0.0628
12.6000	17.5552	0.0628
12.7000	17.5552	0.0628
12.8000	17.5678	0.0733
12.9000	17.5678	-0.0105
13.0000	17.5678	-0.0000
13.1000	17.5678	-0.0000
13.2000	17.5678	-0.0000
13.3000	17.5678	-0.0000
13.4000	17.5678	-0.0000
13.5000	17.5678	-0.0000
13.6000	17.5678	-0.0000
13.7000	17.5678	-0.0000
13.8000	17.5678	-0.0000
13.9000	17.5678	-0.0000
14.0000	17.5678	-0.0000
14.1000	17.5678	-0.0000
14.2000	17.5678	-0.0000
14.3000	17.5678	-0.0000
14.4000	17.5678	-0.0000
14.5000	17.5678	-0.0105
14.6000	17.5678	0.0733
14.7000	17.5804	0.0733
14.8000	17.5804	-0.0105
14.9000	17.5804	-0.0000
15.0000	17.5804	-0.0000
15.1000	17.5804	-0.0000
15.2000	17.5804	-0.0000
15.3000	17.5804	-0.0000
15.4000	17.5804	-0.0000
