%Time (s)	Theta (rad)	Omega (rad/s)
	%2/24/201410:35 AM
0.1000	0.0000	-0.0105
0.2000	0.0000	0.0733
0.3000	0.0126	0.0733
0.4000	0.0126	-0.0105
0.5000	0.0126	0.0000
0.6000	0.0126	-0.0105
0.7000	0.0126	0.0733
0.8000	0.0251	0.0628
0.9000	0.0251	0.0628
1.0000	0.0377	0.0733
1.1000	0.0377	-0.0105
1.2000	0.0377	0.0000
1.3000	0.0377	0.0000
1.4000	0.0377	-0.0105
1.5000	0.0377	0.0733
1.6000	0.0503	0.0733
1.7000	0.0503	-0.0209
1.8000	0.0503	0.0733
1.9000	0.0628	0.0733
2.0000	0.0628	-0.0105
2.1000	0.0628	0.0000
2.2000	0.0628	-0.0105
2.3000	0.0628	0.0733
2.4000	0.0754	0.0733
2.5000	0.0754	-0.0105
2.6000	0.0754	0.0000
2.7000	0.0754	0.0000
2.8000	0.0754	0.0000
2.9000	0.0754	0.0000
3.0000	0.0754	0.0000
3.1000	0.0754	0.0000
3.2000	0.0754	0.0000
3.3000	0.0754	0.0000
3.4000	0.0754	0.0000
3.5000	0.0754	0.0000
3.6000	0.0754	0.0000
3.7000	0.0754	0.0000
3.8000	0.0754	-0.0105
3.9000	0.0754	0.0733
4.0000	0.0880	0.0628
4.1000	0.0880	0.0628
4.2000	0.1005	0.0733
4.3000	0.1005	-0.0209
4.4000	0.1005	0.0733
4.5000	0.1131	0.0733
4.6000	0.1131	-0.0105
4.7000	0.1131	0.0000
4.8000	0.1131	0.0000
4.9000	0.1131	-0.0105
5.0000	0.1131	0.0628
5.1000	0.1257	0.1466
5.2000	0.1382	0.0628
5.3000	0.1382	-0.0209
5.4000	0.1382	0.0733
5.5000	0.1508	0.0733
5.6000	0.1508	-0.0105
5.7000	0.1508	0.0000
5.8000	0.1508	0.0000
5.9000	0.1508	0.0000
6.0000	0.1508	0.0000
6.1000	0.1508	-0.0105
6.2000	0.1508	0.0524
6.3000	0.1634	0.1885
6.4000	0.1885	0.3142
6.5000	0.2262	0.4503
6.6000	0.2765	0.4922
6.7000	0.3267	0.6178
6.8000	0.4021	0.8273
6.9000	0.4901	0.9320
7.0000	0.5906	1.1310
7.1000	0.7163	1.3299
7.2000	0.8545	1.4451
7.3000	1.0053	1.5603
7.4000	1.1687	1.7593
7.5000	1.3572	1.9583
7.6000	1.5582	2.0630
7.7000	1.7719	2.2515
7.8000	2.0106	2.5237
7.9000	2.2745	2.7122
8.0000	2.5510	2.8065
8.1000	2.8400	3.0788
8.2000	3.1667	3.3510
8.3000	3.5060	3.4558
8.4000	3.8579	3.5709
8.5000	4.2223	3.7699
8.6000	4.6119	3.9689
8.7000	5.0140	4.0736
8.8000	5.4287	4.2726
8.9000	5.8685	4.4715
9.0000	6.3209	4.5867
9.1000	6.7858	4.7019
9.2000	7.2634	4.9114
9.3000	7.7660	5.0265
9.4000	8.2687	5.1313
9.5000	8.7965	5.4140
9.6000	9.3494	5.5920
9.7000	9.9149	5.7805
9.8000	10.5055	5.9690
9.9000	11.1087	6.1470
10.0000	11.7370	6.4193
10.1000	12.3904	6.6078
10.2000	13.0565	6.7230
10.3000	13.7350	6.8277
10.4000	14.4262	7.1105
10.5000	15.1550	7.3199
10.6000	15.8839	7.4246
10.7000	16.6127	6.6392
10.8000	17.1782	4.7333
10.9000	17.5427	2.2096
11.0000	17.6432	0.5027
11.1000	17.6809	0.1361
11.2000	17.6809	-0.0314
11.3000	17.6809	0.0000
11.4000	17.6809	0.0000
11.5000	17.6809	0.0000
11.6000	17.6809	-0.0105
11.7000	17.6809	0.0733
11.8000	17.6934	0.0733
11.9000	17.6934	-0.0209
12.0000	17.6934	0.0733
12.1000	17.7060	0.0733
12.2000	17.7060	-0.0105
12.3000	17.7060	0.0000
12.4000	17.7060	-0.0105
12.5000	17.7060	0.0733
12.6000	17.7186	0.0733
12.7000	17.7186	-0.0209
12.8000	17.7186	0.0733
12.9000	17.7311	0.0733
13.0000	17.7311	-0.0105
13.1000	17.7311	0.0000
13.2000	17.7311	0.0000
13.3000	17.7311	0.0000
13.4000	17.7311	0.0000
13.5000	17.7311	0.0000
13.6000	17.7311	0.0000
13.7000	17.7311	0.0000
13.8000	17.7311	0.0000
13.9000	17.7311	0.0000
14.0000	17.7311	0.0000
14.1000	17.7311	0.0000
14.2000	17.7311	0.0000
14.3000	17.7311	0.0000
14.4000	17.7311	0.0000
14.5000	17.7311	0.0000
14.6000	17.7311	0.0000
14.7000	17.7311	0.0000
14.8000	17.7311	0.0000
14.9000	17.7311	-0.0105
15.0000	17.7311	0.0733
15.1000	17.7437	0.0733
15.2000	17.7437	-0.0105
15.3000	17.7437	-0.0000
15.4000	17.7437	-0.0000
