%Time (s)	Theta (rad)	Omega (rad/s)
	%2/28/201812:14 PM
0.1000	0.0000	-0.0105
0.2000	0.0000	0.0524
0.3000	0.0126	0.1780
0.4000	0.0377	0.3770
0.5000	0.0880	0.5655
0.6000	0.1508	0.7435
0.7000	0.2388	1.0053
0.8000	0.3519	1.2462
0.9000	0.4901	1.5603
1.0000	0.6660	1.9373
1.1000	0.8796	2.3771
1.2000	1.1435	2.8484
1.3000	1.4577	3.6442
1.4000	1.8724	4.4192
1.5000	2.3373	5.0265
1.6000	2.8777	5.7386
1.7000	3.4683	5.8643
1.8000	4.0338	5.4140
1.9000	4.5490	4.9637
2.0000	5.0265	4.5029
2.1000	5.4538	4.1678
2.2000	5.8685	4.1260
2.3000	6.2832	4.1888
2.4000	6.7104	4.3563
2.5000	7.1628	4.7647
2.6000	7.6781	5.7072
2.7000	8.3064	6.6602
2.8000	9.0101	7.6969
2.9000	9.8269	8.1263
3.0000	10.6060	7.4979
3.1000	11.3223	6.8173
3.2000	11.9758	6.3146
3.3000	12.6041	6.4507
3.4000	13.2827	7.1209
3.5000	14.0366	8.0948
3.6000	14.8911	8.9326
3.7000	15.7582	7.6655
3.8000	16.3363	2.9950
