%Time (s)	Theta (rad)	Omega (rad/s)
	%3/2/20153:24 PM
0.1000	0.0000	-0.0105
0.2000	0.0000	0.0524
0.3000	0.0126	0.1676
0.4000	0.0377	0.4294
0.5000	0.1005	0.7645
0.6000	0.1885	1.0053
0.7000	0.3016	1.2462
0.8000	0.4398	1.5499
0.9000	0.6158	2.0106
1.0000	0.8419	2.4400
1.1000	1.1058	2.9322
1.2000	1.4326	3.5814
1.3000	1.8221	4.2097
1.4000	2.2745	4.8381
1.5000	2.7897	5.5187
1.6000	3.3678	5.8853
1.7000	3.9458	5.4873
1.8000	4.4611	5.0161
1.9000	4.9511	4.6496
2.0000	5.3910	4.2307
2.1000	5.8057	4.1050
2.2000	6.2204	4.2516
2.3000	6.6602	4.4925
2.4000	7.1251	4.9218
2.5000	7.6529	5.6444
2.6000	8.2561	6.4088
2.7000	8.9347	7.2257
2.8000	9.6887	7.6550
2.9000	10.4427	7.3304
3.0000	11.1338	6.2099
3.1000	11.6993	5.6653
3.2000	12.2899	5.9481
3.3000	12.8931	6.2204
3.4000	13.5465	6.8906
3.5000	14.2880	8.4090
3.6000	15.1802	8.2519
3.7000	15.8713	5.7282
3.8000	16.3111	2.8588
3.9000	16.4619	0.5341
4.0000	16.4745	0.2409
4.1000	16.5373	0.8063
4.2000	16.6253	0.8273
4.3000	16.7007	0.8168
4.4000	16.7887	0.8273
4.5000	16.8641	0.7645
