0.000000, 0.000000
0.044453, -0.010919
0.105472, -0.025844
0.166505, -0.040708
0.227553, -0.055511
0.288616, -0.070253
0.349694, -0.084934
0.410786, -0.099554
0.471893, -0.114112
0.533014, -0.128610
0.594150, -0.143046
0.655300, -0.157421
0.716465, -0.171736
0.777644, -0.185989
0.838837, -0.200180
0.900044, -0.214311
0.961265, -0.228380
1.022501, -0.242388
1.083750, -0.256335
1.145013, -0.270221
1.206291, -0.284045
1.267581, -0.297808
1.328886, -0.311510
1.390204, -0.325150
1.451536, -0.338730
1.512882, -0.352247
1.574241, -0.365704
1.635613, -0.379099
1.696999, -0.392433
1.758398, -0.405705
1.819810, -0.418916
1.881236, -0.432065
1.942675, -0.445153
2.004126, -0.458180
2.065591, -0.471145
2.127068, -0.484049
2.188559, -0.496891
2.250062, -0.509672
2.311578, -0.522391
2.373107, -0.535048
2.434648, -0.547645
2.496202, -0.560179
2.557769, -0.572652
2.619348, -0.585064
2.680939, -0.597413
2.742542, -0.609702
2.804158, -0.621928
2.865786, -0.634093
2.927426, -0.646197
2.989079, -0.658239
3.050743, -0.670219
3.112419, -0.682137
3.174107, -0.693994
3.235807, -0.705789
3.297519, -0.717522
3.359242, -0.729194
3.420977, -0.740804
3.482724, -0.752352
3.544482, -0.763838
3.606251, -0.775263
3.668032, -0.786626
3.729824, -0.797927
3.791628, -0.809166
3.853443, -0.820344
3.915269, -0.831459
3.977106, -0.842513
4.038954, -0.853505
4.100813, -0.864435
4.162683, -0.875303
4.224563, -0.886110
4.286455, -0.896854
4.348357, -0.907537
4.410270, -0.918158
4.472193, -0.928716
4.534127, -0.939213
4.596072, -0.949648
4.658026, -0.960021
4.719992, -0.970332
4.781967, -0.980581
4.843953, -0.990768
4.905949, -1.000893
4.967955, -1.010956
5.029971, -1.020957
5.091996, -1.030896
5.154032, -1.040773
5.216078, -1.050588
5.278133, -1.060341
5.340199, -1.070032
5.402273, -1.079661
5.464358, -1.089227
5.526452, -1.098732
5.588555, -1.108174
5.650668, -1.117555
5.712790, -1.126873
5.774922, -1.136129
5.837063, -1.145323
5.899213, -1.154455
5.961372, -1.163525
6.023540, -1.172532
6.085717, -1.181478
6.147903, -1.190361
6.210097, -1.199182
6.272301, -1.207941
6.334513, -1.216637
6.396734, -1.225272
6.458964, -1.233844
6.521202, -1.242354
6.583448, -1.250801
6.645703, -1.259187
6.707967, -1.267510
6.770238, -1.275771
6.832518, -1.283970
6.894806, -1.292106
6.957102, -1.300180
7.019407, -1.308192
7.081719, -1.316141
7.144039, -1.324028
7.206367, -1.331853
7.268703, -1.339615
7.331046, -1.347316
7.393397, -1.354953
7.455756, -1.362529
7.518122, -1.370042
7.580496, -1.377493
7.642877, -1.384881
7.705266, -1.392207
7.767662, -1.399470
7.830065, -1.406671
7.892475, -1.413810
7.954892, -1.420887
8.017317, -1.427900
8.079748, -1.434852
8.142186, -1.441741
8.204632, -1.448568
8.267083, -1.455332
8.329542, -1.462033
8.392008, -1.468673
8.454479, -1.475249
8.516958, -1.481764
8.579443, -1.488215
8.641934, -1.494605
8.704432, -1.500932
8.766936, -1.507196
8.829447, -1.513398
8.891963, -1.519537
8.954486, -1.525614
9.017014, -1.531628
9.079549, -1.537580
9.142089, -1.543469
9.204636, -1.549296
9.267188, -1.555060
9.329746, -1.560761
9.392309, -1.566400
9.454879, -1.571977
9.517453, -1.577490
9.580034, -1.582942
9.642619, -1.588330
9.705210, -1.593656
9.767807, -1.598920
9.830408, -1.604121
9.893015, -1.609259
9.955627, -1.614335
10.018243, -1.619348
10.080865, -1.624298
10.143492, -1.629186
10.206124, -1.634011
10.268760, -1.638774
10.331401, -1.643474
10.394047, -1.648111
10.456697, -1.652686
10.519352, -1.657198
10.582012, -1.661647
10.644676, -1.666034
10.707344, -1.670358
10.770016, -1.674619
10.832693, -1.678818
10.895374, -1.682954
10.958059, -1.687027
11.020748, -1.691037
11.083441, -1.694985
11.146138, -1.698871
11.208839, -1.702693
11.271543, -1.706453
11.334251, -1.710150
11.396963, -1.713784
11.459679, -1.717356
11.522398, -1.720865
11.585121, -1.724311
11.647847, -1.727695
11.710576, -1.731016
11.773309, -1.734274
11.836045, -1.737469
11.898784, -1.740601
11.961526, -1.743671
12.024271, -1.746678
12.087019, -1.749623
12.149770, -1.752504
12.212524, -1.755323
12.275281, -1.758079
12.338040, -1.760773
12.400802, -1.763403
12.463567, -1.765971
12.526334, -1.768476
12.589104, -1.770918
12.651876, -1.773298
12.714651, -1.775615
12.777427, -1.777869
12.840206, -1.780060
12.902987, -1.782188
12.965771, -1.784254
13.028556, -1.786257
13.091343, -1.788197
13.154132, -1.790074
13.216923, -1.791888
13.279716, -1.793640
13.342511, -1.795329
13.405307, -1.796955
13.468104, -1.798518
13.530904, -1.800019
13.593704, -1.801457
13.656507, -1.802831
13.719310, -1.804144
13.782115, -1.805393
13.844921, -1.806579
13.907728, -1.807703
13.970536, -1.808764
14.033345, -1.809762
14.096156, -1.810697
14.158967, -1.811570
14.221779, -1.812379
14.284592, -1.813126
14.347405, -1.813810
14.410219, -1.814431
14.473034, -1.814990
14.535849, -1.815485
14.598665, -1.815918
14.661481, -1.816288
14.724297, -1.816595
14.787114, -1.816839
14.849931, -1.817021
14.912748, -1.817139
14.975565, -1.817195
15.038383, -1.817188
15.101200, -1.817118
15.164017, -1.816986
15.226834, -1.816790
15.289650, -1.816532
15.352467, -1.816211
15.415283, -1.815827
15.478098, -1.815381
15.540913, -1.814871
15.603728, -1.814299
15.666542, -1.813664
15.729355, -1.812966
15.792168, -1.812205
15.854980, -1.811381
15.917791, -1.810495
15.980601, -1.809546
16.043410, -1.808534
16.106218, -1.807459
16.169025, -1.806321
16.231830, -1.805121
16.294635, -1.803858
16.357438, -1.802532
16.420240, -1.801143
16.483040, -1.799691
16.545839, -1.798177
16.608637, -1.796599
16.671432, -1.794959
16.734227, -1.793257
16.797019, -1.791491
16.859810, -1.789663
16.922598, -1.787771
16.985385, -1.785817
17.048170, -1.783801
17.110953, -1.781721
17.173733, -1.779579
17.236512, -1.777374
17.299288, -1.775106
17.362062, -1.772775
17.424834, -1.770382
17.487603, -1.767925
17.550369, -1.765406
17.613133, -1.762825
17.675895, -1.760180
17.738654, -1.757473
17.801410, -1.754703
17.864163, -1.751870
17.926914, -1.748974
17.989661, -1.746016
18.052406, -1.742995
18.115147, -1.739911
18.177885, -1.736765
18.240621, -1.733556
18.303353, -1.730284
18.366081, -1.726949
18.428806, -1.723551
18.491528, -1.720091
18.554247, -1.716568
18.616961, -1.712983
18.679673, -1.709334
18.742380, -1.705623
18.805084, -1.701850
18.867784, -1.698013
18.930480, -1.694114
18.993172, -1.690152
19.055860, -1.686128
19.118544, -1.682041
19.181224, -1.677891
19.243900, -1.673678
19.306571, -1.669403
19.369239, -1.665065
19.431902, -1.660664
19.494560, -1.656201
19.557214, -1.651675
19.619863, -1.647087
19.682508, -1.642436
19.745148, -1.637722
19.807784, -1.632945
19.870414, -1.628106
19.933040, -1.623204
19.995660, -1.618240
20.058276, -1.613213
20.120887, -1.608124
20.183492, -1.602971
20.246093, -1.597757
20.308688, -1.592479
20.371278, -1.587139
20.433862, -1.581737
20.496441, -1.576271
20.559015, -1.570744
20.621583, -1.565153
20.684145, -1.559501
20.746702, -1.553785
20.809252, -1.548007
20.871798, -1.542167
20.934337, -1.536264
20.996870, -1.530298
21.059397, -1.524270
21.121919, -1.518179
21.184434, -1.512026
21.246943, -1.505810
21.309445, -1.499532
21.371942, -1.493191
21.434432, -1.486788
21.496915, -1.480323
21.559392, -1.473794
21.621863, -1.467204
21.684327, -1.460551
21.746784, -1.453835
21.809234, -1.447057
21.871678, -1.440217
21.934115, -1.433314
21.996545, -1.426348
22.058967, -1.419321
22.121383, -1.412231
22.183792, -1.405078
22.246193, -1.397863
22.308588, -1.390586
22.370974, -1.383246
22.433354, -1.375844
22.495726, -1.368379
22.558091, -1.360852
22.620448, -1.353263
22.682797, -1.345611
22.745139, -1.337897
22.807473, -1.330121
22.869799, -1.322282
22.932118, -1.314381
22.994428, -1.306418
23.056730, -1.298393
23.119025, -1.290305
23.181311, -1.282154
23.243589, -1.273942
23.305859, -1.265667
23.368120, -1.257330
23.430374, -1.248931
23.492618, -1.240470
23.554854, -1.231946
23.617082, -1.223360
23.679301, -1.214712
23.741511, -1.206001
23.803713, -1.197229
23.865906, -1.188394
23.928090, -1.179497
23.990265, -1.170538
24.052431, -1.161516
24.114588, -1.152433
24.176736, -1.143287
24.238874, -1.134079
24.301004, -1.124809
24.363124, -1.115477
24.425235, -1.106083
24.487336, -1.096627
24.549428, -1.087108
24.611510, -1.077528
24.673583, -1.067885
24.735646, -1.058181
24.797699, -1.048414
24.859743, -1.038585
24.921777, -1.028695
24.983800, -1.018742
25.045814, -1.008727
25.107818, -0.998650
25.169811, -0.988511
25.231795, -0.978311
25.293768, -0.968048
25.355731, -0.957723
25.417683, -0.947336
25.479625, -0.936888
25.541557, -0.926377
25.603478, -0.915805
25.665389, -0.905170
25.727289, -0.894474
25.789178, -0.883716
25.851056, -0.872896
25.912923, -0.862014
25.974780, -0.851070
26.036626, -0.840064
26.098460, -0.828996
26.160284, -0.817867
26.222096, -0.806676
26.283897, -0.795423
26.345687, -0.784108
26.407465, -0.772732
26.469232, -0.761293
26.530988, -0.749793
26.592732, -0.738231
26.654464, -0.726608
26.716185, -0.714922
26.777894, -0.703175
26.839591, -0.691366
26.901277, -0.679496
26.962950, -0.667564
27.024612, -0.655570
27.086261, -0.643515
27.147899, -0.631398
27.209524, -0.619219
27.271137, -0.606979
27.332738, -0.594677
27.394326, -0.582313
27.455903, -0.569888
27.517466, -0.557401
27.579017, -0.544853
27.640556, -0.532243
27.702082, -0.519572
27.763595, -0.506839
27.825095, -0.494045
27.886583, -0.481189
27.948058, -0.468272
28.009520, -0.455293
28.070968, -0.442253
28.132404, -0.429151
28.193827, -0.415988
28.255236, -0.402763
28.316632, -0.389477
28.378015, -0.376130
28.439384, -0.362721
28.500740, -0.349251
28.562083, -0.335720
28.623412, -0.322127
28.684727, -0.308473
28.746029, -0.294758
28.807317, -0.280981
28.868591, -0.267143
28.929851, -0.253244
28.991097, -0.239283
29.052329, -0.225262
29.113548, -0.211179
29.174752, -0.197034
29.235942, -0.182829
29.297117, -0.168563
29.358279, -0.154235
29.419426, -0.139846
29.480558, -0.125396
29.541677, -0.110885
29.602780, -0.096313
29.663869, -0.081679
29.724944, -0.066985
29.786003, -0.052229
29.847048, -0.037413
29.908078, -0.022535
29.969093, -0.007597
