mass_A
t	x	y
1.133333333E0	-1.263453210E-1	7.966179560E-1
1.166666667E0	-1.242038749E-1	7.944765098E-1
1.200000000E0	-1.242038749E-1	7.730620487E-1
1.233333333E0	-1.199209826E-1	7.366574646E-1
1.266666667E0	-1.177795365E-1	6.916870962E-1
1.300000000E0	-1.177795365E-1	6.381509432E-1
1.333333333E0	-1.177795365E-1	5.739075597E-1
1.366666667E0	-1.134966443E-1	4.968154994E-1
1.400000000E0	-1.113551981E-1	3.983089780E-1
1.433333333E0	-1.049308598E-1	3.062267949E-1
1.466666667E0	-1.092137520E-1	3.105096871E-1
1.500000000E0	-1.070723059E-1	1.991544890E-1
1.533333333E0	-1.049308598E-1	4.282892236E-2
1.566666667E0	-1.027894137E-1	1.499012283E-1
1.600000000E0	-1.070723059E-1	2.248518424E-1
1.633333333E0	-1.027894137E-1	3.062267949E-1
1.666666667E0	-1.049308598E-1	3.726116246E-1
1.700000000E0	-1.006479676E-1	4.154405469E-1
1.733333333E0	-1.006479676E-1	4.539865771E-1
1.766666667E0	-1.049308598E-1	4.861082688E-1
1.800000000E0	-1.049308598E-1	5.053812839E-1
1.833333333E0	-1.006479676E-1	5.075227300E-1
1.866666667E0	-1.049308598E-1	5.010983916E-1
1.900000000E0	-1.049308598E-1	4.861082688E-1
1.933333333E0	-1.049308598E-1	4.539865771E-1
1.966666667E0	-1.006479676E-1	4.325721159E-1
2.000000000E0	-1.006479676E-1	3.640458401E-1
2.033333333E0	-1.006479676E-1	2.933781182E-1
2.066666667E0	-1.027894137E-1	2.184275041E-1
2.100000000E0	-1.049308598E-1	1.327696593E-1
2.133333333E0	-9.850652144E-2	4.711181460E-2
2.166666667E0	-1.027894137E-1	4.711181460E-2
2.200000000E0	-1.049308598E-1	1.242038749E-1
2.233333333E0	-1.049308598E-1	1.755985817E-1
2.266666667E0	-1.092137520E-1	2.248518424E-1
2.300000000E0	-1.134966443E-1	2.633978725E-1
2.333333333E0	-1.134966443E-1	2.890952260E-1
2.366666667E0	-1.113551981E-1	3.083682410E-1
2.400000000E0	-1.177795365E-1	3.105096871E-1
2.433333333E0	-1.134966443E-1	3.062267949E-1
2.466666667E0	-1.134966443E-1	2.976610104E-1
2.500000000E0	-1.177795365E-1	2.441248575E-1
2.533333333E0	-1.220624287E-1	1.970130429E-1
2.566666667E0	-1.220624287E-1	1.541841205E-1
2.600000000E0	-1.284867671E-1	1.027894137E-1
2.633333333E0	-1.263453210E-1	1.713156895E-2
2.666666667E0	-1.306282132E-1	7.280916802E-2
2.700000000E0	-1.263453210E-1	1.220624287E-1
2.733333333E0	-1.306282132E-1	1.584670127E-1
2.766666667E0	-1.306282132E-1	1.863058123E-1
2.800000000E0	-1.306282132E-1	1.863058123E-1
2.833333333E0	-1.327696593E-1	2.055788273E-1
2.866666667E0	-1.327696593E-1	1.927301506E-1
2.900000000E0	-1.349111054E-1	1.648913511E-1
2.933333333E0	-1.349111054E-1	1.777400278E-1
2.966666667E0	-1.349111054E-1	1.477597822E-1
3.000000000E0	-1.370525516E-1	6.638482966E-2
3.033333333E0	-1.391939977E-1	1.927301506E-2
3.066666667E0	-1.370525516E-1	6.852627578E-2
3.100000000E0	-1.391939977E-1	1.092137520E-1
3.133333333E0	-1.370525516E-1	1.242038749E-1
3.166666667E0	-1.413354438E-1	1.413354438E-1
3.200000000E0	-1.391939977E-1	1.349111054E-1
3.233333333E0	-1.370525516E-1	1.242038749E-1
3.266666667E0	-1.349111054E-1	1.027894137E-1
3.300000000E0	-1.349111054E-1	7.066772190E-2
3.333333333E0	-1.391939977E-1	4.068747625E-2
3.366666667E0	-1.370525516E-1	4.711181460E-2
3.400000000E0	-1.327696593E-1	7.923350637E-2
3.433333333E0	-1.327696593E-1	7.280916802E-2
3.466666667E0	-1.370525516E-1	8.565784473E-2
3.500000000E0	-1.370525516E-1	9.208218308E-2
3.533333333E0	-1.349111054E-1	8.137495249E-2
3.566666667E0	-1.327696593E-1	5.353615295E-2
3.600000000E0	-1.349111054E-1	1.927301506E-2
3.633333333E0	-1.327696593E-1	4.282892236E-2
3.666666667E0	-1.370525516E-1	5.781904519E-2
3.700000000E0	-1.349111054E-1	7.280916802E-2
3.733333333E0	-1.327696593E-1	6.210193743E-2
3.766666667E0	-1.349111054E-1	4.925326072E-2
3.800000000E0	-1.349111054E-1	2.783879954E-2
3.833333333E0	-1.327696593E-1	2.141446118E-2
3.866666667E0	-1.327696593E-1	4.925326072E-2
3.900000000E0	-1.327696593E-1	4.282892236E-2
3.933333333E0	-1.327696593E-1	3.640458401E-2
3.966666667E0	-1.306282132E-1	3.212169177E-2
4.000000000E0	-1.284867671E-1	2.141446118E-2
4.033333333E0	-1.370525516E-1	3.854603013E-2
4.066666667E0	-1.413354438E-1	2.998024565E-2
4.100000000E0	-1.391939977E-1	3.640458401E-2
4.133333333E0	-1.370525516E-1	2.355590730E-2
4.166666667E0	-1.456183360E-1	3.854603013E-2
