mass_A
t	x	y
1.333333333E-1	-8.371244541E-2	7.791696842E-1
1.666666667E-1	-8.371244541E-2	7.748767383E-1
2.000000000E-1	-8.585891837E-2	7.813161572E-1
2.333333333E-1	-8.800539133E-2	7.770232113E-1
2.666666667E-1	-8.585891837E-2	7.727302654E-1
3.000000000E-1	-9.015186429E-2	7.276543332E-1
3.333333333E-1	-8.156597245E-2	6.847248740E-1
3.666666667E-1	-8.585891837E-2	6.417954148E-1
4.000000000E-1	-8.156597245E-2	5.795476990E-1
4.333333333E-1	-8.371244541E-2	5.044211454E-1
4.666666667E-1	-8.371244541E-2	4.164157541E-1
5.000000000E-1	-8.156597245E-2	3.241174169E-1
5.333333333E-1	-8.371244541E-2	2.189402419E-1
5.666666667E-1	-8.371244541E-2	1.073236480E-1
6.000000000E-1	-8.156597245E-2	2.790414847E-2
6.333333333E-1	-8.156597245E-2	1.373742694E-1
6.666666667E-1	-8.156597245E-2	2.146472959E-1
7.000000000E-1	-7.727302654E-2	2.833344306E-1
7.333333333E-1	-8.156597245E-2	3.949510245E-1
7.666666667E-1	-7.727302654E-2	4.378804837E-1
8.000000000E-1	-7.727302654E-2	4.314410648E-1
8.333333333E-1	-7.512655358E-2	4.593452133E-1
8.666666667E-1	-7.298008062E-2	4.550522674E-1
9.000000000E-1	-7.512655358E-2	4.679311051E-1
9.333333333E-1	-7.941949949E-2	4.743705240E-1
9.666666667E-1	-7.727302654E-2	4.529057944E-1
1.000000000E0	-7.941949949E-2	4.314410648E-1
1.033333333E0	-7.298008062E-2	3.928045516E-1
1.066666667E0	-7.941949949E-2	3.327033087E-1
1.100000000E0	-7.512655358E-2	2.726020658E-1
1.133333333E0	-7.512655358E-2	2.103543500E-1
1.166666667E0	-7.298008062E-2	1.330813235E-1
1.200000000E0	-7.083360766E-2	4.078298623E-2
1.233333333E0	-6.868713470E-2	8.585891837E-2
1.266666667E0	-7.727302654E-2	1.502531072E-1
1.300000000E0	-7.298008062E-2	2.039149311E-1
1.333333333E0	-6.439418878E-2	2.468443903E-1
1.366666667E0	-6.654066174E-2	2.726020658E-1
1.400000000E0	-6.868713470E-2	3.026526873E-1
1.433333333E0	-7.083360766E-2	3.090921061E-1
1.466666667E0	-7.298008062E-2	3.005062143E-1
1.500000000E0	-6.654066174E-2	2.897738495E-1
1.533333333E0	-7.083360766E-2	2.640161740E-1
1.566666667E0	-6.868713470E-2	2.318190796E-1
1.600000000E0	-6.868713470E-2	1.953290393E-1
1.633333333E0	-6.868713470E-2	1.416672153E-1
1.666666667E0	-6.654066174E-2	8.156597245E-2
1.700000000E0	-6.868713470E-2	3.219709439E-2
1.733333333E0	-6.439418878E-2	3.219709439E-2
1.766666667E0	-6.654066174E-2	1.008842291E-1
1.800000000E0	-6.868713470E-2	1.438136883E-1
1.833333333E0	-6.439418878E-2	1.867431475E-1
1.866666667E0	-7.083360766E-2	1.931825663E-1
1.900000000E0	-6.224771582E-2	1.953290393E-1
1.933333333E0	-6.654066174E-2	1.867431475E-1
1.966666667E0	-6.224771582E-2	1.588389990E-1
2.000000000E0	-6.654066174E-2	1.352277964E-1
2.033333333E0	-6.010124286E-2	9.873775613E-2
2.066666667E0	-6.010124286E-2	4.722240510E-2
2.100000000E0	-6.224771582E-2	6.439418878E-2
2.133333333E0	-6.010124286E-2	9.873775613E-2
2.166666667E0	-6.224771582E-2	1.116165939E-1
2.200000000E0	-6.439418878E-2	1.287883776E-1
2.233333333E0	-6.439418878E-2	1.309348505E-1
2.266666667E0	-6.224771582E-2	1.116165939E-1
2.300000000E0	-6.439418878E-2	9.873775613E-2
2.333333333E0	-6.868713470E-2	6.439418878E-2
2.366666667E0	-6.654066174E-2	3.863651327E-2
2.400000000E0	-6.439418878E-2	4.936887806E-2
2.433333333E0	-6.868713470E-2	7.941949949E-2
2.466666667E0	-7.298008062E-2	9.444481021E-2
2.500000000E0	-6.868713470E-2	1.008842291E-1
2.533333333E0	-6.868713470E-2	8.800539133E-2
2.566666667E0	-6.654066174E-2	7.941949949E-2
2.600000000E0	-6.439418878E-2	5.151535102E-2
2.633333333E0	-6.010124286E-2	3.434356735E-2
2.666666667E0	-5.795476990E-2	3.005062143E-2
2.700000000E0	-6.654066174E-2	5.366182398E-2
2.733333333E0	-6.224771582E-2	5.795476990E-2
2.766666667E0	-6.224771582E-2	5.580829694E-2
2.800000000E0	-5.795476990E-2	4.078298623E-2
2.833333333E0	-6.010124286E-2	3.005062143E-2
2.866666667E0	-6.224771582E-2	4.292945919E-2
2.900000000E0	-6.010124286E-2	5.151535102E-2
2.933333333E0	-5.795476990E-2	3.649004031E-2
2.966666667E0	-6.010124286E-2	2.146472959E-2
3.000000000E0	-6.224771582E-2	4.507593215E-2
3.033333333E0	-6.868713470E-2	6.010124286E-2
3.066666667E0	-5.795476990E-2	3.005062143E-2
3.100000000E0	-5.795476990E-2	2.361120255E-2
3.133333333E0	-6.439418878E-2	3.434356735E-2
3.166666667E0	-6.439418878E-2	1.931825663E-2
3.200000000E0	-6.439418878E-2	2.146472959E-2
3.233333333E0	-6.010124286E-2	3.005062143E-2
3.266666667E0	-6.010124286E-2	1.287883776E-2
3.300000000E0	-6.010124286E-2	1.717178367E-2
3.333333333E0	-6.654066174E-2	1.502531072E-2
3.366666667E0	-6.010124286E-2	2.361120255E-2
3.400000000E0	-5.795476990E-2	1.931825663E-2
3.433333333E0	-5.795476990E-2	1.931825663E-2
