mass_A
t	x	y
1.366666667E0	-1.309352113E-1	7.705859155E-1
1.400000000E0	-1.244957746E-1	7.620000000E-1
1.433333333E0	-1.180563380E-1	7.383887324E-1
1.466666667E0	-1.180563380E-1	6.997521127E-1
1.500000000E0	-1.266422535E-1	6.503830986E-1
1.533333333E0	-1.180563380E-1	5.967211268E-1
1.566666667E0	-1.159098592E-1	5.344732394E-1
1.600000000E0	-1.180563380E-1	4.550535211E-1
1.633333333E0	-1.159098592E-1	3.606084507E-1
1.666666667E0	-1.159098592E-1	2.618704225E-1
1.700000000E0	-1.137633803E-1	1.459605634E-1
1.733333333E0	-1.094704225E-1	3.219718310E-2
1.766666667E0	-1.094704225E-1	1.073239437E-1
1.800000000E0	-1.116169014E-1	1.845971831E-1
1.833333333E0	-1.094704225E-1	2.726028169E-1
1.866666667E0	-1.137633803E-1	3.391436620E-1
1.900000000E0	-1.159098592E-1	4.035380282E-1
1.933333333E0	-1.202028169E-1	4.572000000E-1
1.966666667E0	-1.180563380E-1	4.851042254E-1
2.000000000E0	-1.223492958E-1	5.108619718E-1
2.033333333E0	-1.202028169E-1	5.280338028E-1
2.066666667E0	-1.244957746E-1	5.280338028E-1
2.100000000E0	-1.266422535E-1	5.194478873E-1
2.133333333E0	-1.244957746E-1	5.065690141E-1
2.166666667E0	-1.244957746E-1	4.765183099E-1
2.200000000E0	-1.287887324E-1	4.335887324E-1
2.233333333E0	-1.309352113E-1	3.863661972E-1
2.266666667E0	-1.309352113E-1	3.262647887E-1
2.300000000E0	-1.309352113E-1	2.554309859E-1
2.333333333E0	-1.330816901E-1	1.631323944E-1
2.366666667E0	-1.309352113E-1	9.444507042E-2
2.400000000E0	-1.330816901E-1	4.722253521E-2
2.433333333E0	-1.309352113E-1	1.330816901E-1
2.466666667E0	-1.244957746E-1	1.953295775E-1
2.500000000E0	-1.309352113E-1	2.468450704E-1
2.533333333E0	-1.223492958E-1	2.962140845E-1
2.566666667E0	-1.223492958E-1	3.241183099E-1
2.600000000E0	-1.244957746E-1	3.455830986E-1
2.633333333E0	-1.202028169E-1	3.649014085E-1
2.666666667E0	-1.223492958E-1	3.520225352E-1
2.700000000E0	-1.244957746E-1	3.498760563E-1
2.733333333E0	-1.223492958E-1	3.284112676E-1
2.766666667E0	-1.159098592E-1	2.940676056E-1
2.800000000E0	-1.159098592E-1	2.511380282E-1
2.833333333E0	-1.159098592E-1	1.910366197E-1
2.866666667E0	-1.116169014E-1	1.373746479E-1
2.900000000E0	-1.137633803E-1	7.083380282E-2
2.933333333E0	-1.094704225E-1	4.507605634E-2
2.966666667E0	-1.159098592E-1	1.223492958E-1
3.000000000E0	-1.159098592E-1	1.588394366E-1
3.033333333E0	-1.159098592E-1	1.953295775E-1
3.066666667E0	-1.180563380E-1	2.232338028E-1
3.100000000E0	-1.202028169E-1	2.425521127E-1
3.133333333E0	-1.159098592E-1	2.361126761E-1
3.166666667E0	-1.202028169E-1	2.382591549E-1
3.200000000E0	-1.202028169E-1	2.125014085E-1
3.233333333E0	-1.266422535E-1	2.017690141E-1
3.266666667E0	-1.244957746E-1	1.609859155E-1
3.300000000E0	-1.244957746E-1	1.159098592E-1
3.333333333E0	-1.309352113E-1	6.439436620E-2
3.366666667E0	-1.309352113E-1	5.580845070E-2
3.400000000E0	-1.287887324E-1	1.137633803E-1
3.433333333E0	-1.287887324E-1	1.416676056E-1
3.466666667E0	-1.287887324E-1	1.652788732E-1
3.500000000E0	-1.309352113E-1	1.738647887E-1
3.533333333E0	-1.330816901E-1	1.845971831E-1
3.566666667E0	-1.266422535E-1	1.717183099E-1
3.600000000E0	-1.266422535E-1	1.524000000E-1
3.633333333E0	-1.266422535E-1	1.223492958E-1
3.666666667E0	-1.287887324E-1	9.659154930E-2
3.700000000E0	-1.309352113E-1	5.580845070E-2
3.733333333E0	-1.287887324E-1	7.512676056E-2
3.766666667E0	-1.287887324E-1	1.008845070E-1
3.800000000E0	-1.309352113E-1	1.223492958E-1
3.833333333E0	-1.266422535E-1	1.352281690E-1
3.866666667E0	-1.266422535E-1	1.395211268E-1
3.900000000E0	-1.266422535E-1	1.244957746E-1
3.933333333E0	-1.287887324E-1	1.159098592E-1
3.966666667E0	-1.309352113E-1	9.229859155E-2
4.000000000E0	-1.202028169E-1	4.292957746E-2
4.033333333E0	-1.244957746E-1	6.654084507E-2
4.066666667E0	-1.266422535E-1	8.585915493E-2
4.100000000E0	-1.223492958E-1	1.030309859E-1
4.133333333E0	-1.266422535E-1	9.873802817E-2
4.166666667E0	-1.223492958E-1	9.229859155E-2
4.200000000E0	-1.202028169E-1	7.727323944E-2
4.233333333E0	-1.180563380E-1	4.078309859E-2
4.266666667E0	-1.159098592E-1	4.292957746E-2
4.300000000E0	-1.116169014E-1	9.229859155E-2
4.333333333E0	-1.202028169E-1	8.156619718E-2
4.366666667E0	-1.137633803E-1	5.795492958E-2
4.400000000E0	-1.137633803E-1	4.292957746E-2
4.433333333E0	-1.116169014E-1	3.649014085E-2
4.466666667E0	-1.137633803E-1	6.224788732E-2
4.500000000E0	-1.159098592E-1	8.800563380E-2
4.533333333E0	-1.094704225E-1	5.151549296E-2
4.566666667E0	-1.073239437E-1	3.649014085E-2
4.600000000E0	-1.051774648E-1	4.292957746E-2
4.633333333E0	-9.873802817E-2	4.292957746E-2
4.666666667E0	-9.873802817E-2	3.219718310E-2
