mass_A
t	x	y
1.633333333E0	-1.186128777E-1	7.742186014E-1
1.666666667E0	-1.164562799E-1	7.720620037E-1
1.700000000E0	-1.272392688E-1	7.699054059E-1
1.733333333E0	-1.207694754E-1	7.677488081E-1
1.766666667E0	-1.186128777E-1	7.634356126E-1
1.800000000E0	-1.164562799E-1	7.159904615E-1
1.833333333E0	-1.121430843E-1	6.707019082E-1
1.866666667E0	-1.099864866E-1	6.189435616E-1
1.900000000E0	-1.099864866E-1	5.456192372E-1
1.933333333E0	-1.142996821E-1	4.658251195E-1
1.966666667E0	-1.142996821E-1	3.795612085E-1
2.000000000E0	-1.078298888E-1	2.825143086E-1
2.033333333E0	-1.078298888E-1	1.703712243E-1
2.066666667E0	-1.035166932E-1	5.822813994E-2
2.100000000E0	-9.920349768E-2	8.195071547E-2
2.133333333E0	-1.035166932E-1	1.617448332E-1
2.166666667E0	-9.489030213E-2	2.393823531E-1
2.200000000E0	-9.920349768E-2	3.148632752E-1
2.233333333E0	-9.920349768E-2	3.795612085E-1
2.266666667E0	-9.920349768E-2	4.270063596E-1
2.300000000E0	-9.704689990E-2	4.766081084E-1
2.333333333E0	-9.704689990E-2	5.046438795E-1
2.366666667E0	-9.273370435E-2	5.197400639E-1
2.400000000E0	-9.489030213E-2	5.197400639E-1
2.433333333E0	-9.704689990E-2	5.111136728E-1
2.466666667E0	-8.842050880E-2	4.895476951E-1
2.500000000E0	-9.273370435E-2	4.658251195E-1
2.533333333E0	-8.842050880E-2	4.270063596E-1
2.566666667E0	-8.410731325E-2	3.709348174E-1
2.600000000E0	-8.626391102E-2	3.105500797E-1
2.633333333E0	-8.842050880E-2	2.307559620E-1
2.666666667E0	-8.195071547E-2	1.552750398E-1
2.700000000E0	-8.195071547E-2	7.116772659E-2
2.733333333E0	-7.332432437E-2	3.666216218E-2
2.766666667E0	-7.548092215E-2	1.250826710E-1
2.800000000E0	-7.979411770E-2	1.854674087E-1
2.833333333E0	-7.116772659E-2	2.285993642E-1
2.866666667E0	-7.548092215E-2	2.652615264E-1
2.900000000E0	-7.116772659E-2	2.976104930E-1
2.933333333E0	-7.116772659E-2	3.083934819E-1
2.966666667E0	-6.469793327E-2	3.105500797E-1
3.000000000E0	-6.685453104E-2	2.997670908E-1
3.033333333E0	-6.254133549E-2	2.803577108E-1
3.066666667E0	-6.469793327E-2	2.587917331E-1
3.100000000E0	-5.607154217E-2	2.135031798E-1
3.133333333E0	-5.822813994E-2	1.725278220E-1
3.166666667E0	-4.528855329E-2	1.078298888E-1
3.200000000E0	-5.822813994E-2	3.450556441E-2
3.233333333E0	-5.175834661E-2	4.960174884E-2
3.266666667E0	-5.822813994E-2	1.164562799E-1
3.300000000E0	-5.822813994E-2	1.509618443E-1
3.333333333E0	-5.822813994E-2	1.833108109E-1
3.366666667E0	-6.254133549E-2	2.048767887E-1
3.400000000E0	-6.469793327E-2	2.135031798E-1
3.433333333E0	-6.469793327E-2	2.113465820E-1
3.466666667E0	-6.254133549E-2	1.789976154E-1
3.500000000E0	-6.685453104E-2	1.617448332E-1
3.533333333E0	-6.469793327E-2	1.358656599E-1
3.566666667E0	-6.685453104E-2	7.548092215E-2
3.600000000E0	-6.685453104E-2	4.097535774E-2
3.633333333E0	-6.254133549E-2	4.960174884E-2
3.666666667E0	-6.901112882E-2	8.410731325E-2
3.700000000E0	-6.685453104E-2	1.121430843E-1
3.733333333E0	-7.116772659E-2	1.229260732E-1
3.766666667E0	-7.116772659E-2	1.207694754E-1
3.800000000E0	-6.901112882E-2	1.121430843E-1
3.833333333E0	-6.901112882E-2	9.920349768E-2
3.866666667E0	-7.116772659E-2	8.195071547E-2
3.900000000E0	-6.685453104E-2	4.528855329E-2
3.933333333E0	-7.116772659E-2	3.019236886E-2
3.966666667E0	-7.763751992E-2	4.528855329E-2
4.000000000E0	-7.116772659E-2	6.901112882E-2
4.033333333E0	-7.116772659E-2	9.057710657E-2
4.066666667E0	-6.901112882E-2	7.763751992E-2
4.100000000E0	-6.469793327E-2	5.391494439E-2
4.133333333E0	-6.038473772E-2	-4.313195551E-3
4.166666667E0	-7.116772659E-2	4.313195551E-2
4.200000000E0	-6.254133549E-2	2.372257553E-2
4.233333333E0	-6.254133549E-2	1.293958665E-2
4.266666667E0	-6.469793327E-2	3.234896663E-2
4.300000000E0	-5.607154217E-2	2.156597776E-3
4.333333333E0	-5.175834661E-2	-1.725278220E-2
