mass_A
t	x	y
2.000000000E-1	-1.030309859E-1	7.813183099E-1
2.333333333E-1	-1.073239437E-1	7.748788732E-1
2.666666667E-1	-1.116169014E-1	7.319492958E-1
3.000000000E-1	-1.116169014E-1	6.954591549E-1
3.333333333E-1	-1.116169014E-1	6.482366197E-1
3.666666667E-1	-1.094704225E-1	5.859887324E-1
4.000000000E-1	-1.030309859E-1	5.022760563E-1
4.333333333E-1	-1.073239437E-1	4.250028169E-1
4.666666667E-1	-1.116169014E-1	3.284112676E-1
5.000000000E-1	-1.051774648E-1	2.275267606E-1
5.333333333E-1	-1.030309859E-1	1.416676056E-1
5.666666667E-1	-9.873802817E-2	3.005070423E-2
6.000000000E-1	-1.030309859E-1	1.287887324E-1
6.333333333E-1	-1.008845070E-1	2.125014085E-1
6.666666667E-1	-1.030309859E-1	3.026535211E-1
7.000000000E-1	-1.030309859E-1	3.670478873E-1
7.333333333E-1	-1.051774648E-1	4.207098592E-1
7.666666667E-1	-1.030309859E-1	4.614929577E-1
8.000000000E-1	-1.051774648E-1	4.979830986E-1
8.333333333E-1	-1.116169014E-1	5.237408451E-1
8.666666667E-1	-1.051774648E-1	5.301802817E-1
9.000000000E-1	-1.094704225E-1	5.323267606E-1
9.333333333E-1	-1.116169014E-1	5.194478873E-1
9.666666667E-1	-1.159098592E-1	4.958366197E-1
1.000000000E0	-1.137633803E-1	4.614929577E-1
1.033333333E0	-1.094704225E-1	4.228563380E-1
1.066666667E0	-1.159098592E-1	3.649014085E-1
1.100000000E0	-1.137633803E-1	2.983605634E-1
1.133333333E0	-1.159098592E-1	2.232338028E-1
1.166666667E0	-1.094704225E-1	1.330816901E-1
1.200000000E0	-1.116169014E-1	3.434366197E-2
1.233333333E0	-1.116169014E-1	8.585915493E-2
1.266666667E0	-1.030309859E-1	1.588394366E-1
1.300000000E0	-1.094704225E-1	2.210873239E-1
1.333333333E0	-1.094704225E-1	2.704563380E-1
1.366666667E0	-1.051774648E-1	3.048000000E-1
1.400000000E0	-1.073239437E-1	3.391436620E-1
1.433333333E0	-1.030309859E-1	3.563154930E-1
1.466666667E0	-1.073239437E-1	3.563154930E-1
1.500000000E0	-1.051774648E-1	3.606084507E-1
1.533333333E0	-1.051774648E-1	3.498760563E-1
1.566666667E0	-1.008845070E-1	3.155323944E-1
1.600000000E0	-1.008845070E-1	2.833352113E-1
1.633333333E0	-1.008845070E-1	2.361126761E-1
1.666666667E0	-9.659154930E-2	1.760112676E-1
1.700000000E0	-9.444507042E-2	1.137633803E-1
1.733333333E0	-9.444507042E-2	3.434366197E-2
1.766666667E0	-9.444507042E-2	9.229859155E-2
1.800000000E0	-9.444507042E-2	1.373746479E-1
1.833333333E0	-9.873802817E-2	1.845971831E-1
1.866666667E0	-9.444507042E-2	2.125014085E-1
1.900000000E0	-9.873802817E-2	2.339661972E-1
1.933333333E0	-9.444507042E-2	2.532845070E-1
1.966666667E0	-9.873802817E-2	2.382591549E-1
2.000000000E0	-9.444507042E-2	2.210873239E-1
2.033333333E0	-9.659154930E-2	2.125014085E-1
2.066666667E0	-9.659154930E-2	1.974760563E-1
2.100000000E0	-9.873802817E-2	1.566929577E-1
2.133333333E0	-9.659154930E-2	1.030309859E-1
2.166666667E0	-1.008845070E-1	3.863661972E-2
2.200000000E0	-9.873802817E-2	8.371267606E-2
2.233333333E0	-9.873802817E-2	1.223492958E-1
2.266666667E0	-9.659154930E-2	1.481070423E-1
2.300000000E0	-1.008845070E-1	1.760112676E-1
2.333333333E0	-1.030309859E-1	1.888901408E-1
2.366666667E0	-1.030309859E-1	1.717183099E-1
2.400000000E0	-1.030309859E-1	1.566929577E-1
2.433333333E0	-1.051774648E-1	1.481070423E-1
2.466666667E0	-1.051774648E-1	1.180563380E-1
2.500000000E0	-1.030309859E-1	7.727323944E-2
2.533333333E0	-1.008845070E-1	4.722253521E-2
2.566666667E0	-1.030309859E-1	8.800563380E-2
2.600000000E0	-1.008845070E-1	1.202028169E-1
2.633333333E0	-1.008845070E-1	1.395211268E-1
2.666666667E0	-1.051774648E-1	1.330816901E-1
2.700000000E0	-1.008845070E-1	1.266422535E-1
2.733333333E0	-9.659154930E-2	1.159098592E-1
2.766666667E0	-1.030309859E-1	9.229859155E-2
2.800000000E0	-9.659154930E-2	6.010140845E-2
2.833333333E0	-9.444507042E-2	5.151549296E-2
2.866666667E0	-9.444507042E-2	8.156619718E-2
2.900000000E0	-9.229859155E-2	1.008845070E-1
2.933333333E0	-9.659154930E-2	1.094704225E-1
2.966666667E0	-9.444507042E-2	9.229859155E-2
3.000000000E0	-9.444507042E-2	7.727323944E-2
3.033333333E0	-9.444507042E-2	5.795492958E-2
3.066666667E0	-9.229859155E-2	6.439436620E-2
3.100000000E0	-9.015211268E-2	5.580845070E-2
3.133333333E0	-9.444507042E-2	7.512676056E-2
3.166666667E0	-9.229859155E-2	6.654084507E-2
3.200000000E0	-8.800563380E-2	5.366197183E-2
3.233333333E0	-8.800563380E-2	4.936901408E-2
3.266666667E0	-8.800563380E-2	6.439436620E-2
3.300000000E0	-9.229859155E-2	6.439436620E-2
3.333333333E0	-8.800563380E-2	3.863661972E-2
3.366666667E0	-8.800563380E-2	3.005070423E-2
3.400000000E0	-9.659154930E-2	2.790422535E-2
3.433333333E0	-9.873802817E-2	4.292957746E-2
